1000
138 844
97 395
71 756
181 731
19 295
178 718
77 477
97 394
181 730
27 244
112 225
135 271
152 305
219 439
379 759
1 1000
196 790
196 789
196 791
196 921
415 831
415 945
167 335
167 353
133 267
133 376
7 799
7 798
7 800
7 833
90 181
90 318
81 330
81 329
81 331
81 390
246 493
246 802
42 679
42 678
42 680
42 741
212 425
212 669
146 293
146 385
145 291
145 424
255 511
255 961
277 555
277 956
60 645
60 644
60 646
60 653
149 909
149 908
149 910
149 932
163 658
163 657
163 659
163 904
353 707
353 719
102 205
102 407
133 267
133 430
135 271
135 506
180 361
180 566
141 570
141 569
141 571
141 777
3 207
3 206
3 208
3 237
47 749
47 748
47 750
47 780
134 819
134 818
134 820
134 967
193 387
193 431
414 829
414 928
276 553
276 636
236 473
236 643
234 469
234 628
405 811
405 825
280 561
280 784
184 742
184 741
184 743
184 855
28 568
28 567
28 569
28 621
49 202
49 201
49 203
49 251
278 557
278 733
119 482
119 481
119 483
119 501
327 655
327 838
110 675
110 674
110 676
110 895
149 602
149 601
149 603
149 680
96 193
96 209
65 846
65 845
65 847
65 994
43 87
43 124
18 78
18 77
18 79
18 96
43 178
43 177
43 179
43 183
205 411
205 747
161 650
161 649
161 651
161 907
10 516
10 515
10 517
10 536
83 513
83 512
83 514
83 587
152 305
152 326
191 770
191 769
191 771
191 924
128 257
128 275
226 453
226 540
27 469
27 468
27 470
27 489
85 346
85 345
85 347
85 495
276 553
276 964
11 155
11 154
11 156
11 195
52 105
52 212
204 409
204 502
239 479
239 591
134 269
134 400
52 565
52 564
52 566
52 663
119 729
119 728
119 730
119 879
174 349
174 473
371 743
371 815
153 618
153 617
153 619
153 869
451 903
451 921
209 842
209 841
209 843
209 906
172 345
172 670
70 588
70 587
70 589
70 668
20 845
20 844
20 846
20 902
50 545
50 544
50 546
50 631
54 585
54 584
54 586
54 652
90 366
90 365
90 367
90 465
190 381
190 723
33 850
33 849
33 851
33 880
295 591
295 658
58 492
58 491
58 493
58 607
309 619
309 693
448 897
448 950
157 634
157 633
157 635
157 741
172 694
172 693
172 695
172 898
375 751
375 794
146 293
146 371
330 661
330 686
221 443
221 848
49 777
49 776
49 778
49 898
94 382
94 381
94 383
94 492
159 642
159 641
159 643
159 710
220 441
220 461
57 234
57 233
57 235
57 282
269 539
269 674
433 867
433 1000
69 429
69 428
69 430
69 443
200 401
200 688
123 247
123 360
112 687
112 686
112 688
112 713
158 638
158 637
158 639
158 739
28 183
28 182
28 184
28 235
92 763
92 765
92 929
281 659
238 625
129 521
129 523
129 738
180 494
92 298
264 839
162 642
90 747
90 749
90 930
320 976
181 729
181 731
181 947
194 686
161 649
161 651
161 757
46 855
46 857
46 964
74 458
74 460
74 572
141 569
141 571
141 668
84 518
84 520
84 562
332 995
294 954
113 399
291 884
33 291
33 293
33 322
220 569
4 623
4 625
4 632
161 649
161 651
161 916
107 433
107 435
107 509
97 596
97 598
97 599
294 693
106 429
106 431
106 487
143 872
143 874
143 948
43 153
2 274
2 276
2 307
9 866
9 868
9 947
143 577
143 579
143 649
251 938
385 803
58 237
58 239
58 277
374 793
30 890
30 892
30 895
75 794
75 796
75 956
286 855
145 585
145 587
145 814
414 956
293 709
280 635
89 361
89 363
89 415
175 705
175 707
175 891
426 918
228 651
267 755
308 662
371 974
93 317
150 349
151 920
151 922
151 956
480 977
31 615
31 617
31 665
141 325
297 927
188 757
188 759
188 762
178 700
73 774
73 776
73 882
406 947
51 209
51 211
51 220
128 353
68 724
68 726
68 859
129 521
129 523
129 698
250 930
183 737
183 739
183 969
313 680
226 750
136 326
219 455
195 654
119 295
414 840
144 878
144 880
144 890
66 189
42 908
42 910
42 982
175 550
74 458
74 460
74 491
11 847
11 849
11 933
195 567
379 901
147 538
119 301
244 732
403 848
116 955
116 957
116 961
22 471
22 473
22 545
247 679
105 867
105 869
105 933
357 837
81 675
81 677
81 826
150 605
150 607
150 877
154 547
44 593
44 595
44 658
296 829
291 940
154 621
154 623
154 658
37 818
37 820
37 853
163 341
218 643
138 497
129 788
129 790
129 876
3 402
3 404
3 450
262 852
178 717
178 719
178 976
147 468
193 777
193 779
193 947
210 746
282 932
70 905
70 907
70 910
28 846
28 848
28 883
223 469
241 658
238 806
311 889
12 968
12 970
12 976
305 684
352 747
359 842
93 455
231 637
361 729
1 508
47 846
280 688
78 864
263 892
197 605
361 766
52 928
123 563
118 379
2 414
149 509
45 441
63 141
57 148
125 442
43 961
63 657
229 864
179 689
307 767
74 749
272 947
45 264
53 877
134 599
487 994
261 673
416 980
90 476
247 649
14 337
488 991
354 729
282 632
82 166
58 269
27 98
85 967
151 887
77 449
337 728
196 827
90 615
73 165
97 664
51 477
135 901
33 650
3 700
13 684
4 928
20 865
129 955
152 610
73 237
56 892
184 615
7 874
280 979
211 826
59 220
277 732
191 944
114 704
430 965
160 655
306 815
177 670
270 801
59 377
291 713
89 335
74 254
152 439
339 945
32 934
84 221
208 528
93 689
154 641
51 650
165 577
349 741
166 632
69 929
8 957
75 866
168 893
129 562
42 250
10 526
227 618
435 967
25 220
57 739
286 690
92 668
29 307
277 756
146 955
24 186
79 306
191 915
148 837
395 860
246 810
31 951
154 597
317 833
32 335
21 911
1 738
134 876
203 770
68 172
167 543
248 688
163 579
98 267
430 866
59 311
205 643
352 723
88 378
405 842
115 490
102 884
246 784
205 716
247 893
1 554
361 946
61 651
132 600
189 794
55 712
406 851
45 105
54 237
50 245
156 452
227 944
351 807
19 204
15 356
20 869
101 883
263 778
338 927
105 265
137 656
149 372
14 696
26 257
394 988
282 945
158 982
60 781
393 857
328 809
311 726
290 997
31 643
193 599
28 169
67 324
220 945
23 994
15 621
158 909
179 377
48 838
360 729
162 943
87 682
90 544
57 249
39 564
151 331
52 449
250 992
352 775
335 672
111 493
78 501
159 675
91 970
44 808
72 560
62 524
187 652
6 841
279 801
80 965
84 264
292 948
48 222
71 985
41 529
21 723
255 990
177 457
137 994
39 410
347 723
6 290
125 395
271 820
98 959
302 609
179 806
329 797
281 947
272 951
66 733
90 755
239 964
295 609
180 864
95 515
282 730
228 667
100 238
34 728
24 706
70 790
176 408
373 794
85 848
119 945
410 898
243 640
79 885
197 990
93 949
201 608
55 708
40 978
409 897
67 382
326 725
214 834
88 862
234 795
308 764
227 762
85 224
220 841
228 464
351 717
154 603
318 663
154 760
115 825
103 270
318 641
13 325
112 579
343 722
39 938
58 926
109 503
385 983
231 775
161 421
379 895
379 949
11 659
186 715
301 701
189 969
232 678
374 875
231 669
91 562
187 473
452 990
470 959
11 574
1 621
256 729
256 819
252 713
120 648
122 637
28 348
183 965
91 332
265 675
40 86
28 639
213 953
377 903
112 243
26 200
149 428
237 758
207 934
24 62
234 646
384 870
181 389
32 722
51 313
119 436
77 462
162 350
332 835
270 935
21 71
184 419
314 1000
44 280
211 488
315 875
103 504
124 552
11 271
296 952
158 708
120 930
371 959
159 447
344 990
97 737
61 576
324 762
116 616
65 287
152 471
37 352
341 819
182 485
26 685
365 855
128 934
285 663
145 522
25 976
278 840
249 687
147 407
164 861
37 244
277 986
101 376
342 705
145 997
300 799
182 732
32 497
323 756
280 778
187 417
245 948
358 941
300 945
157 491
85 245
346 705
298 985
66 463
376 758
96 404
14 874
287 856
156 750
241 692
214 742
287 752
124 327
151 544
75 998
475 995
183 781
110 873
100 673
180 812
116 812
112 704
166 720
445 988
266 898
215 443
444 897
61 655
51 715
192 578
18 641
262 592
76 791
274 852
90 759
225 623
5 152
188 850
366 950
393 909
124 286
24 494
311 856
333 981
317 956
123 386
249 775
177 915
40 656
81 997
70 339
41 159
195 876
231 721
241 797
8 885
277 988
106 440
90 382
200 635
51 205
366 840
61 671
39 902
68 824
23 418
69 671
285 800
191 981
18 68
238 532
92 502
206 738
102 389
176 956
63 271
267 823
117 890
46 848
84 681
12 371
283 719
214 717
134 654
64 847
99 823
241 598
290 949
3 224
176 391
101 726
272 561
80 540
148 382
41 234
288 596
2 416
15 103
123 325
193 483
