1
100 3 5 7
15 15 75 15 5 75 3
30 15 6 1 30 10 2
50 50 2 10 25 10 25
12 1 20 3 5 15 12
10 10 20 2 20 5 2
24 8 24 24 24 24 12
4 2 6 4 2 4 4
60 15 4 3 20 1 20
15 15 3 3 15 1 5
5 1 20 5 20 5 4
3 1 15 1 45 15 5
1 3 2 8 24 12 12
20 8 5 20 20 5 5
3 15 60 20 5 3 5
3 15 25 15 3 5 3
10 1 5 5 2 50 10
4 2 4 6 12 12 6
24 3 4 1 3 24 3
40 2 1 2 8 40 1
40 5 4 8 20 4 10
100 5 100 5 20 5 5
5 5 15 75 15 15 75
5 10 30 3 15 3 30
3 6 18 3 9 6 18
4 12 3 2 12 2 1
2 10 1 10 5 2 4
20 4 2 40 4 8 20
50 1 2 5 10 1 50
10 2 20 10 40 40 4
6 2 6 1 6 2 6
4 16 4 16 64 4 4
4 25 20 100 4 1 20
2 8 1 4 1 2 8
45 1 3 3 9 15 3
1 5 8 10 5 40 5
2 5 40 20 40 5 5
4 48 48 4 48 4 1
75 3 25 5 5 3 3
1 27 1 3 9 3 9
12 4 4 12 1 48 48
3 2 24 6 8 24 8
4 20 100 1 25 20 25
20 10 2 5 5 5 10
1 1 2 5 1 2 4
5 10 20 2 2 5 2
2 16 8 32 16 8 8
3 1 9 4 12 1 9
5 1 1 5 2 25 2
5 6 15 15 3 10 5
1 1 12 4 2 6 2
12 3 4 3 12 3 3
20 4 1 8 4 40 1
3 12 4 4 12 36 9
15 1 3 1 3 9 3
15 3 15 15 1 5 15
4 20 25 20 4 100 25
4 4 20 1 16 16 20
1 2 10 2 20 4 2
30 10 1 5 15 10 10
40 20 4 1 20 4 40
3 60 4 15 15 5 60
12 12 12 12 12 3 36
5 20 4 16 5 5 4
5 1 4 20 16 4 80
1 1 4 20 10 2 4
2 10 20 2 20 20 2
2 4 2 4 4 20 2
10 10 10 4 1 1 2
10 4 10 20 40 1 20
4 2 2 1 2 2 3
24 12 4 6 4 2 3
16 1 4 4 16 8 2
1 16 20 16 16 20 16
3 1 48 12 3 3 1
15 30 6 2 15 15 5
4 15 4 15 12 3 15
15 3 1 5 2 2 10
3 25 15 75 3 75 5
32 2 8 1 8 8 2
10 10 1 6 1 5 1
2 3 6 6 2 3 1
6 3 18 1 2 3 6
15 3 5 75 1 25 1
20 1 16 16 80 80 20
1 6 12 2 6 1 2
1 16 2 4 2 8 8
5 1 15 15 15 15 15
3 6 18 1 3 3 6
4 6 4 1 1 3 3
5 5 1 20 100 5 20
4 4 2 4 2 2 2
8 16 2 8 8 4 4
15 5 15 15 75 5 15
25 5 5 5 25 25 25
9 12 12 12 1 3 36
3 10 3 10 30 5 15
3 1 15 1 3 10 30
12 48 4 12 4 12 4
20 5 3 60 1 12 20
5 80 16 20 4 20 16
