20
2 5
0.600000 0.600000
1 20
1.000000
3 4
1.000000 0.900000 0.100000
3 10
0.967454 0.834757 0.184704
3 4
1.000000 1.000000 0.464142
2 60
0.882946 0.910700
3 42
0.000010 0.000009 0.000005
3 10
0.020085 0.893755 0.059371
3 17
0.016127 0.078823 0.461613
1 4
1.000000
3 100
0.172235 0.898251 0.932305
2 5
0.413916 0.832087
3 5
0.662973 0.365794 0.135892
2 4
0.000006 0.000004
2 7
0.107158 0.971472
2 3
0.999998 0.999999
3 10
0.829451 0.008167 0.961957
2 7
0.858474 0.024650
3 42
0.999999 0.999999 0.999998
1 3
0.000009
