100
6 6 2 3
1 7 5
100 1 5 3
1 50 7
0 1 255 3
103 29 54
1 0 1 3
99 184 244
1 0 0 3
1 3 2
1 0 0 3
13 12 13
255 0 0 2
100 200
255 0 0 3
111 220 125
255 0 0 3
0 169 255
255 255 255 3
255 0 255
2 2 254 3
255 0 255
255 255 0 1
13
255 65 49 3
12 93 7
255 0 0 2
117 50
47 6 6 2
26 10
139 0 0 2
49 10
121 34 26 2
18 196
33 2 1 2
15 13
26 47 32 2
4 41
196 7 7 3
98 64 84
255 173 101 3
98 35 10
198 4 3 2
54 103
255 120 64 3
17 103 230
169 155 127 3
143 35 73
155 58 30 2
114 41
136 6 3 3
14 83 80
112 2 1 3
22 18 95
64 127 67 3
104 45 73
154 28 27 3
21 28 76
141 97 81 2
128 108
242 52 103 2
51 115
255 80 65 3
183 163 146
24 10 5 2
6 18
39 6 3 3
44 32 10
14 19 14 3
20 30 44
246 76 64 2
182 149
139 101 128 2
195 68
115 0 0 3
20 95 56
255 1 2 2
31 45
195 2 2 3
26 45 58
255 41 61 2
57 168
12 2 3 3
12 4 7
171 51 45 2
96 84
195 15 9 2
25 64
136 0 0 3
57 36 30
180 199 107 3
75 127 53
102 1 3 3
4 62 38
121 26 23 2
70 52
92 13 8 3
50 17 15
155 1 1 3
0 62 75
65 60 95 3
180 65 108
255 2 1 2
58 190
218 37 21 3
112 218 138
109 17 9 3
31 17 77
255 152 109 2
195 151
50 0 0 2
2 16
255 86 58 3
6 44 119
29 75 44 3
11 15 58
255 23 29 2
54 83
48 12 19 2
18 14
57 20 15 3
27 27 5
50 9 6 2
53 32
119 51 28 3
58 89 2
255 65 115 2
111 132
124 23 22 2
138 220
249 136 95 2
43 88
37 35 44 3
41 53 30
49 91 46 2
169 83
158 7 9 3
198 164 181
77 0 0 2
4 20
40 0 0 3
3 2 10
255 34 21 3
116 118 49
98 117 85 3
24 70 64
99 17 21 2
8 33
163 70 38 2
105 84
255 0 0 3
76 176 131
250 66 60 2
189 28
254 7 10 3
128 14 0
107 2 3 2
22 37
19 28 23 2
36 17
255 2 4 3
105 157 63
255 15 9 3
7 93 86
90 79 51 3
213 182 239
255 4 6 3
186 201 122
60 37 29 3
15 31 10
23 0 1 2
13 0
73 73 58 3
46 76 51
62 3 5 3
125 72 123
156 60 54 3
20 125 192
255 18 23 2
148 23
155 28 32 3
46 4 43
27 18 14 2
25 7
255 4 2 3
147 181 91
162 19 15 3
122 118 12
59 63 33 2
113 15
47 8 5 2
153 73
67 56 45 2
77 99
195 13 17 3
49 89 56
191 124 182 2
4 51
91 54 28 3
56 21 16
