100
6 6 2 3
1 7 5
100 1 5 3
1 50 7
0 1 255 3
137 31 115
1 0 1 3
145 32 148
1 0 0 3
1 3 2
1 0 0 3
13 12 13
255 0 0 2
100 200
255 0 0 3
111 220 125
255 0 0 3
0 169 255
255 255 255 3
255 0 255
2 2 254 3
255 0 255
255 255 0 1
13
140 73 74 3
82 34 79
255 191 105 2
0 51
150 4 5 3
69 160 128
41 5 3 2
14 20
11 14 20 3
24 19 15
228 115 62 3
141 152 194
201 35 48 2
86 103
91 17 32 2
26 47
14 7 4 3
10 5 1
178 9 9 2
115 117
212 8 6 3
0 81 65
120 36 20 3
148 244 41
16 0 0 3
3 1 5
27 3 4 3
27 20 11
255 57 32 3
212 180 114
26 4 3 3
17 41 22
255 62 44 3
129 9 122
255 31 22 2
234 99
255 63 37 3
109 17 55
255 2 1 2
132 134
135 37 50 3
10 94 76
255 255 182 3
158 140 6
75 4 5 2
100 74
127 17 25 3
19 62 77
206 1 2 2
80 27
104 8 4 3
22 38 23
20 0 0 2
2 9
255 113 61 3
129 120 59
23 8 6 2
22 25
170 77 114 2
29 26
154 23 25 2
80 28
112 29 22 3
44 67 14
255 24 18 2
40 111
255 75 61 3
151 197 130
57 7 5 2
40 10
46 24 15 3
24 22 38
69 20 11 2
13 45
10 2 1 2
15 14
72 35 45 3
101 25 5
255 2 3 2
96 136
168 71 47 3
5 63 124
207 34 55 2
93 9
64 167 107 3
21 67 12
48 35 20 2
42 58
47 26 28 3
73 58 13
38 16 8 2
6 11
58 8 6 3
10 34 21
117 47 47 2
93 101
236 2 3 3
98 55 65
71 0 0 2
24 33
255 18 30 3
77 152 62
25 21 13 2
51 30
255 46 23 3
38 113 11
93 15 8 3
33 15 33
186 0 0 2
17 93
19 2 1 3
5 15 11
65 7 5 2
35 11
218 87 77 3
38 25 50
7 9 12 3
0 15 25
77 54 91 3
130 171 115
85 51 102 3
72 111 22
138 9 12 3
62 138 97
223 74 49 3
122 94 8
164 38 19 3
30 56 4
255 30 15 2
184 186
36 10 6 2
91 62
148 168 84 2
22 155
85 33 17 3
20 13 30
9 1 1 2
8 24
72 54 32 2
134 17
57 15 10 2
29 32
50 39 28 3
30 32 39
155 3 6 3
11 81 30
59 2 4 3
7 29 18
239 116 122 2
85 93
178 37 19 2
4 59
158 56 58 2
53 24
65 27 15 3
30 51 13
28 0 0 2
13 24
109 127 188 3
189 179 218
255 122 65 2
129 62
2 2 3 3
3 6 4
110 63 45 3
59 31 20
71 11 6 3
10 34 6
164 8 6 2
53 5
59 15 14 3
26 41 10
38 5 3 3
13 14 1
137 67 86 3
0 170 60
