100
6 6 2 3
1 7 5
100 1 5 3
1 50 7
0 1 255 3
128 132 128
1 0 1 3
111 71 55
1 0 0 3
1 3 2
1 0 0 3
13 12 13
255 0 0 2
100 200
255 0 0 3
111 220 125
255 0 0 3
0 169 255
255 255 255 3
255 0 255
2 2 254 3
255 0 255
255 255 0 1
13
255 52 59 3
161 80 52
65 13 7 3
53 45 58
31 17 10 3
24 36 35
23 9 5 3
48 1 3
255 8 9 2
63 73
81 215 145 2
30 169
77 1 2 3
5 35 21
12 3 2 2
1 17
69 38 31 2
26 38
171 13 16 2
184 2
54 191 111 3
67 89 40
31 11 9 3
13 23 41
111 2 2 2
10 78
69 22 14 3
72 54 46
184 7 6 2
68 26
98 3 3 3
9 24 41
140 104 81 2
11 14
107 26 27 2
6 69
15 2 1 3
6 9 9
18 2 2 2
10 8
42 30 16 3
64 22 27
84 28 15 2
63 43
254 78 49 2
5 98
57 7 6 3
136 99 57
92 29 16 3
149 37 110
210 4 2 3
136 85 139
41 5 6 2
4 64
64 4 4 2
124 16
8 2 1 2
2 8
77 60 32 2
19 32
255 144 106 3
144 130 14
255 70 89 2
208 136
206 39 32 2
90 67
61 18 9 2
72 59
85 67 60 2
80 55
157 40 25 3
34 45 48
255 140 106 2
233 79
250 175 105 3
143 29 0
255 21 18 2
24 98
156 118 67 2
22 81
52 37 40 2
30 32
24 15 9 2
13 14
30 16 9 3
10 18 17
255 69 57 2
125 50
32 8 4 3
71 70 15
124 30 24 2
71 15
66 24 39 3
10 28 15
152 142 85 2
145 119
74 11 16 3
24 52 77
255 48 32 3
7 107 113
59 74 52 3
76 68 74
165 13 26 3
47 0 13
198 17 9 2
70 89
255 69 43 3
125 95 85
78 16 18 3
37 35 15
255 70 67 3
139 43 198
141 28 20 2
22 105
239 4 4 3
70 51 73
189 164 99 2
163 75
144 3 7 2
72 62
255 88 60 3
68 149 64
100 0 0 2
44 115
143 156 87 2
94 3
17 10 9 2
5 2
255 23 28 3
52 138 139
161 40 79 3
150 85 134
21 4 3 2
8 5
30 5 10 2
10 8
131 1 1 3
88 67 77
19 1 1 3
11 12 8
194 0 0 3
59 42 223
71 1 3 2
137 66
174 71 54 3
142 91 99
23 6 9 3
14 5 10
89 28 25 2
4 78
189 11 20 2
56 128
197 21 27 2
87 26
51 6 6 2
19 29
255 57 43 2
186 126
111 30 31 3
185 152 199
37 33 17 3
5 1 6
66 15 29 2
48 80
232 12 10 3
168 30 132
204 67 128 3
95 16 145
255 127 85 2
66 111
10 2 1 2
3 14
193 41 28 2
20 110
177 12 14 3
71 30 39
