100
5 5 8 8
11 11 2 2
1 6 1 6
1 5 9 20
1 1 1 1
1000000 1000000 1000000 1000000
1000000 1000000 1 1
1 31 1 31
29 29 47 47
1 31 48 75
1 16 44 71
1 28 43 72
15 45 41 58
34 62 33 59
40 59 21 41
27 56 39 58
23 49 34 62
24 36 37 61
26 54 26 43
29 34 39 50
24 54 41 69
29 43 46 75
13 40 21 46
24 53 22 52
8 34 32 36
11 36 19 44
28 48 15 42
10 35 16 33
12 41 5 35
22 45 1 26
12 42 20 37
411 411 254 254
493 510 161 189
495 521 105 133
495 514 429 449
483 500 275 294
241 271 473 503
317 324 497 525
494 522 284 309
496 512 289 317
286 312 483 510
277 300 461 483
292 302 450 479
483 500 294 319
450 480 278 299
478 499 298 306
406 421 238 258
383 400 429 452
297 324 262 277
32 58 197 225
437 461 259 285
414 431 261 290
353 380 112 132
451 461 238 266
27060 27060 43784 43784
49992 50013 392 419
43473 43491 48584 48607
26822 26852 49547 49576
30365 30381 49858 49870
49872 49897 31017 31023
49914 49944 30877 30896
49941 49964 30863 30885
30836 30856 49908 49931
30776 30798 49795 49818
49754 49774 30751 30761
30573 30598 49494 49521
30551 30556 49419 49449
30487 30509 49325 49347
28423 28449 45970 45992
24462 24485 39594 39604
42524 42554 5706 5725
41429 41448 27197 27218
43489 43516 30538 30553
43707 43736 1115 1141
15458 15485 18600 18624
13088 13118 21558 21587
8623 8640 4768 4789
560597 560597 907065 907065
305629 305639 999988 1000000
499979 500006 561456 561468
549584 549612 849173 849185
952031 952055 589401 589420
965585 965602 597155 597180
613143 613166 992036 992054
617146 617173 998582 998598
997872 997889 616724 616736
999174 999202 617525 617552
617200 617226 998652 998676
616646 616668 997764 997787
994860 994888 614837 614866
613106 613129 992029 992055
549646 549671 889345 889372
606941 606967 982084 982109
950321 950348 754615 754631
546539 546556 733782 733805
567173 567203 522000 522025
926113 926137 137669 137695
341552 341571 90627 90651
398705 398725 42934 42960
16746 16766 975362 975392
