53 27
2 3 4 5 7 12 15 20 28 35 12700800.0
2 3 4 6 7 9 10 20 28 35 36 45 12700800.0
2 3 4 6 7 9 12 15 28 30 35 36 45 12700800.0
2 3 4 6 7 10 12 14 20 21 30 60 12700800.0
2 3 4 5 7 10 20 28 30 35 60 12700800.0
2 3 4 6 7 9 12 14 21 36 45 60 12700800.0
2 3 4 6 7 9 14 15 20 21 36 45 60 12700800.0
2 3 4 5 9 10 12 15 30 36 45 60 12700800.0
2 3 4 5 7 9 28 35 36 45 60 12700800.0
2 3 4 5 9 10 14 15 28 30 36 42 45 60 12700800.0
2 3 4 6 7 10 12 15 20 21 28 42 70 12700800.0
2 3 4 5 7 12 15 21 28 42 60 70 12700800.0
2 3 4 6 7 9 10 21 28 36 42 45 60 70 12700800.0
2 3 4 6 7 12 14 15 20 21 12 12700800.0
2 3 4 5 7 15 20 28 35 12 12700800.0
2 3 4 5 10 12 14 15 28 30 42 12 12700800.0
2 3 4 6 7 9 15 28 30 35 36 45 12 12700800.0
2 3 4 6 7 10 14 20 21 30 60 12 12700800.0
2 3 4 6 7 9 14 21 36 45 60 12 12700800.0
2 3 4 5 9 10 15 30 36 45 60 12 12700800.0
2 3 5 6 7 9 10 12 14 15 21 30 36 45 60 12 12700800.0
2 3 4 6 7 10 12 21 28 42 70 12 12700800.0
2 3 4 6 7 10 15 20 21 28 42 70 12 12700800.0
2 3 4 5 7 15 21 28 42 60 70 12 12700800.0
2 3 4 7 9 10 12 14 30 35 36 45 49 8 24 40 12700800.0
2 3 4 7 9 10 14 15 20 30 35 36 45 49 8 24 40 12700800.0
2 3 4 6 7 14 20 30 35 49 60 8 24 40 12700800.0
2 3 5 6 7 9 10 14 20 35 36 45 49 60 8 24 40 12700800.0
2 3 5 6 7 9 12 14 15 30 35 36 45 49 60 8 24 40 12700800.0
2 3 4 6 7 12 28 35 42 49 70 8 24 40 12700800.0
2 3 4 6 7 15 20 28 35 42 49 70 8 24 40 12700800.0
2 3 4 5 9 20 30 36 42 45 49 70 8 24 40 12700800.0
2 3 5 6 7 9 12 14 20 21 30 36 42 45 49 70 8 24 40 12700800.0
2 3 4 5 10 12 42 49 60 70 8 24 40 12700800.0
2 3 4 5 10 15 20 42 49 60 70 8 24 40 12700800.0
2 3 5 6 7 10 12 14 15 20 21 42 49 60 70 8 24 40 12700800.0
2 3 4 6 9 10 15 30 36 42 45 49 60 70 8 24 40 12700800.0
2 3 4 7 9 10 14 15 21 30 36 42 45 49 60 70 8 24 40 12700800.0
2 3 5 6 7 9 10 15 28 30 35 36 42 45 49 60 70 8 24 40 12700800.0
2 3 5 6 7 10 12 14 20 35 49 12 8 24 40 12700800.0
2 3 4 7 9 10 14 30 35 36 45 49 12 8 24 40 12700800.0
2 3 5 6 7 9 14 15 30 35 36 45 49 60 12 8 24 40 12700800.0
2 3 4 6 10 12 15 30 42 49 70 12 8 24 40 12700800.0
2 3 4 7 10 12 14 15 21 30 42 49 70 12 8 24 40 12700800.0
2 3 4 6 7 28 35 42 49 70 12 8 24 40 12700800.0
2 3 5 6 7 10 12 15 28 30 35 42 49 70 12 8 24 40 12700800.0
2 3 5 6 7 9 14 20 21 30 36 42 45 49 70 12 8 24 40 12700800.0
2 3 4 5 10 42 49 60 70 12 8 24 40 12700800.0
2 3 5 6 7 10 12 14 21 42 49 60 70 12 8 24 40 12700800.0
2 3 5 6 7 10 14 15 20 21 42 49 60 70 12 8 24 40 12700800.0
2 3 4 7 9 12 15 20 28 35 36 42 45 49 60 70 12 8 24 40 12700800.0
2 3 4 7 10 12 14 15 20 35 36 45 49 12 8 24 72 12700800.0
2 3 4 5 12 20 36 42 45 49 70 12 8 24 72 12700800.0
2 3 4 6 10 12 15 36 42 45 49 60 70 12 8 24 72 12700800.0
2 3 4 7 10 12 14 15 21 36 42 45 49 60 70 12 8 24 72 12700800.0
2 3 5 6 7 10 12 15 28 35 36 42 45 49 60 70 12 8 24 72 12700800.0
2 3 4 6 7 12 28 35 36 42 45 49 60 70 8 40 72 12700800.0
2 3 4 6 7 15 20 28 35 36 42 45 49 60 70 8 40 72 12700800.0
2 3 4 7 10 12 14 15 20 30 35 36 45 49 12 8 40 72 12700800.0
2 3 5 6 7 10 12 14 20 35 36 45 49 60 12 8 40 72 12700800.0
2 3 4 5 12 20 30 36 42 45 49 70 12 8 40 72 12700800.0
2 3 4 6 10 12 15 30 36 42 45 49 60 70 12 8 40 72 12700800.0
2 3 4 7 10 12 14 15 21 30 36 42 45 49 60 70 12 8 40 72 12700800.0
2 3 4 6 7 28 35 36 42 45 49 60 70 12 8 40 72 12700800.0
2 3 5 6 7 10 12 15 28 30 35 36 42 45 49 60 70 12 8 40 72 12700800.0
2 3 4 6 7 10 12 14 30 35 36 45 49 24 40 72 12700800.0
2 3 4 6 7 10 14 15 20 30 35 36 45 49 24 40 72 12700800.0
2 3 4 5 7 14 15 30 35 36 45 49 60 24 40 72 12700800.0
2 3 4 5 6 20 30 36 42 45 49 70 24 40 72 12700800.0
2 3 4 5 7 14 20 21 30 36 42 45 49 70 24 40 72 12700800.0
2 3 4 6 7 10 14 15 21 30 36 42 45 49 60 70 24 40 72 12700800.0
2 3 4 6 7 10 14 30 35 36 45 49 12 24 40 72 12700800.0
2 3 4 6 7 12 15 20 28 35 36 42 45 49 60 70 12 24 40 72 12700800.0
2 3 4 5 10 12 36 45 8 24 40 72 12700800.0
2 3 4 5 10 15 20 36 45 8 24 40 72 12700800.0
2 3 5 6 7 10 12 14 15 20 21 36 45 8 24 40 72 12700800.0
2 3 4 5 10 14 28 36 42 45 8 24 40 72 12700800.0
2 3 4 6 7 14 21 30 36 45 60 8 24 40 72 12700800.0
2 3 4 6 7 15 21 28 36 42 45 70 8 24 40 72 12700800.0
2 3 4 5 10 36 45 12 8 24 40 72 12700800.0
2 3 5 6 7 10 12 14 21 36 45 12 8 24 40 72 12700800.0
2 3 5 6 7 10 14 15 20 21 36 45 12 8 24 40 72 12700800.0
2 3 4 6 12 14 15 20 28 30 36 42 45 60 12 8 24 40 72 12700800.0
2 3 4 7 10 12 15 20 21 28 30 36 42 45 60 70 12 8 24 40 72 12700800.0
84
