30
3
3 4
4 10
6 10
9
3
3 4
4 10
7 10
9
2
6 6
10 3
13
2
6 6
10 3
14
1
10 25
25
99
107807 1000000
215520 107710
215522 107709
215524 107708
215526 107707
215528 107706
215530 107705
215532 107704
215534 107703
215536 107702
215538 107701
215540 107700
215542 107699
215544 107698
215546 107697
215548 107696
215550 107695
215552 107694
215554 107693
215556 107692
215558 107691
215560 107690
215562 107689
215564 107688
215566 107687
215568 107686
215570 107685
215572 107684
215574 107683
215576 107682
215578 107681
215580 107680
215582 107679
215584 107678
215586 107677
215588 107676
215590 107675
215592 107674
215594 107673
215596 107672
215598 107671
215600 107670
215602 107669
215604 107668
215606 107667
215608 107666
215610 107665
215612 107664
215614 107663
323274 107665
430940 107666
538512 107569
538514 107568
538516 107567
538518 107566
538520 107565
538522 107564
538524 107563
538526 107562
538528 107561
538530 107560
538532 107559
538534 107558
538536 107557
538538 107556
538540 107555
538542 107554
538544 107553
538546 107552
538548 107551
538550 107550
538552 107549
538554 107548
538556 107547
538558 107546
538560 107545
538562 107544
538564 107543
538566 107542
538568 107541
538570 107540
538572 107539
538574 107538
538576 107537
538578 107536
538580 107535
538582 107534
538584 107533
538586 107532
538588 107531
538590 107530
538592 107529
538594 107528
538596 107527
538598 107526
538600 107525
538602 107524
538604 107523
538606 107522
646128
23
10 15
11 10
12 79
13 24
14 70
15 75
16 22
17 79
18 18
19 85
20 74
30 10
40 10
41 77
42 64
43 52
44 56
45 31
46 95
47 65
48 47
49 33
50 46
60
7
10 10
15 5
20 9
25 5
30 10
35 5
40 10
49
99
856151 1000000
1712208 856054
1712210 856053
1712212 856052
1712214 856051
1712216 856050
1712218 856049
1712220 856048
1712222 856047
1712224 856046
1712226 856045
1712228 856044
1712230 856043
1712232 856042
1712234 856041
1712236 856040
1712238 856039
1712240 856038
1712242 856037
1712244 856036
1712246 856035
1712248 856034
1712250 856033
1712252 856032
1712254 856031
1712256 856030
1712258 856029
1712260 856028
1712262 856027
1712264 856026
1712266 856025
1712268 856024
1712270 856023
1712272 856022
1712274 856021
1712276 856020
1712278 856019
1712280 856018
1712282 856017
1712284 856016
1712286 856015
1712288 856014
1712290 856013
1712292 856012
1712294 856011
1712296 856010
1712298 856009
1712300 856008
1712302 856007
2568289 856027
3424316 856027
4280249 855930
4280251 855929
4280253 855928
4280255 855927
4280257 855926
4280259 855925
4280261 855924
4280263 855923
4280265 855922
4280267 855921
4280269 855920
4280271 855919
4280273 855918
4280275 855917
4280277 855916
4280279 855915
4280281 855914
4280283 855913
4280285 855912
4280287 855911
4280289 855910
4280291 855909
4280293 855908
4280295 855907
4280297 855906
4280299 855905
4280301 855904
4280303 855903
4280305 855902
4280307 855901
4280309 855900
4280311 855899
4280313 855898
4280315 855897
4280317 855896
4280319 855895
4280321 855894
4280323 855893
4280325 855892
4280327 855891
4280329 855890
4280331 855889
4280333 855888
4280335 855887
4280337 855886
4280339 855885
4280341 855884
4280343 855883
5136226
4
5 5
8 3
9 4
11 3
14
99
866842 1000000
887290 797744
908846 595169
918001 588598
918598 785479
936113 503453
936676 887515
955558 855646
982578 783555
1029122 895288
1054305 811562
1060941 603156
1088394 816958
1107558 638665
1138558 988905
1145123 683568
1151220 659622
1151528 617157
1167409 775079
1174909 691867
1239145 832474
1248305 758831
1257390 621383
1257964 854081
1302900 856084
1313793 586945
1375255 536583
1381234 538060
1382695 591408
1474791 725357
1478204 526898
1504473 811875
1509905 882835
1515173 737665
1521529 728540
1560690 689825
1560922 818475
1570037 573605
1585188 613280
1590775 987153
1604606 730223
1626310 640838
1627542 693039
1631011 642039
1653583 620692
1658237 571767
1673669 769506
1683915 969464
1694394 642034
1716193 960813
1733588 866743
1733590 866742
1733592 866741
1733594 866740
1733596 866739
1733598 866738
1733600 866737
1733602 866736
1733604 866735
1733606 866734
1733608 866733
1733610 866732
1733612 866731
1733614 866730
1733616 866729
1733618 866728
1733620 866727
1733622 866726
1733624 866725
1733626 866724
1733628 866723
1733630 866722
1733632 866721
1733634 866720
1733636 866719
1733638 866718
1733640 866717
1733642 866716
1733644 866715
1733646 866714
1733648 866713
1733650 866712
1733652 866711
1733654 866710
1733656 866709
1733658 866708
1733660 866707
1733662 866706
1733664 866705
1733666 866704
1733668 866703
1733670 866702
1733672 866701
1733674 866700
1733676 866699
1733678 866698
1733680 866697
1733682 866696
1733684 866695
2600379
99
723025 1000000
736664 694666
759677 934910
816413 752399
837793 935818
952886 753185
955491 889911
995337 749750
998706 540645
998989 858288
1020071 635346
1094705 987801
1101692 701671
1124591 717283
1145916 857755
1181192 683149
1193916 567769
1200911 565430
1202901 724345
1215773 982702
1226100 620255
1229822 970898
1268213 842368
1308515 739237
1434348 821521
2145625 711274
2145627 711273
2145629 711272
2145631 711271
2145633 711270
2145635 711269
2145637 711268
2145639 711267
2145641 711266
2145643 711265
2145645 711264
2145647 711263
2145649 711262
2145651 711261
2145653 711260
2145655 711259
2145657 711258
2145659 711257
2145661 711256
2145663 711255
2145665 711254
2145667 711253
2145669 711252
2145671 711251
2856917 711256
3568173 711256
3603829 934841
3619877 500613
3633610 950793
3644988 587386
3648160 637131
3705154 566666
3709474 679807
3729183 995138
3732659 967267
3756536 615659
3790344 730073
3833027 796039
3852330 860071
3853580 555994
3884613 826537
3927939 943397
3973141 681773
3992961 820563
4170670 955745
4178434 681277
4204473 767519
4212765 983216
4245078 966845
4273341 863469
4279383 711207
4279385 711206
4279387 711205
4279389 711204
4279391 711203
4279393 711202
4279395 711201
4279397 711200
4279399 711199
4279401 711198
4279403 711197
4279405 711196
4279407 711195
4279409 711194
4279411 711193
4279413 711192
4279415 711191
4279417 711190
4279419 711189
4279421 711188
4279423 711187
4279425 711186
4279427 711185
4279429 711184
4990613
95
745818 1000000
789951 861222
880336 855918
1262144 750476
1311141 717059
1326223 725539
1434777 772381
1452986 744197
1491624 745803
1491626 745802
1491628 745801
1491630 745800
1491632 745799
1491634 745798
1491636 745797
2237427 745803
2983230 745803
3133688 592155
3204587 940164
3246650 690456
3268275 736816
3454959 715937
3508908 741816
3661113 631733
3729021 745788
3729023 745787
3729025 745786
3729027 745785
3729029 745784
3729031 745783
3729033 745782
4474810 745787
5220597 745787
5243125 785600
5370066 501460
5698221 992680
5739892 856156
5761334 568532
5769480 750704
5839492 757358
5966372 745772
5966374 745771
5966376 745770
5966378 745769
5966380 745768
5966382 745767
5966384 745766
6712144 745772
7457916 745772
7606194 512967
7666661 925423
7671570 892330
7770174 721010
7816049 715667
8013086 674374
8014220 542838
8568244 555155
8568246 555154
8568248 555153
8568250 555152
8568252 555151
8568254 555150
8568256 555149
9123404 555150
9678554 555150
9724802 848389
9742772 635344
9748117 720265
9904829 755011
9946826 811715
9953988 803986
10101374 732244
10524182 422805
10524184 422804
10524186 422803
10524188 422802
10524190 422801
10524192 422800
10524194 422799
10946988 422804
11369792 422804
11550845 827262
11580141 926502
11587629 857120
11608478 692737
11628532 833701
11682768 931626
11759950 803919
11792584 422789
11792586 422788
11792588 422787
11792590 422786
11792592 422785
11792594 422784
11792596 422783
12215379
99
693259 1000000
1386514 693252
1386516 693251
1386518 693250
2079767 693251
2773018 693251
3466265 693244
3466267 693243
3466269 693242
4159511 693242
4852753 693242
5545991 693235
5545993 693234
5545995 693233
6239227 693234
6932461 693234
7625691 693227
7625693 693226
7625695 693225
8318918 693227
9012145 693227
9705368 693220
9705370 693219
9705372 693218
10398589 693219
11091808 693219
11785023 693212
11785025 693211
11785027 693210
12478237 693210
13171447 693210
13864653 693203
13864655 693202
13864657 693201
14557856 693203
15251059 693203
15944258 693196
15944260 693195
15944262 693194
16637454 693196
17330650 693196
18023842 693189
18023844 693188
18023846 693187
18717031 693189
19410220 693189
20103405 693182
20103407 693181
20103409 693180
20796587 693182
21489769 693182
22182947 693175
22182949 693174
22182951 693173
22876123 693174
23569297 693174
24262467 693167
24262469 693166
24262471 693165
24955636 693165
25648801 693165
26341962 693158
26341964 693157
26341966 693156
27035121 693157
27728278 693157
28421431 693150
28421433 693149
28421435 693148
29114581 693150
29807731 693150
30500877 693143
30500879 693142
30500881 693141
31194022 693141
31887163 693141
32580300 693134
32580302 693133
32580304 693132
33273435 693133
33966568 693133
34659697 693126
34659699 693125
34659701 693124
35352824 693125
36045949 693125
36739070 693118
36739072 693117
36739074 693116
37432188 693118
38125306 693118
38818420 693111
38818422 693110
38818424 693109
39511532 693110
40204642 693110
40897748 693103
40897750 693102
40897752 693101
41590853
1
200000000 300000000
400000000
2
10 10
11 10
20
99
10 57
12 46
13 27
14 57
15 35
16 18
18 25
19 74
20 72
30 10
40 10
43 95
44 51
45 89
46 36
47 43
48 11
49 70
50 97
60 10
70 10
72 84
73 87
74 76
75 43
77 69
78 57
79 68
80 27
90 10
100 10
101 88
102 94
103 52
104 48
105 32
108 65
109 63
110 47
120 10
130 10
131 79
133 86
134 59
135 63
136 36
138 78
139 35
140 94
150 10
160 10
161 17
162 38
163 23
165 81
166 32
168 79
169 27
170 84
180 10
190 10
191 53
193 12
194 55
195 63
196 25
198 44
199 78
200 69
210 10
220 10
222 67
223 69
224 79
225 32
227 19
228 24
229 13
230 45
240 10
250 10
251 84
252 72
253 35
254 29
256 24
257 30
258 27
259 93
268 9
277 9
278 72
279 21
280 86
281 16
283 57
284 25
285 61
286 32
295
99
603667 1000000
1207320 603650
1207322 603649
1207324 603648
1207326 603647
1207328 603646
1207330 603645
1207332 603644
1207334 603643
1810975 603645
2414620 603645
3018251 603628
3018253 603627
3018255 603626
3018257 603625
3018259 603624
3018261 603623
3018263 603622
3018265 603621
3621886 603621
4225507 603621
4829114 603604
4829116 603603
4829118 603602
4829120 603601
4829122 603600
4829124 603599
4829126 603598
4829128 603597
5432723 603599
6036322 603599
6639907 603582
6639909 603581
6639911 603580
6639913 603579
6639915 603578
6639917 603577
6639919 603576
6639921 603575
7243495 603576
7847071 603576
8450633 603559
8450635 603558
8450637 603557
8450639 603556
8450641 603555
8450643 603554
8450645 603553
8450647 603552
9054198 603553
9657751 603553
10261290 603536
10261292 603535
10261294 603534
10261296 603533
10261298 603532
10261300 603531
10261302 603530
10261304 603529
10864829 603533
11468362 603533
12071881 603516
12071883 603515
12071885 603514
12071887 603513
12071889 603512
12071891 603511
12071893 603510
12071895 603509
12675402 603511
13278913 603511
13882410 603494
13882412 603493
13882414 603492
13882416 603491
13882418 603490
13882420 603489
13882422 603488
13882424 603487
14485908 603490
15089398 603490
15692874 603473
15692876 603472
15692878 603471
15692880 603470
15692882 603469
15692884 603468
15692886 603467
15692888 603466
16296350 603470
16899820 603470
17503276 603453
17503278 603452
17503280 603451
17503282 603450
17503284 603449
17503286 603448
17503288 603447
17503290 603446
18106736
99
10 55
11 34
12 34
14 88
15 21
16 51
17 86
18 90
19 85
20 10
30 10
31 65
32 32
34 44
35 69
37 20
38 99
39 27
40 44
50 10
60 10
62 17
63 53
64 82
65 99
66 39
67 66
68 40
69 48
70 10
80 10
81 37
82 36
83 44
84 79
86 76
87 37
88 13
90 67
100 10
110 10
111 38
112 90
113 10
115 66
116 33
117 46
119 34
120 27
130 10
140 10
141 12
142 19
143 78
144 94
145 17
147 45
148 62
149 48
150 10
160 10
161 92
163 28
164 83
165 76
166 32
168 66
169 31
170 75
180 9
190 10
192 85
194 89
195 93
196 55
197 48
198 62
199 71
200 48
210 10
220 10
221 11
222 15
223 84
224 25
225 27
226 78
228 91
229 55
230 10
240 10
242 39
243 76
244 15
246 51
247 21
248 25
249 44
250 68
260
2
10 10
11 10
21
5
100 100
105 5
110 5
112 2
114 2
120
95
493538 1000000
558951 914466
627947 891941
638867 538173
642736 996243
713619 584996
715351 543436
722881 630175
772665 759308
837027 919541
852041 930448
856618 808175
869503 633468
913316 887654
924619 526651
932624 596524
1371682 439055
1371684 439054
1371686 439053
1371688 439052
1371690 439051
1371692 439050
1371694 439049
1371696 439048
1371698 439047
1371700 439046
1371702 439045
1371704 439044
1371706 439043
1371708 439042
1371710 439041
1810739 439053
2249792 439053
2273464 776996
2300262 558305
2313014 814938
2396300 835174
2421921 603593
2447298 637445
2486440 544607
2525515 619954
2555983 769658
2570040 866183
2593300 556559
2631004 528449
2633616 653201
2636537 505054
2664741 718837
3079662 414918
3079664 414917
3079666 414916
3079668 414915
3079670 414914
3079672 414913
3079674 414912
3079676 414911
3079678 414910
3079680 414909
3079682 414908
3079684 414907
3079686 414906
3079688 414905
3079690 414904
3494588 414909
3909498 414910
3939981 711203
3964545 592469
4004444 835240
4101523 940241
4123648 612538
4125439 914889
4143151 898463
4161394 600705
4177847 555786
4210268 869813
4235864 705605
4264341 847791
4295405 848480
4309297 787873
4311548 615114
4713570 402019
4713572 402018
4713574 402017
4713576 402016
4713578 402015
4713580 402014
4713582 402013
4713584 402012
4713586 402011
4713588 402010
4713590 402009
4713592 402008
4713594 402007
4713596 402006
4713598 402005
5115603
99
484487 1000000
968970 484480
968972 484479
968974 484478
1453451 484479
1937930 484479
2422405 484472
2422407 484471
2422409 484470
2906877 484472
3391349 484472
3875817 484465
3875819 484464
3875821 484463
4360284 484463
4844747 484463
5329206 484456
5329208 484455
5329210 484454
5813663 484455
6298118 484455
6782569 484448
6782571 484447
6782573 484446
7267019 484446
7751465 484446
8235907 484439
8235909 484438
8235911 484437
8720346 484439
9204785 484439
9689220 484432
9689222 484431
9689224 484430
10173654 484430
10658084 484430
11142510 484423
11142512 484422
11142514 484421
11626933 484423
12111356 484423
12595775 484416
12595777 484415
12595779 484414
13080193 484414
13564607 484414
14049017 484407
14049019 484406
14049021 484405
14533426 484405
15017831 484405
15502232 484398
15502234 484397
15502236 484396
15986631 484396
16471028 484397
16955421 484390
16955423 484389
16955425 484388
17439811 484390
17924201 484390
18408587 484383
18408589 484382
18408591 484381
18892970 484383
19377353 484383
19861732 484376
19861734 484375
19861736 484374
20346108 484376
20830484 484376
21314856 484369
21314858 484368
21314860 484367
21799225 484369
22283594 484369
22767959 484362
22767961 484361
22767963 484360
23252322 484361
23736683 484361
24221040 484354
24221042 484353
24221044 484352
24705395 484353
25189748 484353
25674097 484346
25674099 484345
25674101 484344
26158443 484346
26642789 484346
27127131 484339
27127133 484338
27127135 484337
27611471 484338
28095809 484338
28580143 484331
28580145 484330
28580147 484329
29064476
2
10 1000
100 10
110
99
755675 1000000
823777 638338
851646 706250
1097090 589348
1172312 924072
1511344 755666
1511346 755665
1511348 755664
1511350 755663
2267011 755665
3022676 755665
3481291 826021
3552920 710593
3637384 726360
3727689 970217
3778335 755656
3778337 755655
3778339 755654
3778341 755653
4533991 755656
5289647 755656
5424315 888796
5546282 664689
5700924 736732
5934704 842994
6579755 645048
6579757 645047
6579759 645046
6579761 645045
7224804 645047
7869851 645047
8015624 543655
8090846 600735
8106088 527166
8408509 865807
8947161 538649
8947163 538648
8947165 538647
8947167 538646
9485810 538649
10024459 538649
10029554 779339
10346989 908005
10420407 553437
10541562 964773
11058659 517094
11058661 517093
11058663 517092
11058665 517091
11575755 517092
12092847 517092
12109140 727515
12159248 558995
12249316 741959
12507544 673469
12922235 414688
12922237 414687
12922239 414686
12922241 414685
13336923 414688
13751611 414688
13910683 790538
13990882 899235
14065173 667287
14104076 555300
14456535 352456
14456537 352455
14456539 352454
14456541 352453
14808992 352455
15161447 352455
15223921 899930
15309825 827303
15313977 834610
15395851 983069
15513896 352446
15513898 352445
15513900 352444
15513902 352443
15866344 352444
16218788 352444
16284455 700468
16294662 745690
16303257 768426
16478447 792749
16571226 352435
16571228 352434
16571230 352433
16571232 352432
16923663 352433
17276096 352433
17497645 543004
17502690 919132
17575266 859951
17592372 608449
17908642 316267
17908644 316266
17908646 316265
17908648 316264
18224912
99
263866 1000000
527718 263849
527720 263848
527722 263847
527724 263846
527726 263845
527728 263844
527730 263843
527732 263842
791569 263847
1055416 263847
1319249 263830
1319251 263829
1319253 263828
1319255 263827
1319257 263826
1319259 263825
1319261 263824
1319263 263823
1583080 263829
1846909 263829
2110724 263812
2110726 263811
2110728 263810
2110730 263809
2110732 263808
2110734 263807
2110736 263806
2110738 263805
2374541 263807
2638348 263807
2902141 263790
2902143 263789
2902145 263788
2902147 263787
2902149 263786
2902151 263785
2902153 263784
2902155 263783
3165937 263784
3429721 263784
3693491 263767
3693493 263766
3693495 263765
3693497 263764
3693499 263763
3693501 263762
3693503 263761
3693505 263760
3957265 263760
4221025 263760
4484771 263743
4484773 263742
4484775 263741
4484777 263740
4484779 263739
4484781 263738
4484783 263737
4484785 263736
4748518 263739
5012257 263739
5275982 263722
5275984 263721
5275986 263720
5275988 263719
5275990 263718
5275992 263717
5275994 263716
5275996 263715
5539704 263722
5803426 263722
6067134 263705
6067136 263704
6067138 263703
6067140 263702
6067142 263701
6067144 263700
6067146 263699
6067148 263698
6330844 263699
6594544 263700
6858230 263683
6858232 263682
6858234 263681
6858236 263680
6858238 263679
6858240 263678
6858242 263677
6858244 263676
7121918 263678
7385596 263678
7649260 263661
7649262 263660
7649264 263659
7649266 263658
7649268 263657
7649270 263656
7649272 263655
7649274 263654
7912928
3
5 5
7 5
9 5
21
99
418012 1000000
465769 535253
531031 709618
580031 563656
642896 983067
658210 783893
688213 888322
751619 883552
771514 671050
796610 579746
836008 417993
836010 417992
836012 417991
836014 417990
836016 417989
836018 417988
836020 417987
836022 417986
836024 417985
1254009 417985
1671994 417985
1677403 641617
1687006 789401
1698997 709046
1702656 750933
1787951 912665
1909039 946790
2024805 896690
2069169 877244
2077981 924592
2483952 405968
2483954 405967
2483956 405966
2483958 405965
2483960 405964
2483962 405963
2483964 405962
2483966 405961
2483968 405960
2889926 405962
3295888 405962
3354776 647556
3408939 808150
3422418 844310
3452979 645803
3454415 904720
3482417 914479
3503258 933739
3516015 984011
3660312 774579
3701834 405943
3701836 405942
3701838 405941
3701840 405940
3701842 405939
3701844 405938
3701846 405937
3701848 405936
3701850 405935
4107779 405941
4513720 405941
4518214 854844
4535881 961444
4591169 575648
4630893 896941
4663459 652719
4673022 602301
4675422 629687
4853020 895791
4905460 840438
4919645 405922
4919647 405921
4919649 405920
4919651 405919
4919653 405918
4919655 405917
4919657 405916
4919659 405915
4919661 405914
5325567 405922
5731489 405922
5742391 565863
5755809 599518
5769263 787122
5888925 808060
5960523 952267
6000773 744770
6052441 790939
6107780 618480
6135251 908339
6137395 405903
6137397 405902
6137399 405901
6137401 405900
6137403 405899
6137405 405898
6137407 405897
6137409 405896
6137411 405895
6543306
99
295769 1000000
591504 295732
591506 295731
591508 295730
591510 295729
591512 295728
591514 295727
591516 295726
591518 295725
591520 295724
591522 295723
591524 295722
591526 295721
591528 295720
591530 295719
591532 295718
591534 295717
591536 295716
591538 295715
887238 295730
1182968 295730
1478664 295693
1478666 295692
1478668 295691
1478670 295690
1478672 295689
1478674 295688
1478676 295687
1478678 295686
1478680 295685
1478682 295684
1478684 295683
1478686 295682
1478688 295681
1478690 295680
1478692 295679
1478694 295678
1478696 295677
1478698 295676
1774362 295687
2070050 295688
2365704 295651
2365706 295650
2365708 295649
2365710 295648
2365712 295647
2365714 295646
2365716 295645
2365718 295644
2365720 295643
2365722 295642
2365724 295641
2365726 295640
2365728 295639
2365730 295638
2365732 295637
2365734 295636
2365736 295635
2365738 295634
2661367 295639
2957006 295639
3252611 295602
3252613 295601
3252615 295600
3252617 295599
3252619 295598
3252621 295597
3252623 295596
3252625 295595
3252627 295594
3252629 295593
3252631 295592
3252633 295591
3252635 295590
3252637 295589
3252639 295588
3252641 295587
3252643 295586
3252645 295585
3548219 295596
3843815 295596
4139377 295559
4139379 295558
4139381 295557
4139383 295556
4139385 295555
4139387 295554
4139389 295553
4139391 295552
4139393 295551
4139395 295550
4139397 295549
4139399 295548
4139401 295547
4139403 295546
4139405 295545
4139407 295544
4139409 295543
4139411 295542
4434953
7
10 10
15 5
20 9
25 5
30 10
35 5
40 10
45
