50
2 6 6
1 1
3 320 2
4 3 2
10 1252597 1252597
99927 99986 99921 99935 99916 99916 99963 99922 99972 99969
10 100000 1570811
98 104 101 100000 98 104 102 102 102 100
1 200364 200364
50091
10 1000000000 1000000000
99979 99966 99964 99988 99997 99946 99996 99998 99941 99996
10 521904 856625
58134 85055 43220 30393 37468 38441 88536 58358 16313 25771
10 282271 1968490
91730 52913 1253 87130 84980 37220 61467 38965 51167 6692
10 4099508 139590
82722 31558 25400 83409 8935 36865 85377 98868 26146 42458
10 2843254 120790
43104 60987 8075 10726 80492 6668 31658 12057 90479 15769
10 4226736 121782
19833 14723 94544 59407 85609 56007 13591 18787 91127 19593
10 267282 2495717
14561 72810 79499 44222 83416 60396 61719 29598 58987 99532
10 98214 6479907
98121 27782 37895 86065 32688 64345 68828 13654 35260 99483
10 154162 2866157
91673 98851 20869 52452 41966 15412 31950 54630 27618 427
10 4328309 79644
16306 75921 22870 8465 89857 30870 1485 24105 8698 75066
10 221810 3181091
69384 18174 53434 76124 97760 4284 56077 84149 55731 90654
10 266840 1479167
43530 87060 9929 23170 27058 74400 48219 12192 74868 25908
10 103372 6131871
89340 46604 62906 32290 97798 63272 67239 72880 7176 41803
10 5989803 106712
58236 45887 55519 80652 18829 88146 95040 67818 27510 55627
10 92109 5948303
12806 1486 60986 88289 18451 5631 99940 19184 99058 51560
10 268746 3119247
24353 33291 50381 94754 50893 91526 88529 91179 89581 70753
10 277125 2402642
80699 55439 31521 96108 62249 39965 98697 49358 14988 68541
10 6390911 91635
41839 18016 49776 53295 67659 52308 44594 66191 86171 93702
10 287421 1790926
67362 79902 35581 73333 22431 27398 24464 64065 15235 94950
10 232088 3630854
87578 97885 79612 81794 49485 99809 28739 95363 29387 13135
10 2016255 165351
47882 7067 47012 20344 52531 43003 24582 26391 23415 98994
10 1701865 309963
4908 98078 55437 49998 67480 6282 25339 55766 77689 63132
10 2846019 156633
25833 50414 36235 81124 11004 44904 87906 20890 56950 61086
10 94501 4594633
73205 34121 14419 89081 75557 6397 20701 75128 27656 19692
10 4302337 104187
74319 82798 24402 15315 79498 42014 18413 57137 1675 60298
10 2191780 198124
62205 24330 56335 56273 5337 91560 67934 35249 39457 31891
10 111016 7756216
83864 90532 75765 61619 84970 57352 32617 99861 3632 92152
10 697375 877309
57378 91355 68004 84017 11393 89692 12367 76445 13712 35617
10 119236 2188300
46240 7704 13915 8518 89300 14131 38269 23549 54481 31398
10 3940736 120314
21307 63930 90119 25417 53569 1861 51564 72667 44923 63598
10 198691 2757305
75908 45463 29676 75915 81566 8652 16346 21407 75729 84949
10 4602841 185738
57722 94045 35678 25557 89247 90667 67604 99490 73994 64764
10 506736 474012
12574 23188 40894 6174 43497 96177 11219 21225 3918 33935
10 4783806 117263
27484 9958 14725 57929 71478 88084 50911 78765 59881 77688
10 53715 4013431
18748 39017 3986 53321 64539 66077 1047 18189 5616 9824
10 876547 892093
85480 54943 63097 36929 69667 69057 61939 84457 97580 63222
10 445026 900927
52141 69539 66937 21167 36722 33595 2798 29609 43418 88287
10 5647550 171861
99411 70705 15071 77009 97031 77628 61465 94610 59306 95200
10 1458103 358718
4861 42379 93652 26998 79100 59467 56607 47427 15920 80491
10 8332764 88927
73391 98671 45302 23014 66322 90096 79412 89154 50103 13741
10 5409988 66956
26585 9129 90094 52479 52214 69645 9603 49663 16581 31445
10 305916 2202119
6889 61696 71601 11798 67523 98310 69274 31989 69791 94073
10 79227 7515568
89321 18131 84145 94965 82111 49178 35652 48486 4568 26400
10 72287 6926033
99813 56491 87540 48532 19528 6275 32290 62104 46665 34675
10 108126 6095273
80614 44781 34408 34101 99630 44963 96120 23366 44614 85922
