50
2 6 6
1 1
3 320 2
4 3 2
10 1252533 1252533
99982 99919 99950 99905 99932 99962 99962 99938 99907 99919
10 100000 1570811
100 101 98 102 100000 96 99 102 105 96
1 238444 238444
59611
10 1000000000 1000000000
99947 99930 99989 99907 99905 99971 99938 99925 99944 99914
10 2030465 286239
9834 66643 68882 28963 82982 58763 46657 97744 69145 5259
10 4233853 87834
7948 22186 33462 39684 68236 40098 40695 47834 93072 39417
10 2139838 274284
87274 4792 80488 85062 21388 81155 51570 18420 36808 67926
10 2572021 137960
78231 4417 12091 69200 25195 6832 33385 68126 51266 49494
10 6111539 117630
54696 55336 68062 61866 41718 99605 86774 46080 8731 99308
10 1110915 414827
86459 56993 75168 67531 54077 42175 32063 4338 37480 35343
10 85460 5398241
23276 55094 16350 74633 78988 56661 25068 43178 78025 43871
10 5603132 78856
46082 58727 72450 99240 32071 763 37723 62556 13612 30125
10 2300662 236212
54443 17965 91187 32467 89418 34912 37111 47944 30815 90005
10 3641716 80809
28274 38604 4126 68993 11160 10412 50602 35866 37844 78459
10 133275 2064373
12922 77298 6771 17354 26646 30894 63279 48858 44992 30761
10 151292 6991836
75384 89625 68471 64973 97025 85465 84101 95981 61159 89291
10 6852529 93853
39886 37592 40487 40609 68183 20239 84455 58799 97490 97456
10 157359 3401130
59376 64897 21403 3195 15427 54902 88660 74554 17384 94302
10 119467 2252368
33910 51411 5317 3211 46251 6366 52218 20783 49707 74092
10 5018744 63042
53533 38868 67614 61570 5577 25124 21755 29773 40681 61041
10 113709 2459595
19190 24436 26033 97821 7378 59943 41908 18603 27705 8671
10 151072 2182810
46668 45980 93205 43042 47522 7721 24914 4929 52525 20964
10 84202 7097194
89920 158 46720 86743 23887 91488 11178 21452 40257 95419
10 6746309 75133
25450 93136 96933 56662 56326 51351 5372 17208 3875 64729
10 121304 6469154
98570 64989 28565 75069 60701 85173 71915 52662 69214 76759
10 84856 6167992
26776 95955 39156 1097 95817 60629 9101 21405 62515 67493
10 5362818 81273
59067 14705 49057 64911 3138 44488 33924 58917 73052 73988
10 3018137 168830
62842 58496 62285 24800 7155 92292 21717 97651 41048 17671
10 895837 780245
55080 68575 93032 18920 98554 79812 19990 84346 24088 59764
10 4403176 153043
73402 62260 7482 94639 37240 32553 74030 85766 95394 15512
10 6713058 149565
76954 96931 89259 88516 67136 23825 9448 96570 95873 95485
10 183431 3088271
33263 55506 24345 80679 39141 4410 77936 50944 97529 71004
10 160092 3163314
71340 26510 81296 90184 21717 42059 25546 61893 18852 68014
10 181730 1783932
21288 27646 55823 18319 63634 16683 81647 8129 10601 69262
10 3015393 149456
71542 90733 76440 54680 11819 549 28801 60467 18878 39045
10 184909 5001622
94350 78767 78384 55334 38347 63274 97120 89367 55029 92974
10 1900518 442485
96905 74989 38870 78403 77481 90510 70380 63171 61876 62424
10 226923 899747
18877 5405 88 5352 55421 85065 14499 34873 14660 25200
10 2173143 306838
62128 11041 92389 89293 89268 33560 96155 3361 34926 48859
10 1160583 337261
34454 3369 68562 49389 39858 29778 90266 3876 53903 55101
10 101093 6081230
92441 71747 43223 26000 35611 94798 62125 9620 58343 72728
10 5015454 106649
68705 97308 78323 65337 27054 58096 37410 18094 11966 59011
10 2939530 163655
57667 72486 79190 3021 83842 56569 889 72512 8756 14170
10 975025 584172
7185 3763 47168 72521 44752 94106 70229 59833 91361 31515
10 1018156 665614
65397 99181 60921 78370 53517 26695 12602 69676 46025 92023
10 74777 7191918
99510 44262 50561 60678 37141 52078 16584 53276 91798 22479
10 2668689 202849
7127 7931 42210 99149 27895 17187 72369 54811 99063 60069
10 1652891 253567
53810 62150 30579 9317 42402 97491 31332 15965 50552 61704
