50
2 6 6
1 1
3 320 2
4 3 2
10 1252941 1252941
99961 99973 99998 99965 99933 99972 99992 99966 99998 99944
10 100000 1570811
97 105 103 98 100000 100 100 96 104 99
1 11552 11552
2888
10 1000000000 1000000000
99965 99943 99940 99911 99930 99934 99943 99926 99986 99995
10 290890 1133959
53 49226 83690 2598 11961 67080 44490 58514 36568 13496
10 87372 6860361
88844 95851 84257 9668 52677 35178 4237 22888 58839 76612
10 7404472 82097
79380 39468 46459 94052 98159 15265 38541 2332 35658 84883
10 591564 761553
43095 21324 41180 13247 69549 74244 77818 70157 30494 47331
10 4574155 70652
21747 71367 35660 41452 23458 73768 52488 5384 50157 26942
10 2368971 265801
69349 73027 28170 77136 90665 15788 54328 55812 3911 93002
10 122779 3116763
87105 35354 15851 55250 10687 58471 76042 45548 13608 25406
10 2125510 199025
33722 26723 81962 8627 62800 71340 47013 77466 20099 25277
10 1041220 488182
47349 43752 76022 89299 29271 61649 2598 65914 62004 39957
10 121086 4384749
5270 31260 20368 6282 53565 83917 97542 90680 49052 47812
10 341617 2144907
56732 50322 88422 97163 7038 70441 16843 94729 11970 96049
10 175978 3679433
37824 38975 40928 16113 84619 86786 94492 35867 94620 49761
10 142947 3854230
93081 59887 7189 20703 65754 83871 36749 89143 5843 40678
10 2999479 132515
42012 13273 12302 97338 54200 21525 71723 7873 47393 53698
10 5486130 104807
93499 97536 25014 26245 30857 81155 50636 49027 7095 66922
10 109394 4970111
27982 28048 48003 56701 94879 54743 19555 49506 95395 59929
10 3494525 264457
22382 67447 89214 67921 84256 24172 97368 86721 87518 94165
10 553248 1252359
93036 42816 25419 20297 96477 64630 9562 68430 69490 97336
10 3669867 230856
85591 80026 51068 99349 66795 93821 39502 29239 50042 97690
10 180990 2430007
79173 49580 22670 24162 38680 81837 36083 50142 72919 29118
10 87178 5512196
20308 19656 74717 29960 69461 50858 60431 81345 47739 57911
10 1171769 511418
7387 20818 99101 38122 96657 83360 33502 53869 35077 69584
10 78586 5921511
79436 85674 69825 23835 56626 70085 15482 21532 39866 10957
10 1796707 308411
98658 43532 44789 41988 80289 98842 15483 5123 14110 56551
10 115319 5965732
20374 49684 97763 88540 47076 99809 36120 41137 84512 34631
10 149520 4356666
19312 97838 15655 72124 31137 42202 97068 86503 58209 55081
10 8128772 82965
49448 46007 48074 72503 95690 63562 95025 70975 44448 39557
10 103458 5331315
73387 61862 11911 44337 80981 53358 70533 95236 15769 9749
10 324750 2111872
87496 31588 44262 87397 25004 75927 10128 37626 87686 99062
10 1032397 441649
3913 63806 5269 13116 57109 16856 93123 10448 77544 80007
10 720344 512673
54515 66830 31607 63580 25475 18168 86862 38853 26249 17557
10 2096671 307843
14995 79714 88455 70590 22296 10075 83705 75801 19962 89188
10 5591752 97235
897 12372 90662 20826 64476 82729 86898 38939 69342 30490
10 6772675 70561
59192 67694 66420 62380 88602 36347 26067 49955 15155 38180
10 179029 2126037
66223 9505 23432 30330 43142 60413 69752 8978 64268 60820
10 6475577 97764
58455 39916 79888 73609 24865 23248 94558 65666 58212 75441
10 364282 855460
40252 4060 34751 63308 16821 49411 49229 82576 26829 17325
10 238261 2761828
70922 81013 39296 60901 34329 52693 80842 29706 94169 69317
10 1782430 102755
20582 416 14040 34451 14110 69171 35166 52681 21813 19509
10 106179 6775193
3508 95670 4713 75364 84349 85726 89696 52827 5069 74865
10 5415978 131062
86510 79047 99628 64737 15670 69251 42925 65152 38422 68813
10 8969287 92785
77030 69158 34006 64827 17373 80893 88169 72317 97453 86940
10 6409279 79088
78208 47458 38213 41619 83723 25732 677 57753 62573 76064
10 840706 844613
71043 93085 74306 95057 8030 46917 32743 97605 63585 5274
