50
2 6 6
1 1
3 320 2
3 4 2
10 1252660 1252660
99946 99931 99916 99928 99971 99906 99981 99918 99993 99988
10 100000 1570811
100 103 98 99 98 96 96 101 104 100000
1 340860 340860
85215
10 1000000000 1000000000
99972 99937 99951 99916 99908 99946 99946 99933 99930 99983
10 182383 2208829
51580 83779 75226 13197 10494 54150 23313 49368 26670 58305
10 7408506 103953
67068 53962 60145 77870 95304 5421 60636 91122 89998 52396
10 1277537 439011
98269 69275 7569 49792 44501 51223 16942 78602 76461 42390
10 3195549 144525
4618 21147 81724 2097 26749 8446 87084 96080 66581 14656
10 624731 357118
21693 45376 47108 50471 29166 62339 45578 4432 7768 3598
10 625557 517362
12950 28035 24600 963 4942 13880 92734 61815 29892 74246
10 1007720 390563
15976 55482 87675 24421 25715 71293 75752 23834 2141 37205
10 300886 1790520
17292 19707 77118 26120 55565 8806 91242 69932 30242 98414
10 5302166 95796
99449 2875 3005 44306 27123 74839 62179 15424 69218 72341
10 3567163 154686
77148 14551 69555 96444 61552 24527 8020 21367 16070 98263
10 5073298 69282
53164 81551 16825 47229 42944 25760 38733 25856 60328 45492
10 97758 6475694
58023 77249 98615 19954 69956 48349 40766 60167 80770 42504
10 4353173 84927
10643 12741 50897 91560 99088 32265 18091 3819 8505 31826
10 169572 1774547
26015 19020 67392 25420 67398 38582 64548 45969 24889 401
10 687509 1046963
63001 5895 38646 85220 96733 34828 91438 31176 77800 84308
10 4134418 123736
24483 98478 49525 63271 49926 44170 45629 4859 65875 70185
10 4227584 93845
21647 47694 26665 43173 72827 97139 34610 23670 44299 38450
10 324480 1667237
29162 30684 85056 33718 61357 29726 58221 81734 79250 57252
10 513674 1208902
6348 19034 50385 96484 24566 67738 31620 62050 92062 93622
10 81254 6352907
82339 99102 66393 41851 45261 67395 32270 49559 1171 3482
10 246008 2278283
29752 71331 88834 59943 70258 7039 57423 58543 80421 6716
10 6162670 92090
64917 91465 11986 11851 32540 60544 52614 98932 70136 32648
10 5151469 138316
98485 24625 9408 47354 99520 96292 91447 21726 61783 29935
10 1890677 264169
76351 50949 14876 45316 28717 61256 83597 42517 22747 84887
10 2066144 325120
33811 71226 53434 28472 92177 53960 80097 95851 27436 71543
10 4886181 57566
25841 1444 40252 17506 18804 57069 24365 58638 17566 85785
10 124295 4862701
56282 56013 91149 40470 9715 43525 16060 72273 87286 84485
10 6596839 96735
51925 56803 46972 77765 72884 55360 11516 11209 97895 90720
10 2580378 139916
77851 360 54544 45692 50123 1705 46992 72993 36969 21030
10 5465296 164198
69820 42525 69307 96867 82557 42584 94073 97884 95553 8319
10 185727 2466113
15068 5829 8662 77740 26555 51285 87942 14708 61758 87633
10 1537585 422942
67669 21692 46055 72116 51873 69576 90998 28611 69339 87119
10 5678116 123646
11818 47353 49199 77560 44906 89928 95913 90004 40780 69358
10 89906 4195040
6312 43759 74183 40542 36130 21790 43001 44012 32226 91128
10 275267 2539591
92609 83570 35029 74063 42790 11739 72042 37768 99025 61967
10 176133 3336169
87722 61904 45615 5074 36292 65059 68944 14503 95578 64234
10 4057546 107850
70419 29627 23504 70485 51463 54240 16112 31072 96044 21486
10 2055831 208556
36967 24934 38529 69383 55557 1837 32893 42952 90982 68660
10 421701 1383037
82384 2943 87248 11900 68876 49444 74853 41309 19863 87677
10 139758 3047829
59995 23084 54425 55446 82843 41557 25794 11002 48113 72509
10 2780672 219695
50056 33258 74165 55729 13778 21524 82653 91950 73857 72655
10 6160012 66963
84635 12127 72254 45414 30162 72945 32940 43892 3716 49100
10 4548232 155662
68873 31899 79866 99127 85877 57957 35822 89643 55149 3420
10 3836551 164037
15830 71928 82632 98567 10431 70089 37218 55587 4435 92633
