50
2 6 6
1 1
3 320 2
4 2 3
10 1252704 1252704
99964 99935 99939 99934 99963 99958 99945 99939 99952 99984
10 100000 1570811
105 97 103 96 100 99 105 101 99 100000
1 352400 352400
88100
10 1000000000 1000000000
99922 99974 99984 99934 99952 99904 99945 99971 99905 99909
10 4055215 118895
86612 974 6307 67940 82882 90646 9738 9164 13652 55539
10 6280055 104069
14419 49590 87133 74060 68554 53357 46311 81488 84494 48906
10 847688 397132
52733 19724 28305 51759 12788 99814 21384 2216 5791 64493
10 2363479 174219
25481 51338 38470 84936 53489 8562 88144 47282 26248 24623
10 85314 5283897
38578 40643 10368 88454 52996 18746 60367 32741 70476 69162
10 1218480 363340
89054 70848 1764 23590 11823 81898 24497 35918 76266 11004
10 1031787 434152
98389 43460 13880 44039 3607 94737 5105 42077 54472 32625
10 451355 1073385
86903 62099 88666 17750 40646 41340 22465 33263 70171 36898
10 63793 5579174
80437 49672 87688 46765 5547 1237 7181 46791 39589 1941
10 118020 5151243
27173 91115 59437 80168 61285 42266 58712 64070 53685 61048
10 6745419 97499
55989 96111 56523 98832 31854 90212 35192 50972 19541 56235
10 807934 630952
44048 64607 19111 80073 94087 10923 18299 57252 73512 39664
10 4608963 47601
3182 69003 24992 1680 33357 37809 10683 38977 51638 41543
10 7565242 80978
92738 55707 49627 4225 24153 64624 65283 99692 75420 12958
10 92448 6825592
25343 30583 29237 64633 96234 99363 57258 62593 62954 57164
10 234881 2220759
93134 32684 33638 265 40912 61077 48175 84222 74979 43508
10 1446415 242309
18838 16537 18923 68929 74171 58232 31335 76923 21185 18286
10 100350 4976677
91661 52156 80071 16523 36564 4480 15950 86449 54874 43486
10 98831 7653100
58039 15166 74575 23193 77407 96244 81607 70095 79573 72758
10 6588636 116222
88863 50570 58049 62529 89934 57370 86694 53370 17402 94703
10 7330031 87404
92264 57791 66225 31808 92516 72121 9214 39398 83011 35322
10 80323 5456033
39549 53327 3129 61178 62150 73288 86595 21085 1172 50603
10 560023 943368
89737 63534 55797 57459 36727 89099 7161 45594 60827 3384
10 4540181 77511
7729 29522 31760 32574 45166 72122 51331 4657 24137 94454
10 2205013 218504
82829 35772 71967 72498 51852 25371 40248 11141 83549 6341
10 446502 576619
13311 57478 1528 25160 37826 24116 27957 56689 79098 3179
10 2749129 126676
35625 53953 80989 17853 53524 17753 55618 8133 67886 12807
10 88838 5502092
2862 44102 28619 30993 33169 31642 60655 76815 99794 75794
10 1171723 594398
86620 43091 72907 43211 70857 98828 43502 9298 96492 41459
10 75538 5599095
11902 30701 54907 6207 92689 30965 47482 43543 46846 83021
10 4970122 82324
92141 7371 52922 51969 41227 21682 8879 53478 66321 49951
10 81709 7693612
93263 35471 45781 21342 21176 12136 99617 66436 99469 51823
10 108517 4124299
86035 61420 15065 77545 15240 45558 6187 76620 52928 7716
10 2529719 142964
4422 20360 56244 24612 80644 25400 53504 41368 52186 66141
10 71397 5622810
24108 12414 90415 17079 44021 91575 3113 52324 50191 27653
10 263050 1806878
22307 10745 91388 64940 4724 83023 33477 12161 47706 81344
10 5111658 94447
36328 26775 51455 28434 66311 75281 80220 6770 91083 20008
10 5347473 97190
70491 43312 27172 76 72374 75214 53717 17053 90767 56505
10 1329641 211566
76521 22908 47071 61857 41282 12848 37137 19800 40080 15474
10 175731 3168892
80571 11510 10080 2276 16917 87286 4415 91001 99865 50417
10 246363 2261046
42495 60515 55379 34973 95425 11493 37091 93523 28641 74321
10 540849 1001010
20646 28667 80381 98326 22003 80245 7931 75966 35792 55235
10 324867 828235
19148 45420 59931 81105 1140 23723 6488 46857 29005 29780
10 212934 1891817
33289 68666 82246 50655 31614 79068 7580 50402 2891 25183
