50
2 6 6
1 1
3 320 2
3 2 4
10 1252707 1252707
99916 99976 99956 99917 99949 99943 99965 99965 99982 99946
10 100000 1570811
97 102 96 100 103 100 100000 101 98 101
1 161884 161884
40471
10 1000000000 1000000000
99931 99925 99988 99969 99966 99959 99980 99938 99930 99943
10 924663 530708
38807 76855 67850 83418 31190 12403 32915 60973 48809 62894
10 116467 2402788
32757 8679 18927 23371 18808 59397 63356 25650 84862 2730
10 253004 1756150
31732 78924 39896 34607 86552 47719 42102 18703 52487 60124
10 7463316 76236
22976 70465 92004 39545 41711 58352 37970 63380 78519 62699
10 355199 1755057
51766 49072 70445 41022 93837 21405 81625 72596 19486 79858
10 130671 3370207
53217 58054 14183 58781 81142 56121 20084 15029 49641 73145
10 3911536 231568
86673 88689 78501 88362 36572 99952 87393 84649 40127 23975
10 64210 5979484
94497 45837 63426 78399 29074 15406 12406 43284 2064 11323
10 229031 1949163
37176 49037 11581 86706 78078 59540 48152 27032 2060 65470
10 1427266 289333
65363 60322 40374 69168 1211 3800 54720 14705 89889 25646
10 6760989 106280
98942 65498 15911 63399 68740 56372 77974 66681 78804 52469
10 109267 5382514
93007 12200 50529 85167 98829 24846 62174 28885 43589 43024
10 127935 3541270
58891 65749 83899 20465 2431 54082 58802 24458 32885 74331
10 263518 1917349
56011 40232 33510 84657 19115 71635 97558 26109 56454 15387
10 713482 1072863
81751 56082 8631 81237 60702 81487 60459 85460 60772 85159
10 6358057 65006
75316 59973 59342 26170 45433 62743 59399 16426 11924 53807
10 92232 3520897
39888 20368 65388 26160 20917 30269 4930 48518 98139 18557
10 2853773 178864
63930 70169 52469 29216 80744 32911 66228 5234 88614 3070
10 6042778 80496
3672 59497 25171 66020 24589 1870 87146 85284 56679 61091
10 1619198 185244
90271 14018 43512 35603 4423 52225 13680 20309 23010 60933
10 76023 6867070
45916 27695 49588 98747 21119 66012 95493 11602 18051 61372
10 3484437 112122
25552 9271 75261 50024 7173 29910 52252 46240 99541 15592
10 3617934 160483
99869 26021 86287 71453 15499 1027 22145 53974 60010 80716
10 136218 2170950
29763 34233 30496 27354 43300 33249 69453 11356 84256 7626
10 1358753 345355
47201 31000 60915 87164 35006 79051 78131 18122 32026 21055
10 3214511 165168
45703 34423 59899 44622 4661 70391 58400 22559 88327 90828
10 5838363 78515
44964 40789 79479 19839 61439 24033 32127 33062 53662 97105
10 115554 6070398
61624 74043 68768 23491 78870 94546 89780 82026 12014 1725
10 185862 3959763
91465 57542 34376 46501 51587 31389 98954 97088 27555 90601
10 526634 830328
8938 29302 41692 32574 82980 19421 93877 30925 53705 64683
10 634030 1077018
43708 87849 84234 92503 73577 28403 97254 34961 34308 10694
10 770345 453001
24373 56001 87996 14310 65010 42662 17373 33275 55297 4953
10 2321329 98438
47974 37751 35870 19572 35004 58631 47823 31632 15372 31047
10 383534 617138
5556 57663 11855 8037 35595 16202 49926 42341 604 75446
10 1712658 268162
70381 1577 50974 34579 92761 45363 17898 2527 86800 44324
10 627524 506748
10987 7335 82781 52168 54074 76556 2128 9828 1795 40080
10 2101083 256499
10616 60233 8090 53333 38894 6513 93465 2403 86301 99569
10 2411327 222576
96182 7458 72501 24423 54740 65166 481 26660 36261 98687
10 7006687 97543
42510 54728 52326 56427 77549 98971 71734 62940 38656 79843
10 4849917 124618
33724 97996 63418 11432 64544 52207 72002 59213 57899 68183
10 195237 3228734
91886 96893 12922 52039 17051 94208 1391 39662 93178 1007
10 2750511 162369
77199 10679 59091 83503 32611 1879 48046 90448 3639 17986
10 57079 3855104
56844 41727 26736 4581 20944 27571 4161 67015 49965 9828
10 102264 6431078
31073 86875 82541 2531 41751 82512 62318 45820 49931 97512
