30
6
2 3 4 5 6
4
4 4 4
4
3 4 4
4
4 3 4
8
8 6 7 6 8 7 8
8
4 7 4 7 7 7 8
10
3 9 8 8 8 7 8 9 10
8
7 5 5 5 7 7 8
6
6 6 6 6 6
7
6 6 5 6 7 7
9
2 4 8 8 8 8 8 9
8
3 3 7 6 7 7 8
10
2 5 4 6 7 7 8 9 10
2
2
10
3 10 10 8 6 7 8 9 10
10
10 10 10 10 10 10 10 10 10
8
3 3 4 8 6 7 8
10
10 4 8 7 6 7 8 9 10
10
10 9 8 7 6 7 8 9 10
10
3 3 5 6 6 8 8 10 10
8
8 7 7 7 7 7 8
10
2 3 4 5 6 7 8 9 10
10
2 3 9 9 6 8 9 9 10
9
7 4 4 6 6 7 9 9
6
6 4 4 5 6
5
2 4 4 5
6
6 6 6 5 6
10
10 10 5 10 10 10 10 10 10
6
3 6 4 5 6
7
5 5 5 5 7 7
