27
15
15
13 3
11 4
10 11
0 8
4 0
8 6
1 9
6 12
14 2
9 14
3 7
12 13
5 10
2 5
7 1
14
13
4 12
3 7
8 9
7 1
10 4
1 6
2 8
12 5
0 2
9 10
5 13
13 3
6 11
12
11
1 9
4 9
2 9
7 9
11 9
3 9
5 9
0 9
8 9
10 9
6 9
2
1
0 1
8
4
7 1
3 0
4 6
5 2
4
6
0 3
3 1
0 1
2 0
2 3
2 1
4
6
0 2
0 3
2 1
3 1
2 3
0 1
13
11
11 1
5 3
1 5
9 4
6 4
8 4
10 4
7 4
2 4
0 4
12 4
15
14
13 1
2 14
0 2
4 7
14 8
6 0
10 5
7 9
1 3
3 10
9 6
5 4
8 13
11 12
910
5
836 54
345 338
498 782
323 250
362 717
10
7
8 4
2 8
5 8
1 4
0 1
7 8
6 8
12
12
3 4
6 3
6 4
0 2
10 8
0 10
8 2
5 9
11 5
7 11
1 7
9 1
8
15
0 6
7 2
3 5
0 3
3 4
2 6
4 5
3 7
6 7
2 3
6 4
4 5
3 5
6 7
6 2
2
5
0 1
1 0
0 1
1 0
1 0
3
13
2 0
0 2
0 2
1 2
0 2
0 1
1 2
0 1
2 0
1 2
0 1
2 0
0 1
4
15
2 3
2 3
2 1
0 1
2 0
0 2
0 1
3 0
2 1
2 1
0 2
3 2
3 1
2 1
0 1
5
15
3 1
3 0
3 1
0 1
3 2
2 3
0 4
4 1
1 0
4 3
1 4
2 1
1 4
2 1
2 0
6
15
2 4
1 5
4 0
5 0
5 4
1 3
2 0
5 4
3 4
5 0
2 0
3 4
2 5
0 1
4 3
7
15
4 5
4 5
6 4
2 3
6 0
6 0
6 1
6 3
3 4
3 6
6 3
2 1
1 6
6 2
2 3
8
15
0 3
5 4
3 0
3 4
4 1
5 0
5 3
0 4
5 7
2 6
4 7
1 5
4 6
7 0
7 4
9
15
3 6
1 7
0 4
5 8
2 3
5 1
4 8
2 0
3 6
1 0
5 8
3 7
6 2
7 2
6 7
10
15
9 7
0 8
7 9
8 2
5 2
8 4
1 3
8 7
5 1
5 0
2 0
7 1
0 9
5 3
4 0
11
15
1 6
3 1
4 2
4 9
6 9
10 8
7 8
8 6
6 7
10 0
5 10
3 7
6 3
7 5
9 4
12
15
5 10
1 0
3 0
7 5
2 7
3 10
0 2
9 2
4 3
8 3
9 2
1 10
6 10
2 6
11 2
13
15
7 12
9 11
4 12
0 9
12 9
1 11
4 5
6 0
10 5
7 12
6 3
3 6
5 9
11 6
8 12
14
15
4 9
4 2
11 2
6 3
7 4
13 2
5 3
4 0
10 5
10 2
3 11
8 13
4 11
12 5
9 8
15
15
10 12
8 10
3 12
9 10
0 9
0 5
1 4
10 7
12 8
3 8
1 4
9 6
2 13
14 7
8 1
