27
13
13
4 9
11 5
12 3
0 8
9 7
2 12
3 6
8 10
10 4
6 0
7 11
5 1
1 2
11
10
6 0
8 9
0 2
9 6
4 10
7 3
5 1
10 8
3 4
1 7
11
10
6 3
5 3
9 3
7 3
0 3
2 3
10 3
1 3
8 3
4 3
2
1
0 1
12
6
7 8
4 11
0 6
5 2
9 1
3 10
4
6
1 3
1 2
3 2
0 3
0 1
0 2
4
6
2 3
3 1
1 0
2 0
2 1
3 0
15
13
2 3
13 2
3 12
7 6
1 6
0 6
10 6
14 6
8 6
11 6
9 6
5 6
4 6
14
13
9 12
6 9
2 10
0 6
8 11
13 5
10 4
3 2
4 0
5 8
11 3
12 13
7 1
906
3
315 43
539 356
78 870
17
14
7 0
16 3
14 2
0 1
15 1
10 5
12 3
3 1
2 5
11 1
9 6
6 12
5 11
13 1
12
13
8 1
5 8
1 5
0 3
4 0
7 4
3 7
2 9
9 2
11 9
6 10
10 9
6 11
8
15
0 6
3 4
2 3
4 7
3 0
3 1
4 3
7 6
7 6
2 7
7 1
7 0
3 1
0 6
1 4
2
5
1 0
0 1
0 1
1 0
0 1
3
13
0 1
0 2
1 2
1 2
0 1
2 0
1 0
0 2
1 2
1 0
2 0
0 1
0 2
4
15
2 0
2 3
3 0
1 3
0 2
0 2
0 3
1 2
0 3
0 2
2 0
1 0
3 0
0 3
0 3
5
15
1 3
4 2
2 4
1 2
1 0
3 4
3 1
4 1
2 0
4 1
0 3
2 0
4 1
0 2
3 0
6
15
1 0
5 3
3 5
5 1
1 5
0 3
0 3
2 3
1 2
0 4
0 1
4 0
0 1
4 5
1 3
7
15
5 2
5 1
1 3
5 1
1 0
6 2
0 3
1 4
4 1
4 6
2 1
0 2
3 6
3 4
6 3
8
15
4 6
5 6
7 6
3 4
7 1
7 2
1 2
3 4
0 7
7 2
0 2
6 7
7 6
5 4
3 4
9
15
7 1
0 1
3 6
4 0
5 7
7 2
1 2
7 0
4 3
3 7
2 1
2 5
1 5
3 7
6 2
10
15
5 2
0 3
7 1
7 2
0 3
6 0
0 8
5 3
1 0
1 2
2 3
2 4
4 9
8 9
0 6
11
15
9 8
9 7
3 4
8 4
0 9
5 4
6 2
6 7
10 0
10 2
7 3
1 2
8 1
5 4
5 10
12
15
2 3
0 8
9 6
7 3
1 10
10 8
0 7
8 9
5 11
6 8
7 6
9 3
4 8
8 7
6 0
13
15
6 7
5 8
1 0
8 3
12 0
6 10
9 5
9 8
12 7
9 5
9 7
0 2
8 1
2 7
8 7
14
15
7 8
2 1
9 0
4 5
2 3
5 7
11 6
9 0
3 11
6 3
13 4
13 6
8 5
7 6
3 5
15
15
6 14
4 10
9 13
6 13
13 1
7 0
14 13
8 1
9 3
0 14
3 1
6 0
13 12
10 9
1 5
