100
2 2 73 100
3 2 245 272 238
12 7 7 403 10 21 9 1 2 848 62 0 8 49
43 24 532128 9922240 865493319175 815 3 710278412755 9145 1483550 91289 526377437 643501 9 544476314728 86183406735 361578 80137 58 728114455 992498 526 313 3275 368104792386 92545 702916 425444077344 96976 6432389605 798160742836 814032374627 5627755 464572 37 256561185474 749 352 1846003 7279602 26572921 97942 523712 891281494502 261697568
13 1 54 5 5 7 2 61 0 4 26 6 29 96 24
60 40 721484407583269 459603465737734 255069025739421 556454322652434 762280082457942 242739973543067 120889959805806 589002257982552 185906265894717 835765103919870 216599397130613 936440586799460 670305566414071 289781614590485 541412472793497 992543412176066 495812241381851 859946528795290 847433736937233 711191769695280 642294362932446 221691666273035 882479000831858 788723351135514 495435087091941 228762221270452 414313999300774 332695185360129 837577975662573 901427457611484 939149162778511 173007401579051 303368510932917 28347476522006 381204237688212 797404247554303 21489705265908 830035693274327 233084450257572 93859586774234 218781037337688 651592972722763 449491064788738 30589983033553 432767067905053 34525830151341 422116575582717 230866541540984 2106053351110 763774618976614 505283820579600 945270695553923 445387194054801 422106999961415 721540032340783 29040787574867 846197418428313 587580606143560 437887593650572 25445860993460
45 24 131396 8100325 68469 41999539 974 33 636997 1108622087 3213559996 5209612980 2326938 70232 6482921 1351 70056 6826326 26978370 85564065 9217024262 9955999 32617 74093 334425461618 37000 8449692 52 3637 60819604914 6088 5302122694 427175 2059738393 52 78 45630868 39860 49398811044 719448808 132787 7688 4547 605244 8835 805396 93
50 6 241 8 0 6 9 264 884 4 17 313 9 2 4 439 6 2 10 721 9 0 24 2 8 10 8 762 1 542 78 26 93 7 44 105 4 637 6 974 771 56 15 6 10 906 1 8 8 0 7 43
38 32 8869 5529 28 3919800 74 351043 846542 26659 860 17 58672 33492 83 1952414 6 91777 26 6843940 9329552 442 6 97305 981655 11476 26 88 4740211 27 2094369 4904844 315 87292 58835 2533133 748 72324 93255 3155
24 17 960 60 8 4 10 8 499 683 6 752 3 967 5 39 17 9 59 0 12 31 189 19 372 81
60 30 800 800 400 1600 800 3200 100 100 3200 1600 800 800 400 200 200 800 100 100 3200 100 1600 200 800 3200 1600 400 100 400 3200 800 3200 3200 400 3200 100 100 200 1600 200 3200 1600 1600 200 100 100 800 1600 800 400 1600 400 200 3200 200 400 400 400 200 1600 200
24 10 4 9 4860774 6 17305 7876193923 421869 2401494 4896812481 306661712 5 6590 395198 894149839 98 1392287 3138935 14577407 6 781 401739 32691 1399662 4
21 19 10 24 4 1 91 0 4 0 24 81 11 4 2 9 0 8 51 8 0 4 27
36 11 0 5895402 21837 25212491 20011 3327 146298 6 2862334 23351 1191939 0 89 7461630 61 64014 55533 5 1 1599 4 21983658 794861 90570 10 55067 853 7934571 5 88700 33140 150056 8 93 879 95263537
6 3 10 6 1 7 9 6
7 4 1 19 10 3 8 73 3
11 2 33 4 10 0 5 10 2 3 0 3 304
45 43 9238 9839 9880 891 3052 718 3501 9602 222489 98991 8782 42608 711706 786217 4985 3 44792 18 2482 14535 5569 2699 1543 7812 1368 47519 30941 797 218190 71651 617675 84908 1388 78392 0 6376 9265 334 911 97 58 4360 734494 2730 798
60 40 459131731910668 100000000000000000 100000000000000000 374703020501640 100000000000000000 539617448449779 504720467428863 783655232615390 5709129450392 426090679688150 100000000000000000 438961630044563 56123297520740 593183730380058 356789964544956 548798761388153 100000000000000000 547996309466249 778442615000146 170349196855681 870010155176640 703040762065632 518678283523002 952467388268270 983187717309674 29574963966907 674485830502327 199839420177143 957116281460227 820485911925482 561357864778379 770523139830801 520938417613145 569999333876380 346077919018155 232176128063014 393599686377914 513771663187637 982076637538535 703382088603836 623489452797505 577794807801203 484925112227734 269279477441421 100000000000000000 612452464782726 886179580826009 809139900872480 100000000000000000 860289778920550 502238558433483 43487290356527 489693520462258 393255094964226 740503411833197 508426488249982 100000000000000000 538478795737844 100000000000000000 100000000000000000
1 1 4
6 6 0 1 1 1 1 1
26 7 6 4 1 9 10 9 4 9 6 5 7 4 3 5 8 2 0 4 9 1 7 7 10 1 5 9
6 6 6 8 9 4 1 8
24 1 3120 979 39548 20072 654 4487 4176 3 96 585 119 427 9 936 387 4156 248 78 9862 642 701 121 35999 3183
36 10 971 5374521 842 406 78491382 6343881 3017967 62132943477 284 130 27 281 79 48115158 3067040 2596358612 8766589 241677857 8314516 67276 4105 454 1711317 714 8504360 16499184679 911 34761 6030093 24 73220 8378 90834659119 91424763051 3107880 944
19 5 62 1597 17994393 25893951 88 53327733 51671444 218864287 913755 67 8377 39397424 791225 978 20827142 87376797 2274 5391623 19
60 60 13177929246131 63673926876 893825334494171 89671 6 643178619015501 610918552 690932995762 867663736988 611 1092584391862801 7747075676758846 78918600251 150182 266820 7815195144113 89818529195001 64543378426945 242485698250523 474612567 77 45706134688333 177781190696863 638 98 93309737 690050 217640349411 91083793453 8 97 942362130131 553644113032607 520952547948 3500418206681 68954895911081 42940942163 35478279695 5777434 85609070 31218590782961 70134487220024 55509 945349774276954 7678003138 51602124671601 188 5 809102268 8624986985825882 589 70127877313509 1163 754873857079635 78465 685 57 928 6847182045301 1
57 21 37197115 845 77 80835842 7400879 78136791074110851 2375328902 63 1 7126658563 838390060071553 662707 590 51 9605 56269309 54268477521723267 66391058 4 89781152410744868 84461 84725655056336900 22964945386049653 95 3458327631 51206311731 511382381812144 430759130216293 77733282 3109345449 0 23112303200807138 6 18742488 7160 76540069744506236 60434217460193854 971260048140849 395014442807 10445238733512741 99338473514 28676 4893 46882812245 714969608020763 6200806165233 65814621594285307 6178823316 1671 170389075 93292183 83752651827445 68 56178738637510435 6 59517882926598849 937356429228650
57 24 3779635 951471 8167459 8 76780872 1440181147 3 55320883 132497 8 2228609118 5 8926 751882 547658757 3474578780 8716024 7 294 5340 3 485193414 7652580884 542005701 7 8427821 44 9 50 15150 6175 85976653 6497143 690 9916282033 9037182063 10 756477 0 2 32 9914357 2521677 94175 838670732 10 555089 9 327873 9931941381 5 471 7844750351 6254098241 544 602183 4415030723
2 1 7 4
29 20 4503599627370496 18014398509481984 68719476736 268435456 17179869184 64 16777216 256 1125899906842624 281474976710656 70368744177664 1 1099511627776 16 4398046511104 4194304 4 274877906944 1024 4294967296 262144 17592186044416 65536 1048576 1073741824 72057594037927936 4096 67108864 16384
5 3 1 8 10 6 4
57 2 140737488355328 281474976710656 524288 35184372088832 70368744177664 134217728 268435456 9007199254740992 1099511627776 68719476736 2048 1073741824 17179869184 1125899906842624 4096 8388608 4294967296 34359738368 562949953421312 36028797018963968 549755813888 32768 16777216 4398046511104 128 1048576 64 2251799813685248 16 1024 512 8589934592 72057594037927936 65536 33554432 8192 2199023255552 536870912 274877906944 8796093022208 4194304 4503599627370496 67108864 2147483648 131072 4 2097152 4 8 262144 32 18014398509481984 137438953472 16384 4 256 17592186044416
22 14 859 770 3 611 682 506 138 280 75 445 544 565 679 58 0 9 652 663 954 3 475 244
6 2 16 4 32 4 4 8
36 16 826 613 213 1785 1 0 17329013 83402089 97 2 69 75898784 71479 25 10 889 3 936337 235 696 358700 7697 7 840960 84 3943272 4098 977 9487393 7590 190500 21157252 0 17 1 54401
38 12 89 17 953 49 13 74 279 535 49 4 7 26 794 8 10 43 86 996 8 420 10 8 23 10 787 72 253 118 6 103 4 1 7 29 724 947 4 3
24 22 48042 5663042 5823249 1 634480 4430728 838694 3675709 0 91 14856 9 1624 5871582 841057 4 9351172 570 71 6626202 1752185 0 4748393 5209
13 10 120 19 971 6 9 819 408 85 888 5 526 572 69
17 14 3 4 2 3554 548 0 4 6 0 87 6820 6 9989 7 9670 3 9
41 4 3384 8843 6848 417 1488 1812 581 6942 492 545 9259 6901 8424 7029 1953 880 201 3677 2670 1401 9 5328 760 2675 4116 3 4402 2798 42 8120 386 3153 1994 993 2745 9890 3300 30530 486 5985 86
47 33 3 6 10 6905 82 2697 35 748 2089 64 8 8861 40 4 5232 5115 54 71 9 94 6889 59 85 63 63 90 3 7067 657 2223 1723 49 510 47 8668 423 9 6 305 7135 5072 84 6225 1685 2321 0 39
26 21 4 10 2 4 2 10 0 9 10 3 3 4 8 7 9 7 10 10 1 8 1 2 10 5 3 0
23 11 0 0 3 1 5 9 0 5 5 8 10 7 3 3 0 93 2 1 10 55 50 7 4
37 10 1 45 6 7 6 3 6 5 919 891 82 9 890 0 2 9 8 7 8 3 0 8 0 0 0 0 63 4 8 79 10 5 8 3 3 47 2
3 3 4 10 9
60 9 100000000000000000 100000000000000000 100000000000000000 100000000000000000 100000000000000000 100000000000000000 100000000000000000 100000000000000000 100000000000000000 100000000000000000 100000000000000000 100000000000000000 100000000000000000 100000000000000000 100000000000000000 100000000000000000 100000000000000000 100000000000000000 100000000000000000 100000000000000000 100000000000000000 100000000000000000 100000000000000000 100000000000000000 100000000000000000 100000000000000000 100000000000000000 100000000000000000 100000000000000000 100000000000000000 100000000000000000 100000000000000000 100000000000000000 100000000000000000 100000000000000000 100000000000000000 100000000000000000 100000000000000000 100000000000000000 100000000000000000 100000000000000000 100000000000000000 100000000000000000 100000000000000000 100000000000000000 100000000000000000 100000000000000000 100000000000000000 100000000000000000 100000000000000000 100000000000000000 100000000000000000 100000000000000000 100000000000000000 100000000000000000 100000000000000000 100000000000000000 100000000000000000 100000000000000000 100000000000000000
21 12 106877 4933 94923 68959518 919357 24 7950 2 551 31606868 776209 43263800 751 2908 893759 714824452 80385628 84071853 821550 9104817 1541
60 40 100000000000000000 296072673083151 171517095177718 205761757294704 100000000000000000 325345654875996 100000000000000000 100000000000000000 100000000000000000 100000000000000000 432950121100316 819414110612798 100000000000000000 100000000000000000 100000000000000000 100000000000000000 674153014246864 100000000000000000 508873746077891 665957528278683 100000000000000000 100000000000000000 100000000000000000 100000000000000000 100000000000000000 100000000000000000 100000000000000000 100000000000000000 100000000000000000 100000000000000000 100000000000000000 100000000000000000 100000000000000000 570280570245180 100000000000000000 100000000000000000 100000000000000000 100000000000000000 346930884562622 100000000000000000 100000000000000000 104424222841515 100000000000000000 37916530598580 867781064434994 100000000000000000 973775236159692 704023142330072 499799922236802 100000000000000000 962201125180819 100000000000000000 100000000000000000 100000000000000000 100000000000000000 100000000000000000 377968834343608 100000000000000000 194118644985189 100000000000000000
47 24 98373 2273 6107 367 5 190 85 96702 86604 111768 256 10 3 796 3939 14386 64 294 5 1430 6 68126 44700 20685 39993 2854 4643 800730 4514 13636 7445 55 9017 60 5 72 20 3741 878 636 812218 5403 53 77805 968590 741 8742
6 5 64 1 4 256 1000 16
41 11 10 5 0 4 7 3 2 9 2 3 8 0 1 5 6 8 0 9 8 10 7 6 4 1 4 5 4 6 6 6 10 2 9 9 6 0 0 5 8 7 7
42 28 4424 7346 88 54103 9757 554 7757 617 5979 88885 123 458 3800 17 93047 7986 364 169 92801 5379 655 84978 50747 76 154 540 992 180 988 4489 4434 788 3897 16 57 7759 0 956 973 9814 84 4396
51 48 916 1050615 55 37 29 294023 61780688 60 74401 61 23963 44984453 7 17 42101 223 24638119 910765 447902240 7870 847134766 4578 615 6520502 89 16738 970265 6296479 2667 54160226 8851 54291320 643466080 477010 66183443 96981328 21 7 123 5645 280786723 11136231 302809329 867 327241415 378 29554986 829 10 390478551 3
43 15 0 10 6 7 9 6 10 6 6 6 0 7 10 9 10 0 5 3 2 4 1 4 4 6 8 5 5 6 7 2 8 1 9 0 6 9 0 7 7 8 3 3 3
51 42 243408 795 157245 9216 328 9 48790 1 803131 866 31 1540 97290 10373722 1808 33445 3954 23990 42931884 965976 5 93494350 0 298 285 560646 4724986 9707 9 3 425071 6097124 0 8005 289 8 425512 18 52 53504 873754 45866012 5 5437 78740 10 23013891 4610 340078 211 383
60 40 817039668377887 83234137803897 527380399048013 159625524693847 797097562635497 100000000000000000 100000000000000000 100000000000000000 100000000000000000 100000000000000000 605648640034017 798438940577426 100000000000000000 100000000000000000 755586775252199 458146800099724 20818108509287 100000000000000000 344422864096495 229605031277024 100000000000000000 100000000000000000 209090992551770 841744832274096 711589927185273 177211258938582 100000000000000000 255294040087306 16690630115559 816437370560691 100000000000000000 14559974924812 100000000000000000 272914436818680 899818500356021 108761692445413 100000000000000000 109488627294359 420918679209076 168144946222428 27974984083842 454701630045664 100000000000000000 584460870778441 100000000000000000 69515378530847 473771014170279 249559225653423 386557104761470 322001766387326 673113525438707 100000000000000000 624802084152476 861008860853325 23634577631987 100000000000000000 100000000000000000 100000000000000000 510115980928676 188039304751313
56 8 64 92440 20 850962922 5595 325029934651 44177 5738154913 82290 90220868835 8340561 0 77 448 61 14768464 509747 865021412 93 50007937788 340606959 575648796 27 9402 552191071 86 10788676443678 831 50864075437828 38 4265 197074 36834486388 877495 470629222 477156401 775675859 993073415 394381331 8960099487022 63746402689 48492521715 63464490827540 842065868 835498062 60883759981755 998756517 28552344 99565108374817 776867 588682314 501048200 9058767 149397616 84714226082 59532
60 30 100 100 400 200 200 400 200 100 400 100 200 200 200 200 100 200 100 200 400 400 100 100 200 100 200 100 400 400 200 400 200 400 100 400 100 400 200 400 400 400 100 100 100 200 200 200 400 400 400 100 100 400 100 400 400 100 200 200 100 200
37 4 24 27 54 6 3 155 17 14 35 5 63 849 0 216 308 85 32 25 64 1 40 69 142 40 43 57 39 0 7 94 10 61 8 53 37 62 0
60 40 416172262765025 394898009858300 100000000000000000 975594517817884 100000000000000000 220599748022676 967903310150890 100000000000000000 704605627852003 875534244235160 575845962788057 100000000000000000 58785116206491 858514406356560 298605949623013 100000000000000000 100000000000000000 100000000000000000 544702163578905 100000000000000000 100000000000000000 310363627353134 306386620333246 17864520827795 100000000000000000 100000000000000000 100000000000000000 100000000000000000 100000000000000000 100000000000000000 648506418099257 8480262463668 718835472761790 939288432135283 100000000000000000 100000000000000000 100000000000000000 878717898208847 743842118667121 321245809345125 100000000000000000 100000000000000000 100000000000000000 160227592629704 100000000000000000 100000000000000000 100000000000000000 146461740399346 100000000000000000 100000000000000000 100000000000000000 252358102279835 630947861271347 100000000000000000 223195780246670 100000000000000000 100000000000000000 678175795276948 797810857706151 516599516949393
29 29 212550 4 692413 77 733 46014 513615 465568 6 602753 8 2108 4 4 709708 10 40 31116 3163 19910 659746 13 37 3 3 73362 92 3 2399
16 7 684 94 1879 854 998 42064 611 99143 71729 903 410 33246 713 923 0 33902
48 34 91492 516 9307711321 1715955760 9403 39183 2563 82 7824582 78 8753916769 25545 7791 5828 1140444804 42 9101213619 7972511915 5703 9651626 64234 929 1 26883 119592 795919 7993204 40 66318 39312 95473 69 657562629 87121561174 76 80378 6141444119 3980508583 57548633440 497968268 15958 1464 1592318381 4149420719 86 3259768749 9466979 824
49 27 98998 8344 84249 35362199 83913 80104105 9896658 698 81461 0 9 52 98509 6440 48 21 69484 197274 6172 7875 83153 2036 2595 37442 10 8183 34793 6419 44 7370 64 74397311 3786250 8384 5181 39 97092 426 969 47 55 30495 95728221 38420 70024 5956 99 717 83
25 9 16 37678 10742 159 60 81 66 92727 1479 624 1 49907 5 64282 19559 14 63681 76772 45 51 9473 25651 6 59194 13090
51 12 6 4 1 1 10 7 2 4 10 0 9 0 6 9 2 6 10 6 7 4 2 6 8 10 2 9 9 1 0 6 10 1 2 6 1 10 4 7 10 2 8 3 6 8 3 5 7 3 0 8 9
57 9 809412 4639193 87963885891884630 72709429 10744033479 118852548096566 15029589554 65917597635 249363 2439022505 21232709725 25744707595795 57154386155611411 1995 59796092693 341650205200012 324556414516 36978 7252 294 1673973 928193512361 9570449084106980 7485 6143 4617 420466510802448 65991299122 1444 98869811998087331 3863383838 121538809342475 49821472001531659 831748 75204347957428373 3486771533910710 327 94655627740060626 7220 6017781832 5734579332 7093806896983 36400459083169702 19693347 0 40243168373 883576 80251981317983 1277653438478555 37 4211844168051492 70100541506963001 95238674907 2467 49894514314364 4993 8815
36 30 0 10 4 8 9 82 2 9 1 39 61 3 71 19 6 57 62 26 4 12 0 21 2 3 1 1 1 5 9 9 5 42 69 1 11 9
34 13 84 33 6 18 3 4 67 73 72 7 95 396 736 3 37 10 98 90 57 8 49 7 29 9 0 84 10 66 4 2 46 9 44 538
16 1 579 86 452 6 11 671 945 93 514 157 320 52 15 502 522 17
43 10 1347 5787 679 20 670 83866 109 82418 3735 3 3633 268 2121 939 219890 8324 8163 15701 1597 8681 64 8981 93 9914 4337 4611 68199 6891 73 72 4211 379490 6234 7021 22535 9246 91118 39 51889 92 94235 3021 165239
60 1 100000000000000000 100000000000000000 100000000000000000 100000000000000000 100000000000000000 100000000000000000 100000000000000000 100000000000000000 100000000000000000 100000000000000000 100000000000000000 100000000000000000 100000000000000000 100000000000000000 100000000000000000 100000000000000000 100000000000000000 100000000000000000 100000000000000000 100000000000000000 100000000000000000 100000000000000000 100000000000000000 100000000000000000 100000000000000000 100000000000000000 100000000000000000 100000000000000000 100000000000000000 100000000000000000 100000000000000000 100000000000000000 100000000000000000 100000000000000000 100000000000000000 100000000000000000 100000000000000000 100000000000000000 100000000000000000 100000000000000000 100000000000000000 100000000000000000 100000000000000000 100000000000000000 100000000000000000 100000000000000000 100000000000000000 100000000000000000 100000000000000000 100000000000000000 100000000000000000 100000000000000000 100000000000000000 100000000000000000 100000000000000000 100000000000000000 100000000000000000 100000000000000000 100000000000000000 100000000000000000
41 28 71 8624 594 650 47 509 185 879 964 3114 6 2148 2085 731 378 9535 57 59 493 3068 239 189 165 6 66 229 860 621 503 903 219 7145 129 62 24 9556 5583 2946 847 2456 9450
53 3 75 67 2 9 9 75 5947 845 7730 6 84 35 29 43 1710 795 688 813 27 4 946 16 84 799 8 7 1 100 259 20 1 4 1 16 15 4 963 73 589 8 2 1 1 9 472 93 67 283 339 276 10 14 60
20 19 841 41150419441 86 96 5115 421672 821207862 4469719072 843 835 1918 11179 57057573 91614298337 456 89921237914 276 7252085 23972962 3052963429
27 25 503032 25 439 8 76907 49081 136594 528394 10 97362 8354 27322 761066 60 11 572578 6275 118071 1 79109 108139 545287 0 25088 1 38326 28478
19 9 72 2 1 100 3471 81491 2 8 75 72 1 4 8889 397 83787 30 61318 692637 553
35 32 967 76 609 34789307 77516 63830 48022 23 52008 67 57354156 8585 30 67391 19364698 116 63 672 898 94397608 806 18 771 539757 3558956 459603 23 14733 6437320 70002 91 49 83169 647886 977500
2 1 5 6
38 8 7262294124 395799395838 722 618978 415696246658 159179487989 3816655750 9870 22031355591 8521763955501 2354 49 53381612445 7962 1755436 4519341702761 26007 1918083243593 69 965483261440 694304 6785 39924965 503276350 53077656453 1786608749 38 16194710581 33 6543 2087991 77796 39 297301 68042856885 1 511 91
10 6 252 8720 1984 28 5539 25 8017 15 6 3
33 28 92 305 30 25 354 8042 317 6 713 49 6 29 95 50 32 30 89 2 5 108 702 0 8 33 8082 33 583 10 9 28 4436 5 39
24 5 103 58 208 662 634 79 384 209 348 129 755 683 121 290 88 357 747 382 315 74 593 225 957 708
6 1 64 89 5 2 5 71
57 20 59 2 9 4 71863 7715 90 7973 71 32 57 69520372 8 7 15 4003 97 238001 52273 13 20594 21 8 74 4 7 44 49 80 23 36805 8197 541909 41544591 6694618 72 64 8188724 697 6 61 43018531 3 37146 76 53 10 36 36 97 6166497 98 66706 91 9 75063 43
57 40 6 0 7 4 2 3 9 7 5 6 2 5 0 4 8 10 7 9 7 3 0 7 6 6 3 8 6 9 5 2 5 0 3 5 7 0 5 5 2 7 6 1 9 3 8 0 8 8 3 10 5 8 9 4 10 0 5
40 37 182594 234471 276766 96 40894 685247 437886 410 477404 67 65420 306361 455544 0 9 534015 643 13 9064 866 96 674 523 734 173812 995789 666548 67 981 470 971048 6 47 7 658686 512369 7 611360 560482 1
2 1 45 0
7 6 218 7 28 26 9 259 164
46 8 2453899942542 443349776 9103 98803055702632 370253191 84 800393457155 841 3 25158069 71354645 813055803 3951882628 8823156092 85456878 637513 65257493268461 13 15100975 8069193818952 5904955 3301071667897 3037444732640 40117935 663016 5841403192368 72111529 1300048996530 631063 52450955860 641603 7326061745063 6053528 35322755 14 42411978 5 5281125 19936834 341933210171 601841 83478610650721 2736 686772 7836214184098 5221718
6 5 10 10 10 10 0 9
29 13 5 10 2 4 10 5 2 5 0 8 9 5 6 5 0 8 3 8 9 4 8 9 2 0 5 10 0 4 0
60 40 100000000000000000 100000000000000000 100000000000000000 100000000000000000 100000000000000000 100000000000000000 100000000000000000 100000000000000000 100000000000000000 100000000000000000 100000000000000000 100000000000000000 100000000000000000 100000000000000000 100000000000000000 100000000000000000 987049717928027 100000000000000000 100000000000000000 100000000000000000 100000000000000000 327740705096267 100000000000000000 100000000000000000 213029796380813 339095647850934 100000000000000000 100000000000000000 100000000000000000 100000000000000000 100000000000000000 100000000000000000 100000000000000000 782700375729376 100000000000000000 100000000000000000 871621507423556 200853011440759 100000000000000000 100000000000000000 100000000000000000 100000000000000000 100000000000000000 100000000000000000 100000000000000000 100000000000000000 100000000000000000 100000000000000000 674455069723763 899678269634782 100000000000000000 100000000000000000 100000000000000000 100000000000000000 100000000000000000 18092983640471 100000000000000000 100000000000000000 100000000000000000 100000000000000000
4 1 10 84 9 54
45 22 22 1 82 42 38 4 17 58 3 89 5 67 3 11 42 9 91 9 8 27 8 2 47 9 46 0 80 73 43 94 56 7 63 3 65 15 1 50 91 95 22 4 1 9 95
2 2 0 0
26 24 2453 5381 3163 3216 3198 1741 3031 2181 9053 2001 6355 98 22 88 1517 3941 3283 141 9515 4458 3131 103 4454 1 21 4626
21 15 67 115 785 7591 22397 91 844577 944 26 424 670915 989 96263 9 3512 36 8 3314 96 83475 353327
11 1 6 8 93 10 62 8 0 3 8 34 9
