100
2 2 73 100
3 2 245 272 238
4 4 5 9 7 6
2 2 0 0
3 1 81 51 7
6 5 9 10 10 10 0 10
5 2 51 57 12 658 77
4 2 5 955 4 61
4 2 9 1 0 4
2 1 6 37
6 2 69 90 30 46 13 0
4 2 89 6 51 58
5 1 34 73 490 423 4
4 2 65 37 6 53
3 1 3 0 4
1 1 10
6 6 1 1 1 1 1 0
1 1 53
5 5 87 91 10 93 90
5 3 8 8 5 5 5
4 4 10 2 5 9
3 3 6 2 8
3 2 0 1 2
6 1 16 2 18 1 49 48
2 1 2 3
6 5 216 99 25 2 798 3
6 3 10 2 777 701 539 33
2 2 7 7
4 3 7 10 78 0
4 2 995 203 43 401
6 6 74 15 6 99 50 98
2 1 7 5
4 4 4 10 3 6
6 4 6 5 1000 1000 1000 1
2 1 3 6
5 2 8 3 1 9 1
1 1 2
4 3 6 1 5 2
5 5 64 41 628 8 424
1 1 1
5 5 7 96 75 28 5
1 1 57
4 2 2 8 2 6
5 2 0 4 10 3 8
1 1 8
2 1 69 6
1 1 0
2 2 7 6
3 2 6 3 1
6 2 32 8 4 4 4 16
2 2 10 1
5 5 25 4 52 6 4
1 1 77
4 1 30 100 48 25
6 4 1000 1000 1000 1000 1000 2
5 3 8 7 0 0 5
1 1 0
6 4 3 7 10 3 6 8
5 2 5 6 2 10 3
6 5 1000 1 16 256 64 4
6 3 0 6 1 6 3 2
3 3 8 10 8
4 3 3 4 6 9
4 4 7 418 900 19
2 1 6 24
6 4 9 1000 8 1 7 1000
6 5 1000 1000 1000 1000 1000 1000
2 1 4 7
6 4 7 7 4 6 8 7
5 5 6 2 3 8 9
3 2 2 5 7
2 2 65 50
4 1 78 0 28 5
5 2 21 39 56 2 33
5 3 99 86 3 22 794
4 2 40 422 3 84
3 2 58 7 3
1 1 9
5 5 5 35 98 9 5
2 2 6 3
4 4 3 7 3 5
4 3 9 3 8 9
4 2 5 0 49 74
4 2 9 7 3 2
2 2 54 23
6 3 200 100 400 100 400 200
6 5 10 6 1 8 2 0
5 5 7 5 4 10 4
1 1 49
6 4 1000 8 1 3 0 9
6 1 81 87 87 6 184 40
2 2 9 7
1 1 4
4 4 40 20 67 90
6 4 1000 1000 1000 1000 2 1
4 3 10 8 7 8
5 5 93 66 6 98 74
6 1 1000 1000 1000 1000 1000 1000
4 2 9 7 7 6
2 2 7 6
