200
100
1 2 3 4 5 6 7 8 9 10 11 12
100
52 50 25 100 61 63 70 51 71 55 10 5
100
200 150 250 132 125 110 210 220 180 176 108 113
450
100 132 169 179 194 204 186 180 228 140 145 144
250
12 212 9 89 8 88 7 87 6 86 5 85
415
1 125 239 42 167 37 39 224 214 123 218 7
157
103 60 131 229 24 120 154 179 66 23 18 32
348
43 101 229 225 146 217 124 245 195 238 219 7
329
6 1 40 172 132 103 36 216 213 151 9 37
219
209 110 46 26 103 196 249 97 108 223 155 189
334
204 128 162 222 31 207 1 52 75 14 243 33
387
84 147 127 149 194 235 122 145 113 134 39 179
290
54 180 40 60 77 56 203 161 192 22 10 108
362
119 67 85 225 205 179 61 151 9 213 198 87
184
90 8 246 189 203 139 120 194 181 201 209 167
349
67 236 206 142 184 152 39 217 249 139 250 62
397
148 43 63 210 72 56 79 206 4 218 91 77
243
49 230 201 62 202 246 22 31 10 110 89 28
394
250 233 27 139 166 25 193 176 240 121 205 140
479
108 140 248 119 179 189 222 148 152 104 87 126
283
208 228 62 103 89 175 130 136 30 165 94 144
317
99 198 140 11 89 64 34 98 211 66 117 214
404
71 168 36 40 194 57 67 2 216 127 234 247
136
4 95 131 216 129 148 164 77 127 229 227 250
336
39 169 37 143 121 63 245 60 87 149 84 108
369
21 185 139 179 245 80 231 203 26 77 162 217
413
212 33 52 205 134 75 85 239 162 151 127 103
276
98 27 82 193 62 202 172 15 174 211 94 205
219
54 95 166 200 238 125 66 231 28 70 131 77
372
205 43 168 104 121 23 18 210 137 200 241 145
288
150 80 247 110 92 197 163 214 200 56 33 211
496
25 238 54 132 217 170 110 142 63 68 227 165
234
199 129 78 69 152 97 221 9 3 15 17 98
375
250 211 247 133 191 56 239 123 87 215 171 16
262
24 178 127 210 205 71 194 106 83 215 220 119
291
181 111 15 50 23 61 1 164 71 250 168 88
103
114 61 100 121 99 171 135 176 50 56 42 167
398
206 88 65 198 134 190 202 193 63 234 57 236
251
162 41 144 59 191 190 174 193 113 28 213 156
318
13 82 10 210 146 226 4 38 76 225 61 75
475
233 98 30 169 36 168 249 191 71 59 196 84
175
176 161 127 107 78 199 224 60 91 20 149 71
176
53 104 172 74 224 9 142 161 113 152 201 96
147
239 44 241 34 60 83 222 101 66 188 191 225
453
159 130 189 97 138 172 64 113 108 193 182 169
200
227 166 219 9 186 74 202 78 199 4 157 206
302
43 214 228 72 163 94 102 81 217 222 37 40
476
59 14 42 156 201 178 47 157 72 233 142 105
165
103 32 67 12 52 115 175 75 216 30 4 119
287
136 42 243 84 83 90 113 156 79 3 203 122
264
76 222 57 100 149 240 86 119 215 68 137 74
201
55 18 212 107 207 120 249 152 226 31 244 181
468
74 220 111 16 131 206 140 2 114 202 9 60
111
7 64 11 76 229 176 13 71 109 104 141 245
451
218 216 185 28 196 59 12 82 98 18 81 241
219
184 124 9 121 24 97 160 73 187 87 192 37
162
73 198 14 162 16 82 159 206 132 140 163 94
249
171 78 81 94 21 70 243 58 61 223 178 40
298
217 160 105 189 234 123 18 167 248 241 126 1
140
211 165 129 91 21 115 143 185 223 96 89 92
473
92 247 126 72 207 46 60 87 80 36 30 68
343
123 174 204 228 8 101 7 158 58 144 114 56
307
96 243 6 39 154 183 198 113 34 82 135 227
183
119 61 156 45 245 241 181 213 230 188 34 90
486
175 172 52 32 193 149 47 108 165 220 45 114
103
160 168 6 213 123 70 95 235 161 2 50 174
209
184 191 91 73 195 178 230 200 158 235 222 236
138
110 177 229 185 87 27 77 161 111 28 203 158
337
35 128 165 237 225 157 8 209 140 44 223 67
151
14 138 164 225 249 235 194 32 245 166 182 33
101
237 192 213 197 81 246 94 178 69 211 88 171
220
154 104 109 11 217 200 62 54 79 94 117 47
410
29 150 43 93 230 49 215 131 19 168 126 241
491
229 51 226 1 233 55 126 135 76 45 239 110
285
181 21 78 45 117 146 136 131 76 166 241 34
291
145 31 174 213 27 210 143 183 185 18 163 19
258
66 141 176 230 158 16 17 236 249 44 135 150
132
185 190 67 13 72 53 6 59 23 148 171 225
145
88 199 235 112 109 224 170 236 11 45 67 175
209
110 15 72 218 99 148 164 179 189 178 111 120
477
120 216 99 166 234 138 82 16 122 203 247 136
324
222 56 155 63 234 92 106 138 59 235 11 98
261
62 242 9 143 134 188 58 96 150 153 156 234
389
104 240 155 92 93 50 73 248 183 146 188 2
469
241 79 18 203 217 95 19 26 55 189 80 16
398
216 206 151 221 165 103 89 8 217 22 182 54
142
165 120 45 104 17 127 92 193 242 134 94 240
315
182 27 158 4 47 32 207 142 242 206 221 216
431
208 38 28 47 244 87 93 241 196 188 213 125
498
162 233 138 195 49 5 238 189 27 1 52 180
113
68 224 172 206 228 6 167 7 47 190 230 180
127
82 35 203 39 101 148 224 116 21 206 36 41
295
222 167 117 239 15 51 54 107 30 52 73 7
210
80 241 44 96 180 38 5 59 143 247 68 97
375
115 3 70 66 212 225 75 59 219 1 44 65
455
11 157 94 18 43 101 192 34 200 207 3 76
345
241 193 222 187 122 127 46 104 5 165 102 137
160
204 158 230 223 181 10 49 148 2 15 70 247
195
31 99 195 76 152 143 51 124 239 155 78 96
334
145 54 112 152 61 184 218 85 87 124 67 187
199
96 244 232 121 217 181 160 162 83 60 197 145
110
129 250 91 84 15 108 68 214 53 184 48 19
149
86 241 105 172 177 70 98 120 218 88 229 104
210
119 127 98 240 241 164 10 159 7 250 14 23
226
14 249 199 220 30 229 173 242 235 85 86 32
204
105 164 37 92 177 68 160 192 82 137 84 1
172
26 200 247 151 235 63 158 243 73 48 167 8
410
230 31 103 16 25 228 188 250 167 199 180 98
429
143 80 176 69 222 36 185 132 158 101 46 14
173
116 86 44 230 120 26 117 89 193 47 196 164
354
229 57 183 79 171 190 125 51 48 140 35 234
471
38 151 231 50 212 34 183 174 29 241 200 36
254
3 208 36 203 54 121 113 184 44 97 144 80
325
132 37 108 21 73 178 180 203 114 79 124 232
329
122 135 14 29 213 138 3 226 196 166 18 53
159
243 221 222 96 143 43 111 208 199 110 130 33
119
65 19 136 99 247 197 151 11 24 60 185 193
111
185 215 99 208 107 189 104 25 88 238 11 214
482
155 100 12 167 234 98 144 185 184 24 90 147
480
31 100 168 178 207 28 235 134 136 44 88 91
443
105 128 200 152 246 111 179 190 40 181 225 245
485
120 133 231 16 112 250 239 142 8 54 175 140
171
81 227 193 79 162 175 204 243 49 170 96 23
151
181 94 88 47 67 215 192 109 229 123 214 85
483
183 73 174 17 15 95 117 142 67 80 133 54
114
210 200 37 233 62 96 29 18 154 177 197 109
478
218 179 67 96 9 173 97 37 1 48 95 147
312
47 59 150 97 92 215 233 148 121 249 11 129
443
248 79 45 204 73 51 133 52 245 158 212 199
155
156 121 102 157 117 107 87 84 3 203 19 48
336
108 18 32 99 213 204 250 63 112 219 210 111
468
26 164 131 149 45 249 105 137 175 243 203 108
262
107 159 43 11 64 166 22 7 173 28 61 188
115
98 43 176 95 59 193 242 53 82 247 156 62
422
187 208 43 141 129 185 86 180 21 54 27 108
120
173 208 59 212 162 103 137 204 109 41 152 236
253
228 53 78 162 35 28 193 18 161 121 241 6
136
213 92 250 11 194 200 137 109 214 106 204 236
441
141 166 184 131 43 74 31 217 12 188 148 60
187
62 103 179 187 188 231 79 214 84 106 104 69
299
71 4 55 59 124 241 127 175 141 28 65 187
112
35 15 100 119 239 40 190 20 198 156 39 84
274
240 98 228 213 119 242 86 21 32 185 135 162
288
197 40 219 161 144 61 130 160 206 91 96 27
410
53 24 120 85 162 230 62 41 97 194 179 113
193
150 68 151 32 212 134 235 112 213 109 25 208
271
216 116 206 11 103 47 169 13 79 208 37 8
254
58 24 53 164 220 236 195 135 27 36 84 26
150
123 2 37 175 221 231 51 36 126 170 139 177
123
58 142 100 57 192 206 223 170 186 118 152 178
399
182 214 207 139 205 196 191 210 244 106 2 136
202
243 121 111 211 231 172 55 7 132 193 68 246
376
52 115 128 137 130 176 15 82 11 77 149 250
246
107 184 94 177 109 163 171 54 219 132 79 152
131
192 221 214 201 47 150 114 72 148 48 149 198
118
248 121 74 143 201 190 123 208 62 64 186 2
311
35 192 204 144 6 93 137 237 12 73 76 245
169
166 124 217 37 213 74 203 1 16 96 53 175
430
33 150 114 180 46 183 229 123 87 163 58 22
121
28 203 158 79 113 180 122 25 197 221 53 32
258
141 228 152 161 222 137 127 187 186 183 185 223
244
94 197 205 15 209 67 82 28 78 60 140 102
389
70 228 195 66 63 141 82 56 75 159 174 236
224
86 38 220 135 43 195 116 75 63 225 171 223
134
180 118 22 139 72 248 173 245 12 143 68 250
360
132 168 201 233 143 184 85 198 170 206 229 228
117
168 158 75 239 62 86 21 107 110 157 38 27
445
212 193 178 169 22 139 160 50 128 93 94 98
434
123 208 249 19 197 46 180 166 79 119 143 5
100
147 136 181 163 175 220 216 17 22 202 12 212
466
190 149 225 216 237 88 72 76 10 118 203 82
441
16 19 63 221 202 45 168 151 54 187 27 101
449
246 161 167 152 214 60 14 47 190 192 113 169
477
17 172 86 56 68 195 183 218 235 37 229 222
463
121 240 199 130 166 217 203 182 155 43 11 239
138
84 152 231 160 110 31 12 30 67 175 54 5
379
2 92 106 201 11 88 198 101 213 51 12 199
238
5 192 7 215 189 75 58 214 190 206 224 45
498
24 153 9 159 49 185 8 227 155 116 140 244
156
199 101 27 113 41 207 222 26 145 140 136 181
452
245 107 93 211 237 244 40 68 60 195 185 218
356
60 136 228 2 152 185 205 140 243 64 23 65
189
51 45 32 164 27 74 146 92 166 78 163 239
337
210 121 234 184 95 146 167 156 27 99 172 51
438
150 143 166 147 118 203 75 94 200 41 191 59
128
84 25 143 5 215 218 169 166 37 197 34 170
418
60 95 167 235 117 171 148 183 107 28 162 244
192
140 150 85 242 10 34 71 168 76 8 215 192
498
53 101 147 244 102 54 122 98 188 202 3 154
401
206 233 11 246 135 88 7 169 239 113 26 218
495
90 193 164 73 123 92 197 17 12 21 58 108
273
25 236 38 129 141 245 69 45 94 47 181 2
152
28 177 201 20 32 203 202 7 123 169 225 77
240
143 76 71 74 198 211 30 155 238 204 11 232
287
169 212 161 97 71 151 166 24 40 82 237 168
246
41 204 249 136 141 117 11 243 81 17 232 26
442
90 183 222 241 69 57 128 210 30 18 191 65
173
107 16 114 210 73 175 250 215 174 57 159 30
153
171 114 26 56 112 72 39 34 187 188 249 97
385
243 191 182 104 171 24 204 16 187 131 246 234
