100
3 1 5 15 13 11
3 0 8 23 22 21
1 0 3 5
3 1 3 15 4 2
2 0 7 8 27
1 0 10 7
2 1 9 16 11
3 3 3 24 4 6
3 3 10 27 7 23
2 2 4 19 25
3 1 6 4 10 28
1 0 3 6
1 1 6 25
1 1 2 18
3 0 8 20 21 11
2 1 7 23 24
1 1 0 14
1 0 3 3
3 0 8 7 28 26
1 0 8 21
3 0 0 30 30 30
3 0 3 28 5 20
2 0 2 24 23
2 1 6 5 9
2 0 5 12 26
2 0 6 8 14
2 0 1 24 4
1 1 1 4
1 1 3 17
1 0 9 24
1 0 6 15
1 0 7 22
3 2 8 13 27 16
2 0 2 15 28
3 1 5 12 12 11
1 0 8 21
1 0 3 5
2 0 8 6 4
2 2 3 14 4
2 2 2 5 21
2 0 1 0 19
3 0 4 9 29 29
2 1 3 1 13
3 3 0 6 11 12
1 0 4 9
1 0 9 17
3 3 4 6 6 4
1 0 3 28
2 2 0 3 21
1 0 10 26
2 1 2 2 2
2 2 2 12 13
3 0 10 30 30 30
2 1 10 3 2
1 1 1 24
2 2 9 23 20
2 2 10 23 4
2 0 2 0 26
1 0 5 30
3 1 1 24 1 24
3 0 2 3 5 15
3 2 9 9 9 6
1 0 1 0
2 2 8 21 28
2 1 4 25 29
2 0 10 26 27
1 0 7 6
2 2 0 16 25
3 3 1 7 18 15
3 3 10 16 5 10
2 0 2 19 3
1 0 5 12
1 1 5 18
3 1 5 18 2 23
1 0 5 12
2 0 3 23 3
3 1 8 13 21 21
3 1 6 15 14 28
2 0 3 26 5
2 0 0 0 0
3 3 9 5 11 23
2 0 8 21 30
1 0 4 8
1 0 8 21
2 0 4 14 12
1 0 6 14
3 0 2 27 24 5
2 1 2 2 3
2 2 2 22 9
1 0 6 28
3 1 3 4 11 16
3 0 2 29 20 4
1 0 3 6
2 2 6 2 26
2 0 2 3 2
2 1 1 0 15
1 0 6 1
3 3 3 17 23 18
2 0 4 4 9
1 0 10 26
