100
2 1
500 300
900
660
2 1
500 300
1500
809
2 2
50 100
450 449
1100 1101
2 1
500 300
300
500
1 8
10
11 13 17 11 16 14 12 18
2 7
4 10
2000 1760 382 1083 2814 2368 827
5693 3054 7394 950 2146 5000 3600
1 8
10
3 4 7 1 8 2 5 6
1 6
6
12960 12960 15230 13345 13311 14394
2 6
71649 111983
326900 933714 441622 837149 947239 768874
776606 741558 992436 818378 845251 941820
2 3
9 3
20474 21600 22911
6738 7615 7200
2 8
1 10
1270 1206 1101 1199 1122 1253 1080 1200
11039 12818 12063 13200 12650 12407 10851 12000
2 5
8 8
34 24 72 17 51
17 88 24 52 35
2 3
2 9
1638 1660 1762
7506 8415 9009
1 3
7
14 63 35
2 4
50003 63036
844755 897329 528864 885120
348002 970910 456288 660945
1 5
235412
877680 821398 675724 999864 890597
2 6
5 8
9350 9171 7969 8913 8500 8072
13600 12882 12978 14477 12240 14923
1 4
10
5000 4077 11700 17721
2 7
7 5
10002 10010 13316 16207 10531 9950 4200
7589 8858 6407 11972 3000 5850 7051
2 2
10 6
3410 3184
1913 1674
1 1
6
66
2 5
848511 24485
776286 804732 720689 569514 822106
837519 989115 998252 938791 984697
2 8
6 7
1800 1919 1980 1800 1620 1724 1774 1808
2310 2100 1979 1890 1899 1949 2100 2169
1 3
8
6480 7200 7488
1 5
1
493 431 104 330 200
2 3
7 5
4372 8400 8190
6000 3236 7150
1 6
10
5714 5539 6050 5984 5490 6186
2 8
117649 77562
610000 996737 952270 998121 715792 839870 549075 643285
935424 729780 750183 996749 940859 495024 725787 862392
2 3
3 4
600 316 856
1163 800 419
2 7
401699 36293
527823 727533 721252 472181 965053 842558 829689
645168 411388 770939 954682 971623 764787 968230
2 3
3 10
1386 1509 1564
5030 4907 5292
1 8
9
9876 9720 11129 10547 10749 10800 10800 11811
2 6
145352 23109
677462 899270 222915 969777 919186 463224
534648 863077 940628 764222 860628 748335
1 6
3
27 27 23 9 3 21
2 8
142153 217247
959900 911489 960814 221804 819501 261985 561200 853150
557198 813334 970742 950320 673637 876266 690907 993060
1 7
2
1066 1080 1315 398 220 638 800
1 5
10
21642 22000 20000 21384 19538
2 7
9 8
900 1736 2646 4517 3960 5744 5400
4800 2551 1598 2880 5251 4298 800
1 3
9
81 9 9
2 8
1 7
220 1606 1944 2670 2100 1700 2293 180
13364 14700 10874 1260 1540 16133 16320 11900
1 3
3
4617 5154 5115
1 2
4
361 880
2 5
7 2
1477 3500 2275 3080 683
720 1000 181 438 631
2 8
2 6
2 6 18 4 8 14 6 4
6 24 44 66 18 12 18 12
2 5
8 7
8875 11200 13680 805 14588
9800 726 7865 14630 12349
1 3
4
28 44 27
1 3
9
906 2700 1980
1 1
2
8
2 8
10 9
8100 8278 9040 8159 9844 9030 8444 9470
7442 8466 8445 8910 7305 8136 8830 8127
1 6
10
5331 21261 6000 16835 1908 3600
2 8
1 4
1100 1001 983 1081 1000 1076 1000 982
4093 3799 4000 3863 4254 4000 4086 3600
1 2
3
4200 3817
1 7
5
472 2000 1457 3849 2788 1090 2250
2 8
181533 390343
549639 888604 753195 925127 826206 991303 904710 975769
986921 852315 900874 775347 981809 989425 715829 955445
2 8
6 6
9830 9982 11115 10860 10168 10188 9180 10206
10112 11220 10188 9956 10574 10417 9819 10206
2 7
6 2
1180 3809 3240 660 2539 1800 2964
1320 390 600 1320 938 180 830
2 8
3 7
5957 6088 5708 5130 5130 5306 5700 5970
12931 14200 14454 14630 14351 13300 14630 14329
2 8
4 4
4 4 4 44 4 36 4 4
4 4 4 36 44 4 4 4
2 8
4 7
36 35 23 29 20 44 29 8
35 63 54 50 57 77 13 42
1 1
7
14991
2 6
2 5
1262 557 1260 3960 4092 3600
8100 3124 9000 9273 1366 3850
1 1
3
1578
1 4
9
9 99 9 9
2 1
83757 105791
819508
390341
2 4
7 5
9509 10465 9769 11467
6943 7475 7191 8222
1 4
5
3150 8894 6273 500
2 7
7 9
10479 10031 11125 10500 10615 9513 10342
12298 13281 14949 13473 13904 13500 14613
1 2
7
2167 1944
1 4
398642
911321 875781 993341 990802
2 4
8 9
8 8 72 8
9 99 9 9
1 6
227463
837546 597931 938350 682459 657127 898599
1 5
4
1589 6665 9686 440 800
2 8
1 10
1634 1530 1700 1578 1752 1735 1700 1779
18470 16884 17000 15367 16022 18700 18040 17683
2 8
604443 64116
566266 949789 447649 458361 811850 936372 559863 758289
941638 989921 794042 355881 773565 843150 514941 981961
2 8
1 3
382 628 700 550 200 321 105 876
1136 1829 600 313 1350 918 2469 2100
1 5
8
2337 859 3417 1760 4000
2 3
8 4
4400 3882 4032
1800 2159 2016
2 8
8 7
8 88 88 8 8 8 8 8
7 63 7 7 7 7 7 63
1 3
1000000
900000 900001 899999
1 7
9
99 9 9 39 28 77 9
1 2
4
4 24
2 7
6 9
10200 5776 3300 1146 14469 4019 10800
4050 21603 8547 15300 16200 6046 1770
1 8
10
20 110 27 61 68 110 43 51
2 6
3 7
12 11 22 27 26 17
77 51 60 27 41 28
1 2
10
13000 14075
2 4
8 5
12190 12225 13288 12024
8048 7634 7515 6795
1 5
9
9 50 99 37 53
1 2
4
44 21
1 8
527653
959875 969020 788395 897589 722450 993551 837947 704913
2 5
99345 106165
994208 850510 234228 835143 960427
975836 368405 239453 757420 778721
2 7
8 5
8 8 88 8 72 8 8
5 5 5 45 5 55 5
1 3
5
11231 11514 12100
2 8
1 1
1000000 999999 999998 999997 999996 999995 999994 999993
999992 999991 999990 999989 999988 999987 999986 999985
1 2
3
4620 7452
2 4
9 10
10218 8262 841 15300
919 12091 17000 9882
2 8
3 9
659 1641 1104 990 2201 2640 1800 300
5400 2430 3518 6509 1878 900 4162 6480
2 8
3 6
1709 4569 4940 5571 3510 6900 2640 4200
9869 3415 8400 8580 9610 13800 4320 10530
2 2
100472 265050
872871 934486
780455 573608
1 2
3
2970 3333
1 8
9
5928 1675 931 3600 4240 5741 6480 2430
