100
11 5 16 5 0 0
3 1 3 2 2 0
3 1 3 2 1 0
2 1 5 1 1 1
27 1 54 13 3 6
99 2 2 8 0 0
80 15 55 89 33 87
95 1 93 47 0 1
94 1 91 47 0 1
100 1 94 49 0 1
99 1 95 48 0 1
98 1 95 49 0 1
92 1 22 46 0 4
93 1 93 47 0 1
44 1 91 19 3 3
83 1 86 5 1 1
38 1 27 24 7 3
23 3 46 13 3 3
99 1 32 48 0 3
98 1 46 50 0 2
100 1 96 50 0 1
100 1 45 50 0 2
83 1 23 45 2 9
99 1 92 50 0 1
18 1 80 9 2 9
28 5 50 7 0 0
92 1 93 45 0 1
92 1 100 45 0 1
91 1 46 45 0 2
90 1 90 45 0 1
91 1 95 46 0 1
100 1 24 52 0 4
25 1 49 11 4 2
99 1 24 49 0 4
95 1 47 47 0 2
16 1 96 3 3 2
69 1 82 29 3 12
99 1 90 48 0 1
95 1 90 46 0 1
100 1 98 50 0 1
93 1 91 46 0 1
91 1 96 44 0 1
37 4 73 55 1 19
92 1 19 23 0 0
41 32 38 93 1 29
90 1 94 44 0 1
95 4 23 34 0 0
100 1 93 50 0 1
35 1 3 96 2 17
100 1 23 49 0 4
97 1 93 48 0 1
98 1 98 50 0 1
97 1 100 49 0 1
93 1 24 46 0 4
18 1 30 7 2 3
55 7 59 52 2 24
90 1 31 44 0 3
98 1 92 48 0 1
60 1 32 29 8 8
98 1 99 48 0 1
36 41 85 76 28 49
98 1 94 49 0 1
22 1 28 11 3 2
49 1 85 25 1 5
98 1 49 49 0 2
98 1 100 49 0 1
27 1 58 14 1 2
100 1 90 50 0 1
93 1 90 47 0 1
21 9 70 8 2 2
48 1 34 26 4 2
97 1 45 47 0 2
99 1 22 52 0 4
95 1 47 49 0 2
93 1 33 47 0 3
97 1 91 47 0 1
90 1 22 45 0 4
16 1 98 6 4 2
96 1 97 47 0 1
40 22 89 24 1 3
29 1 45 16 1 4
90 1 92 45 0 1
99 1 98 50 0 1
98 1 100 14 4 8
26 1 60 13 3 2
91 1 30 44 0 3
88 7 48 60 0 0
100 1 94 50 0 1
97 1 97 49 0 1
93 1 94 45 0 1
92 1 93 46 0 1
97 1 92 49 0 1
44 1 69 19 1 10
100 1 95 49 0 1
99 1 32 52 0 3
93 1 30 47 0 3
60 27 62 56 32 21
92 1 94 46 0 1
95 1 33 49 0 3
25 4 9 30 2 1
