100
11 5 16 5 0 0
3 1 3 2 2 0
3 1 3 2 1 0
2 1 5 1 1 1
100 1 96 49 0 1
87 1 60 91 2 44
99 1 32 51 0 3
82 1 43 72 3 28
92 1 47 45 0 2
94 1 92 46 0 1
88 7 48 60 0 0
97 1 86 15 2 2
74 1 70 40 1 10
97 1 94 48 0 1
36 41 85 76 28 49
99 1 23 50 0 4
95 1 30 50 0 3
30 1 70 7 1 2
92 1 23 47 0 4
100 1 97 51 0 1
98 1 94 50 0 1
90 1 49 47 0 2
93 3 79 65 5 27
100 1 24 50 0 4
91 1 90 45 0 1
95 1 31 47 0 3
68 1 70 27 1 1
91 1 60 28 2 2
91 1 45 45 0 2
26 1 60 13 3 2
99 1 90 48 0 1
92 1 90 47 0 1
82 1 22 39 4 2
96 1 96 48 0 1
93 15 69 17 1 4
95 1 92 46 0 1
92 1 93 47 0 1
6 1 96 89 2 6
100 1 94 49 0 1
1 45 95 1 1 2
93 1 24 49 0 4
2 1 32 1 1 1
90 1 90 46 0 1
93 1 100 46 0 1
100 1 96 50 0 1
93 1 94 47 0 1
100 1 48 52 0 2
92 1 19 23 0 0
94 1 92 47 0 1
18 1 38 91 2 26
99 1 30 50 0 3
97 1 98 47 0 1
90 1 91 44 0 1
99 2 2 8 0 0
93 1 97 45 0 1
97 1 90 48 0 1
100 1 22 50 0 4
93 1 95 46 0 1
81 1 37 52 2 11
100 1 31 51 0 3
92 1 100 46 0 1
93 1 24 45 0 4
97 1 100 48 0 1
98 1 100 48 0 1
25 1 80 13 3 8
26 4 66 15 5 4
98 1 91 50 0 1
97 1 21 42 1 3
95 1 93 47 0 1
57 1 37 71 3 12
60 1 89 25 1 16
99 1 24 50 0 4
83 1 72 34 5 5
92 1 90 46 0 1
33 1 68 19 2 5
92 1 90 45 0 1
100 1 95 50 0 1
92 1 95 47 0 1
99 1 95 50 0 1
71 1 33 91 1 25
70 56 74 67 1 3
94 1 90 46 0 1
98 1 99 48 0 1
95 1 92 48 0 1
98 1 95 50 0 1
96 1 48 47 0 2
97 1 97 47 0 1
95 4 23 34 0 0
17 1 72 53 1 42
96 1 32 50 0 3
98 1 47 49 0 2
17 1 49 8 3 2
36 1 87 21 1 2
92 1 30 49 0 3
93 1 98 47 0 1
100 1 93 51 0 1
28 5 50 7 0 0
71 1 66 39 3 25
80 15 55 89 33 87
93 1 46 45 0 2
