100
11 5 16 5 0 0
3 1 3 2 2 0
3 1 3 2 1 0
2 1 5 1 1 1
73 1 45 65 1 24
99 1 97 50 0 1
94 1 24 51 0 4
31 1 95 14 1 6
77 1 35 39 2 11
80 15 55 89 33 87
33 1 64 38 1 12
92 1 91 46 0 1
95 1 91 48 0 1
92 1 22 50 0 4
100 1 92 51 0 1
99 1 93 48 0 1
97 1 90 49 0 1
100 1 97 50 0 1
70 1 91 35 2 1
92 1 19 23 0 0
40 2 23 22 5 4
96 1 22 51 0 4
90 1 30 45 0 3
95 1 33 50 0 3
97 1 98 47 0 1
47 1 92 22 2 3
82 1 53 33 4 9
97 1 92 47 0 1
52 15 42 67 20 12
91 1 95 45 0 1
36 41 85 76 28 49
20 5 99 11 7 1
24 2 28 6 1 1
98 1 90 49 0 1
97 1 91 49 0 1
95 4 23 34 0 0
26 1 60 13 3 2
94 1 30 46 0 3
93 1 94 46 0 1
96 1 30 48 0 3
100 1 91 51 0 1
68 1 25 39 1 8
94 1 49 47 0 2
98 1 30 51 0 3
93 1 100 47 0 1
79 11 82 36 1 12
96 1 97 49 0 1
91 1 91 46 0 1
97 1 24 49 0 4
93 1 97 47 0 1
45 3 40 27 18 2
90 1 97 45 0 1
89 4 12 50 3 3
84 1 60 46 1 27
95 1 93 48 0 1
90 1 24 45 0 4
97 1 97 48 0 1
32 1 61 10 2 1
98 1 97 49 0 1
88 7 48 60 0 0
28 30 62 72 5 59
92 1 100 47 0 1
99 2 2 8 0 0
100 1 96 51 0 1
87 1 73 25 3 4
91 1 31 44 0 3
41 1 56 21 3 4
94 1 91 46 0 1
51 1 95 22 3 2
90 1 97 44 0 1
90 1 46 45 0 2
58 1 52 28 2 9
97 1 100 47 0 1
98 1 23 48 0 4
92 1 59 54 1 39
92 1 49 45 0 2
93 1 22 46 0 4
100 1 98 50 0 1
96 1 96 49 0 1
96 1 92 48 0 1
100 1 31 50 0 3
90 1 45 45 0 2
28 5 50 7 0 0
16 8 57 65 6 43
98 1 47 48 0 2
96 1 90 49 0 1
91 1 91 45 0 1
95 1 92 47 0 1
95 1 48 47 0 2
97 1 100 49 0 1
92 1 99 45 0 1
97 1 95 49 0 1
98 1 92 50 0 1
96 1 47 49 0 2
90 1 94 45 0 1
7 2 72 2 1 1
98 46 54 30 8 11
97 1 99 48 0 1
93 6 65 52 1 15
51 1 1 25 4 7
