100
6 658
445 447 273 325 274 407
6 473
307 327 327 412 376 375
8 300
200 185 267 243 250 274 160 112
10 135
72 48 115 94 40 121 80 114 109 117
10 581
304 372 553 490 110 273 106 81 129 325
6 258
148 57 83 153 89 62
10 588
501 87 343 174 260 254 328 334 414 245
6 262
172 134 156 206 4 30
10 52
47 13 22 11 52 11 6 31 45 28
10 630
62 565 248 48 209 421 568 582 382 65
7 369
165 157 130 133 324 141 123
10 572
258 409 177 376 532 72 189 118 219 520
7 648
159 513 159 216 105 216 105
7 397
342 345 181 322 308 239 196
1 613
165
4 572
425 534 220 252
10 372
181 266 369 331 106 3 41 299 191 73
10 465
251 357 407 125 304 262 351 47 263 191
10 465
443 443 198 345 153 215 5 215 345 5
8 575
572 393 3 51 524 445 130 182
6 551
309 206 400 98 327 12
3 595
565 486 442
10 265
253 199 163 240 113 96 164 90 142 167
3 415
191 164 196
10 14
3 3 7 10 5 2 4 12 8 9
10 167
140 139 56 165 137 24 129 123 31 50
1 173
66
10 262
92 11 107 9 44 251 107 118 250 28
6 116
80 64 86 42 54 66
10 142
123 105 121 85 74 28 13 20 134 36
10 169
104 160 135 31 158 127 43 68 81 48
4 646
450 439 366 495
10 700
1 1 1 1 1 1 1 1 1 1
10 164
164 61 153 120 56 134 54 12 45 39
10 546
513 6 424 471 458 457 361 238 202 517
8 478
415 367 226 412 433 270 369 300
4 362
150 2 34 207
9 500
29 29 209 337 428 231 428 428 428
8 254
221 91 33 24 163 57 230 197
8 654
217 217 289 221 217 252 221 252
3 253
13 241 4
10 384
18 239 53 142 201 129 126 107 115 375
10 558
307 146 188 71 153 338 181 162 440 493
9 611
348 573 112 154 150 146 438 579 75
8 344
220 216 124 128 322 178 166 22
6 400
196 340 204 374 26 60
10 336
21 284 140 198 97 49 329 268 118 175
8 655
535 345 624 158 301 397 183 580
7 610
375 54 135 78 489 151 284
9 454
80 7 271 271 445 271 445 433 433
10 383
312 18 369 162 244 175 359 97 329 32
10 291
223 243 250 15 76 249 12 156 286 205
3 262
92 96 254
10 541
39 239 245 530 335 37 84 150 368 344
10 109
67 16 12 70 19 32 30 28 16 105
8 654
264 315 315 96 199 199 264 315
10 627
135 305 384 465 562 604 68 552 493 369
5 642
453 258 440 276 365
8 185
11 33 101 37 6 112 51 6
10 500
435 109 65 264 236 389 111 391 281 219
6 584
170 415 128 457 559 26
10 143
135 120 64 102 59 86 47 130 104 135
10 537
276 492 294 252 95 440 117 517 417 68
6 189
49 20 11 76 104 19
10 313
197 293 193 286 112 256 143 240 139 144
5 497
240 178 9 99 109
6 506
271 135 398 111 286 192
6 543
313 425 372 397 491 469
10 414
353 69 72 345 268 61 342 146 345 69
10 210
123 175 127 74 166 7 86 81 176 47
8 335
102 19 234 102 317 163 173 234
10 244
25 174 169 218 13 87 52 240 71 29
10 471
274 187 100 230 457 470 141 43 374 381
7 453
331 312 200 312 200 200 200
2 400
104 168
3 412
234 221 401
7 436
291 387 305 362 361 368 395
10 568
462 320 293 397 340 399 553 535 259 341
10 521
419 419 503 503 503 134 503 331 331 422
7 626
478 376 279 275 486 498 247
10 109
64 54 26 7 81 52 11 64 37 24
9 655
196 592 557 47 543 280 401 100 337
8 612
419 430 435 183 178 194 374 239
10 352
334 250 326 26 338 333 168 267 310 93
10 350
107 270 34 116 262 225 15 242 199 186
9 596
480 566 501 535 552 454 559 430 535
7 356
347 347 347 170 347 138 170
9 519
370 305 145 57 394 106 10 163 385
4 583
439 239 424 362
6 699
326 621 373 78 51 648
10 1
1 1 1 1 1 1 1 1 1 1
8 348
307 273 121 323 189 285 257 170
8 91
76 49 6 21 12 55 8 46
10 153
44 36 61 9 108 68 127 94 123 4
5 553
116 236 236 236 116
4 656
389 414 373 604
5 391
255 309 256 199 289
10 163
155 126 28 134 56 82 34 75 138 123
6 613
249 555 239 380 406 140
9 373
350 343 270 284 302 309 282 361 335
