100
9
396 6610 219 5107 3668 261 8310 3650 8837
4
324755659 92029086 723832975 302063392
4
721 284 389 814
9
8821 626 284 2011 33 1746 1609 287 7478
8
4313845 3020954 7005207 2825651 9558503 2189312 7194255 7433120
10
5611 6875 4310 1382 5207 9983 6857 608 8068 8516
7
156492057 240417747 567581087 985599208 309248569 824501886 988769369
9
242 4576 4579 5449 5834 4967 2622 5627 8968
10
817 646 472 258 71 177 317 590 678 848
10
814 705 337 116 73 94 138 538 764 888
10
195042418 793584240 929702930 136047135 875288270 371596091 855400899 563974883 683035794 949913995
9
7414 6636 784 9471 12 3336 3020 2357 4021
8
331007356 655996349 620277374 153012384 959978250 829218568 81372374 914126691
10
891101513 772690112 669060211 921847065 926917540 493081320 459176423 556380466 19154094 541070494
6
483 219 4 176 276 649
10
7 295 403 524 660 685 708 895 766 711
10
894 850 543 191 11 75 329 743 868 958
3
248 600 432
10
9758 1121 7719 4429 1537 6739 3277 6784 5733 3374
4
734989816 806088654 966565239 181338492
9
9774066 9091854 587569 2506769 7441597 5984199 4210936 3762082 4610789
3
975648435 307674137 985445195
5
339234187 351857083 116148102 946098871 951921349
8
474 7593 6471 9060 9908 425 3681 9396
6
355325514 139015693 153548630 582495144 807659976 232478001
9
6181 1792 57 319 7473 4898 110 4863 3633
10
874497022 830747947 688185840 9072930 170950723 72553334 219279430 754706098 512039261 611627915
10
3467 4202 4668 9541 5727 8380 2824 3432 2217 9081
5
1 8 10 3 7
10
9302814 641593 8481972 6083073 1013916 3088962 7715267 688551 2054443 9948585
10
9200 812 1192 1982 4895 4470 1335 258 4222 499
10
850 733 599 102 39 85 411 686 809 987
9
5167 5954 3921 2512 2110 1724 4326 290 5778
10
354799955 901109256 89093178 649261581 634252037 708658647 463337563 364482905 215106039 610931740
8
650 387 271 44 100 355 405 668
3
334555840 313009058 83481934
9
776913053 466491362 100643926 9331914 256783993 916797300 681787244 199873709 418760625
10
9869 213 1481 476 4621 6377 9704 4534 7113 8524
9
6552 135 5510 5451 492 178 3940 2914 5731
4
949971642 144509367 516529310 748670151
6
860 304 118 172 345 957
8
841 712 633 77 404 676 720 872
10
2413 5544 4470 2115 378 4637 4344 303 1343 8143
9
8043 7986 133 5526 5354 108 3282 109 9733
9
9265 978 5614 406 9583 300 464 3920 3476
10
6433 8919 89 9773 336 5903 4235 2479 1323 9761
8
312 4833 495 4459 4333 7892 3806 5743
10
758 626 394 176 46 149 217 449 650 837
10
398086528 935810603 20801081 624909878 985901552 798666522 346107660 41182503 728011988 431374061
5
132 184 528 768 827
10
987955107 602983224 236068711 278118670 837378666 661420647 478649794 833384617 551013978 263152320
4
160 489 820 671
10
8238 1376 8346 7756 4534 4744 7577 7836 8134 3857
10
735 600 463 278 1 158 311 556 626 901
9
8562 1577 6465 4262 5947 138 5433 8003 9465
3
99238828 314759403 28862568
9
33 37 687 665 425 262 258 186 138
10
844 674 657 445 283 300 457 667 836 956
10
920 696 663 453 130 432 456 694 800 984
10
482445142 201870693 381953926 237793040 396182413 984124192 215232790 513138755 649419191 527289062
10
833 718 687 466 61 250 519 707 814 854
9
893 782 759 474 255 374 570 778 879
8
303439889 970059809 484489227 753111315 569765229 116226377 772384381 730146954
7
672 299 185 2 72 277 602
8
9284 3302 8849 7262 6107 430 362 3650
4
304 53 109 806
8
2323996 1693231 7126476 1074789 9982645 7964447 2238188 8160734
9
7728 44 8697 435 6396 9929 247 5346 9358
8
902 455 214 4 51 282 459 906
9
549491634 64854589 899233090 276101721 448964630 867832528 539297530 477593119 693644707
10
4993 1431 5382 341 6312 6084 342 3585 1300 9954
10
744 686 614 313 16 18 330 643 717 779
4
4412089 9328745 8707213 5101438
10
27 6417 6820 6980 8642 7591 376 670 6982 9365
10
9970 9928 3017 374 3598 4683 8678 3657 213 8842
10
780455839 894726791 632862481 415644931 820195461 452593956 623191548 579624137 730312937 233676265
4
255817009 416105966 593205574 324930028
9
8119 6723 592 5203 7422 2054 6178 6710 63
9
946 944 903 893 871 722 488 380 162
3
352 180 318
8
486776242 6672954 233986468 669559068 949612342 794868405 197437018 841117229
5
109 570 451 158 131
3
311 715 707
10
57448214 369724839 748158440 771240997 598017676 761761092 892859871 830693232 340070632 985986001
10
633839062 489114096 23559622 473905541 719794259 903143718 763864972 194253234 658614636 806141969
1
867979171
8
618453588 648154818 109247191 642855502 849980294 477087495 128047826 957952040
10
8518 3472 9531 3390 4199 145 291 1550 5014 8688
10
7217 482 399 1065 6133 2340 8111 6226 1402 3856
4
863690978 545739996 84877384 769326247
5
46 872 783 606 288
10
8534 5120 3883 6988 2537 7141 1541 7807 9445 8695
3
1 2 3
8
172869386 888551783 174275210 153863967 328622325 708344092 59268228 356297690
6
940 319 190 287 350 998
10
364889065 361096178 993334976 190105717 635145472 780269222 212305525 379224475 816984174 14699139
8
9752 354 5323 5989 8808 9982 9486 86
8
7907856 522151 1449858 7566388 1307732 3576472 5666132 4940643
10
956 802 554 310 56 220 438 693 934 985
5
507233735 274102514 185586416 272443480 520752718
