100
6
225 250 662 988 889 796
10
720 612 432 268 71 109 286 513 622 946
10
9080 3628 1153 3454 5043 2383 1610 5854 7514 9715
8
5241 1290 8281 2225 3011 1170 1355 6834
5
4 894 416 333 230
6
799 469 42 138 517 839
4
562311136 813512007 128623524 40411080
9
9650695 9181646 441710 1760029 8843859 8652536 7103683 3992096 8227810
10
752 740 566 300 136 229 393 612 745 792
9
7291 8734 332 4026 4446 4023 272 401 9056
10
466038953 451123270 14927884 858435927 461424866 474555970 687324707 631014858 460783315 520116110
8
8618 251 1586 3230 424 1589 9780 6185
7
928 828 620 255 409 634 894
8
8473 2625 3835 7292 4822 2955 5091 5153
8
715 694 625 574 520 468 334 32
8
406 408 918 883 799 755 696 554
10
153934324 369828935 663297736 417154873 436394071 822962255 939162035 920180496 788439128 124302763
10
4559 6048 4096 6440 3677 3079 2994 5481 8160 8168
8
7234604 2072007 3931312 6397740 3171824 4699081 5846533 5389652
6
595 577 416 476 588 866
9
2924 3164 22 35 3746 6925 965 192 6269
8
917 741 423 76 213 482 786 980
8
9824 7249 7669 8275 7950 4606 4030 9573
8
144 938 640 582 505 358 325 166
5
841082655 851481354 71952743 455925619 904441521
10
870 757 354 78 36 58 279 485 840 960
10
654798429 647282041 731734984 441184464 939737933 304142152 899526663 718745882 826174035 272296218
10
9833 1746 3562 8700 7080 4884 5260 7083 7701 7487
3
130457253 843129704 747118983
6
925196669 246653226 58385005 362326110 893426967 794432960
8
262639055 792415614 54007034 244820922 778494246 213588686 944133058 350019177
9
455985118 945633238 41589251 583443688 478649016 479910235 531427072 390328476 387827698
3
511 809 644
5
632 259 1 87 585
10
9787 9562 2112 5488 2206 32 5409 7068 326 7175
10
603 527 491 298 67 252 474 506 567 856
8
370 6591 3500 353 9113 7042 2574 7529
10
333672433 741355083 67301770 114982706 955347661 529071339 615414465 995891490 161188744 718883967
9
543515228 317617784 255795180 230780315 765730332 806107514 914519493 603461868 713051675
4
206 131 145 1000
9
976928318 81654856 763445331 363581871 171342546 424848054 740452522 847506957 677183788
9
7428 6095 7593 3391 1887 288 8108 1595 8225
8
394844630 351308152 895490738 584234756 906559183 329042222 957615723 608826176
10
871 776 611 239 20 142 412 670 797 931
8
7377 1592 5890 7073 2564 493 73 8592
10
851 815 703 579 179 237 635 713 839 879
9
459244390 407427139 434112962 141517822 591740907 334669062 164129492 598715001 685774218
10
820 493 361 213 75 136 220 432 510 831
10
262294000 713948869 220262839 853155312 465114963 807649999 492977383 481049453 598440829 735249976
10
563389187 386450727 608233650 262777548 949240639 291330223 71206620 156223145 109308745 93864314
8
576985725 47138741 860242276 567479108 898165085 324483154 541619896 477614563
3
1 2 3
4
513444 8227355 1290711 754751
9
861 622 385 226 73 141 374 551 632
3
25813221 244287912 43017272
10
571 434 237 172 91 108 210 429 503 967
3
753562614 101965187 701310805
8
5403740 2940430 6235535 2835964 9840757 865252 6746989 9173438
8
6832 2565 4910 5927 9052 586 2153 6931
10
896 767 707 534 108 166 548 763 782 950
8
4660171 3394248 8519010 2497940 9428852 8784069 3922054 9243210
8
7708 6849 2542 8067 5319 5797 3301 6702
10
930 863 430 114 78 100 366 524 900 938
3
342 25 66
9
8627 24 6506 3995 152 3 8331 1210 8949
10
9964 429 808 130 5424 8946 3165 1277 5054 8216
6
32 293 673 461 442 411
10
726579376 235554924 138677275 939729114 207809719 173879359 511560040 300931039 636379251 261397004
5
967 294 173 217 942
10
870464330 498810455 207491559 663412983 44194303 541926041 554847501 97874872 227150251 703077690
9
9830 9596 1500 4614 2208 8892 8310 3057 234
10
8348679 696759 7225127 6106701 3391565 5703409 7100277 1974729 4212355 9788379
4
530 964 644 563
8
4106 6937 1371 6052 6632 1405 1356 6871
9
3340 315 3383 8326 1086 4387 857 7908 9469
10
3835 6850 6197 2498 829 4814 1117 5714 595 7211
10
453781064 89197040 653393331 949521726 232399925 63180662 665260700 74798459 334017854 625067655
8
434202651 803271299 699799780 145281123 167473059 2437567 15283974 88817184
10
5322 4530 7725 3989 7505 2205 3074 1873 4280 8880
10
5201 3046 1714 7358 1118 7062 864 4270 5637 7578
8
3162 8807 7858 4820 8053 9107 2855 9010
7
811 478 384 243 273 473 511
10
7801 568 5766 7835 3373 2900 5743 2358 3978 837
5
1 8 10 3 7
10
3059 5079 6824 7276 5677 2847 3086 7065 1526 7783
5
547723997 487364550 929098387 859004525 926010572
4
110956808 638912243 740914270 475534236
4
611996598 995896787 944169030 947082060
8
8494 5791 201 178 5687 5223 3561 6641
10
799580963 438690520 777094448 424232968 93620559 86557400 782376085 697464347 538178675 721769004
8
89 3083 1733 107 6437 4946 1626 8864
8
384032783 758147797 252543150 279665147 319716903 828779638 962401903 548447976
1
999636960
4
129814129 730036551 776111766 828699067
10
76 84 120 123 127 554 715 718 886 933
8
4020 4106 1425 3185 2864 1275 510 4579
8
7894 6746 1284 2736 1854 6735 7805 8154
10
963 765 504 326 14 318 362 660 833 985
10
695 599 340 289 187 241 302 456 646 774
10
125881257 340120449 494598907 256838572 481852830 35868130 833838306 170916302 145681871 415302673
