100
10
827 382 357 275 115 261 333 379 759 931
1
42411643
5
835975667 711041564 453821812 767921285 58625577
5
837 367 93 244 666
8
3413875 1984143 5362616 970639 9411995 5978451 2135799 6075520
3
527 700 579
8
3073 3437 8833 8295 8620 6109 569 9952
5
756 647 170 263 696
5
1 8 10 3 7
5
196858962 171318707 803782948 375034913 648184465
9
9731570 8270692 419689 1598517 7332435 7021398 5195778 3137447 6882826
9
664498226 663191750 71225597 718591954 426521250 35628432 574877797 744157463 597836735
10
519785475 865515414 204222396 577205057 745309908 525537946 127384474 498770958 693602522 684960313
10
8860 3691 342 6405 6972 4190 6692 528 266 7080
10
717435010 412757086 750384668 308386330 627645969 359623651 88651140 887638011 226346025 471968622
10
9184 1482 3219 7981 1690 8130 4424 2107 8042 4803
10
9741798 778137 9244938 7617707 3780714 7174293 7877098 2881863 4013294 9806155
8
9996 1451 6947 5259 2342 6736 9412 4643
4
704129211 537716381 535323727 28334215
4
363 467 699 479
4
298608260 577518506 525782484 729430634
9
996 811 708 344 52 182 530 749 952
8
17 19 295 525 550 619 922 762
5
595 324 237 273 516
10
947 775 652 255 32 60 390 731 786 949
6
115 210 984 920 855 551
7
126 184 349 386 922 666 495
6
134207047 511166209 201318815 173456334 985962582 493265388
10
823 760 622 279 178 275 510 757 794 920
10
5882 7044 643 3027 1950 3156 1286 1844 5264 1795
10
726 672 560 428 175 314 556 628 689 872
10
700 611 458 380 32 324 447 565 678 900
10
770611191 745019604 201072742 75198277 330299222 757787636 293051473 995735149 525331038 91190410
9
5356 1134 1610 7826 6632 617 141 6934 8547
9
8391 3764 8640 4724 3763 8719 258 2449 9881
10
9020 6432 137 7433 159 4095 5494 3110 1498 7500
10
6630 2452 4190 2474 2894 333 206 3658 5631 3593
10
7898 1095 3534 7225 157 7349 310 2034 2374 6486
4
752394874 97037678 807444350 720834922
10
76380748 61073560 47459598 318000813 129888691 993912396 293162587 358619524 528530581 979072656
6
851535115 60809426 257543897 366659366 397946073 34810594
7
814 570 342 89 308 345 595
10
7632 5243 7265 2758 302 2789 3469 416 987 7659
8
9181112 457845 987292 7795646 961867 1505476 5122022 2709779
7
747539244 649706867 624468004 787411537 847013089 430545392 750708676
10
847 561 394 328 105 155 390 475 763 948
9
294 303 321 353 520 588 776 798 971
10
174676661 424429349 561869186 479598705 427286165 450477908 107380180 275843703 101938575 810404091
10
323827699 977241245 142091713 34299502 568021433 457118627 1773735 834692081 97304891 752028603
10
9790 7311 3117 4486 5196 4359 4624 8155 4953 6882
9
992 876 633 552 512 392 329 278 28
10
866 740 689 488 173 315 578 730 810 889
8
803 446 254 165 253 274 678 969
10
764 407 369 248 9 115 272 384 704 917
7
675914975 864256217 433549540 715696225 494652623 636739680 267832422
10
787199164 769113274 37808382 283198722 55988429 689865120 340764758 63801085 927224124 881219364
8
5532 202 466 3154 5658 4013 4311 5221
10
848513104 695621635 539160015 465736035 872528980 822068532 332282195 585955324 907339930 798459597
9
140559270 624847411 372132695 994758477 235648398 109982403 213311503 558843163 974918285
7
213909724 618165058 627137227 643150462 762270943 797084411 967487530
8
9286 1960 5230 3822 5201 5169 5391 5729
9
997 673 503 463 241 383 483 570 873
4
2284559 9882361 9311043 7861092
4
753 251 500 910
10
9602 2796 6811 472 358 8778 6178 6660 7544 7347
10
181622018 981253290 649178442 416234192 944081448 69556449 260466501 190487846 66076557 847013930
8
1728 4537 5564 7965 8941 3512 536 9412
3
1 2 3
9
8631 6005 160 6245 9257 161 265 6387 7712
10
9780 9328 176 1102 20 9880 7825 7336 2133 6642
5
959 834 141 569 849
10
860 596 506 273 46 264 394 545 647 939
9
4037 587 2286 175 148 5 3999 3444 9983
10
6336 9311 6276 5838 6896 2702 1627 749 7455 9681
8
229 18 5989 4100 7350 8020 3365 9772
10
6894 6700 1130 1446 4706 9955 6233 1876 1456 3088
8
941 825 466 23 149 576 869 962
8
447187929 388842734 714656665 659447224 667115105 383665673 539584672 603763675
10
465806406 795264619 749420615 388746906 553329301 573535188 795198188 285775834 299795646 10053207
10
4342 3722 4500 3144 2063 248 133 842 1308 5528
10
639591441 340052952 687761019 155381244 979697937 424561179 209558332 647916114 524154179 593648331
3
125 978 306
7
999627102 248572972 314468973 896835702 52373898 964238341 933939779
10
791060012 27881077 734504833 831795425 626571505 467149728 479094340 927016607 683681500 530502151
7
593681247 117347604 645610221 832822915 625561913 152979167 249007024
8
5842 3482 6206 8008 7310 5648 3214 9806
10
9986 5465 9636 667 8211 4973 5911 2635 5228 2086
9
253 8886 6240 483 3430 320 6770 1551 8573
10
3077 186 7117 6568 478 2901 2386 2779 1548 7810
10
887047835 524779563 532346708 11811343 293307038 278875653 46192105 944884503 437955892 509692873
8
5544 9797 8711 6212 5780 4521 6996 7557
9
9943 1264 1449 7918 9155 299 8788 7964 3758
10
941 791 474 299 61 292 335 646 805 968
9
9740 339 819 2311 7162 8395 6392 6190 1000
10
733 607 433 365 22 154 430 597 674 874
8
5613173 4380851 6423576 3638332 9188281 3269826 7199986 8247986
10
815 651 613 299 95 288 594 647 785 938
10
891972257 92941764 418904817 71508608 181062610 940758630 335907313 261575709 586227350 365221275
7
97 946 942 680 592 474 334
10
157259467 427564498 934164059 403412770 139442324 972940172 455841865 501296186 861968936 491078978
