100
5
398930376 586240069 854952517 165312455 426677890
8
8013531 1837549 2281906 3391641 2056525 2354943 2865858 2795810
10
801901303 200970245 54970906 120833889 787271426 474131897 376512609 883742654 49704618 586170762
6
981 766 541 225 179 66
8
6472 8442 306 3852 8880 3589 7 9789
7
988089838 491919073 303072602 114262009 718756592 149222047 257123627
4
695 515 586 844
6
58 62 87 907 865 724
9
3013 2819 480 2468 375 67 4929 1682 9385
8
3971453 383605430 388636850 755658823 234204765 393494802 803610676 722624425
3
655 552 595
9
8628 1038 5121 387 6981 2461 3618 7262 2454
3
568 251 442
10
5874 3734 2831 3675 5271 6894 7840 1312 6128 8876
8
895 688 572 14 114 645 729 900
3
699914261 546042230 309595634
9
38 934 856 807 577 337 302 171 94
9
7120 1271 4394 5393 2880 3286 9751 7105 416
10
899 536 454 329 81 134 354 511 624 931
3
1 2 3
4
353 1 184 657
8
4061 4604 4086 6185 9717 766 6735 7371
9
74 360 404 584 734 773 784 943 979
9
7217 2000 2560 4653 3528 7237 370 5063 2053
9
1917 4053 1007 269 5465 4668 2426 630 6041
9
9103005 8709509 188301 248301 7607961 5502417 2695654 600073 4480161
6
50 774 415 412 276 183
10
959 827 569 405 113 319 504 624 927 991
8
875284487 779044361 985158987 624351824 820870432 913563530 387207274 383181459
8
7846 2483 7501 6808 7146 919 526 7645
8
8928 2367 6072 2867 294 426 1729 9959
8
937 798 440 257 284 456 933 995
9
886 485 360 294 166 168 312 418 686
10
761041866 85388120 659670008 822221240 697186981 980341101 61881470 671089814 227568338 429974158
8
486293594 202460730 324025690 88118944 401656245 348833138 168089235 439660630
8
96 3804 2594 6851 3309 2530 167 6517
5
1 8 10 3 7
8
2960 2047 8426 5337 1505 641 964 6303
9
9651 6723 76 6471 77 6261 463 1254 9606
8
4111121 3149450 5354537 511646 9980696 5783534 3173418 6384108
9
9849 9845 1558 5788 447 5634 3113 2739 8800
10
8241 2651 8509 4477 3010 1722 5188 905 5643 8758
9
9600 381 1065 1526 8513 6199 5575 6611 1179
10
67522645 246647060 217766441 47034818 157257477 960543797 755140447 41082492 995384365 5675992
10
832825626 884812114 987945181 287970919 824704883 242310901 682262626 23411048 909823651 818729424
8
2897349 2496029 3620271 2323014 8868866 806698 7083138 7798823
5
891 519 421 503 658
4
826088347 152116504 836001811 406305033
9
212 646 833 811 802 760 729 726 659
10
842 585 458 405 357 369 452 483 767 858
7
190 207 436 706 648 516 458
7
206931590 61797136 299699837 356567595 669954642 621840751 419835328
10
913 608 410 319 130 204 383 525 751 968
9
212388736 542035034 538255285 219689764 47988459 716400442 1840799 938296272 113497791
4
694820942 664254623 479378992 508069563
8
9335 118 305 2318 6505 5767 6753 8824
7
951 825 543 364 366 721 882
8
9693 2055 2392 6108 6909 6831 3923 2575
10
903 745 714 104 12 69 135 721 834 967
4
414 886 952 939
4
401 777 744 545
10
6334 460 3627 38 4578 3668 2124 743 9666 8230
8
6815 760 7690 12 418 3082 5625 6200
6
247074284 427482846 295625799 383418506 550731740 552707727
10
873 789 437 377 23 243 385 564 808 925
1
24520819
3
835838739 739733906 625596482
8
8811 7763 4181 6276 3876 2796 8326 9625
5
262231918 949319510 689331748 579617467 177066947
8
356891606 14973452 59950944 216547821 250843683 884377708 410121505 905742403
9
6203 5381 130 577 2595 2157 1052 1840 3044
10
907107785 77694235 73400143 521910571 383496785 810187658 349076362 172982090 957751216 70763343
10
434389241 711253640 171194490 974835841 485178913 937525562 69479071 771511494 50558070 54689896
10
680 500 311 235 64 175 275 398 642 806
4
4576845 9570335 8759764 6480192
8
355 450 5302 9952 3917 7319 2168 9576
10
586200159 265769573 354933088 439158361 165846585 730108370 892456238 430167561 897318987 71203678
10
551056900 680306642 774138550 467601335 279961176 674770170 842317781 208958392 649748138 126122678
3
929 737 742
9
7061 3123 487 5964 3511 4891 5600 212 245
10
608204664 434162984 83231965 769674474 537818591 327107993 467852067 763345947 265784330 94258300
9
5896 9998 5795 3781 6039 1384 8390 97 8919
8
7898 432 529 4032 5337 2962 2079 473
9
459421436 950938011 58995299 238465784 565097450 325176137 197921243 108433440 758457057
7
942 830 739 81 248 798 936
10
929372213 567052615 615897738 330514523 58333309 936246458 151607747 563450381 183835399 478703654
10
767 636 416 196 57 159 300 524 686 959
10
229562513 306487632 725248986 805585822 734104236 613347571 426410035 495722239 296716757 482788916
10
7728626 165253 6811871 5867113 4101509 5667821 6070754 1546388 4567912 8596000
10
785 698 568 404 90 331 497 695 758 850
10
798 751 496 285 53 74 308 556 797 959
8
5959 8001 7537 9116 3572 3624 2338 9814
8
7303 8467 331 1845 1726 1657 145 8073
6
72450602 196974081 642534293 374120440 142337296 3496715
5
893 626 185 338 817
10
264 6271 74 8434 2913 3105 6289 1177 7155 8973
5
134068202 425675705 172912288 677723964 362788592
10
741551077 541095290 625989860 347216763 150042228 443708622 811457320 888205954 26539500 562839363
10
5838 1040 2512 5363 335 4365 2516 5243 7582 64
4
284554995 736596472 113376948 994090494
