100
22 17 7
10 6 17 9
0 13 8 14
4 2 20 4
3 9 9 11
17 10 20 13
0 16 2 16
14 13 15 16
10 10 10
3 0 3 0
2 1 2 1
0 2 0 2
1 3 1 3
6 4 6 4
8 5 8 5
9 6 9 6
4 7 4 7
5 8 5 8
7 9 7 9
10 10 10
3 0 3 0
1 1 1 1
6 2 6 2
5 3 5 3
9 4 9 4
8 5 8 5
7 6 7 6
4 7 4 7
0 8 0 8
2 9 2 9
89 309 2
80 153 81 273
11 193 47 216
67 274 6
0 44 49 87
50 87 54 268
55 87 62 208
63 87 64 221
65 65 65 87
66 65 66 172
7 207 3
0 43 3 145
4 43 5 93
6 59 6 93
100 500 10
18 278 84 387
12 80 91 131
33 139 67 208
93 276 94 334
1 158 7 467
26 404 40 495
6 58 61 77
61 231 84 249
2 9 66 35
79 405 89 493
100 500 10
0 1 77 3
33 5 99 5
0 6 80 6
28 9 99 11
0 14 88 14
39 16 99 17
0 18 88 19
23 22 99 24
0 26 83 28
23 30 99 32
7 201 8
4 167 5 193
0 58 6 128
1 26 3 36
3 141 3 173
0 182 2 185
4 37 4 48
6 132 6 137
1 11 5 24
100 500 10
27 336 81 369
53 209 65 252
51 272 77 297
67 72 73 200
3 378 32 450
85 22 87 107
19 67 50 333
79 140 83 204
7 455 27 483
19 3 61 51
10 10 10
4 0 4 0
9 1 9 1
0 2 0 2
7 3 7 3
6 4 6 4
3 5 3 5
8 6 8 6
1 7 1 7
5 8 5 8
2 9 2 9
83 24 3
9 12 50 23
15 5 73 9
55 18 65 19
100 500 10
0 1 76 3
48 5 99 6
0 7 86 9
5 12 99 12
0 15 97 15
42 17 99 18
0 21 62 21
11 22 99 22
0 23 79 24
16 26 99 27
89 311 5
75 145 87 286
54 39 80 116
3 82 22 123
30 58 42 310
50 168 63 297
85 105 3
18 21 63 40
49 14 71 17
81 17 84 76
31 85 7
6 28 10 84
3 2 21 8
12 55 25 64
13 36 13 36
19 33 20 36
21 12 26 30
2 33 3 73
71 436 6
24 32 41 163
1 295 53 361
19 362 37 426
67 42 70 100
3 192 30 211
49 363 68 428
59 145 5
5 72 49 96
22 34 33 58
3 120 22 142
37 12 50 65
44 110 52 120
56 253 0
19 269 1
0 136 18 261
100 500 10
36 95 69 377
72 1 84 483
49 404 67 474
2 172 6 394
33 19 66 94
7 52 25 460
90 165 94 435
91 32 98 148
26 151 32 322
89 10 96 21
98 154 7
0 22 2 150
3 22 70 26
71 26 82 140
83 54 88 140
89 29 89 54
90 29 96 51
97 29 97 115
100 500 10
59 46 84 328
1 161 22 399
27 132 50 295
30 324 41 348
67 377 92 479
10 64 23 122
91 229 92 371
54 396 59 417
12 466 32 473
39 0 48 65
66 291 10
31 100 56 289
18 25 37 33
5 65 10 214
20 177 23 226
15 227 18 282
13 38 44 56
11 99 18 172
19 10 22 11
48 31 55 83
63 3 65 103
10 226 1
0 127 9 155
78 413 10
0 67 13 67
18 67 31 67
65 67 77 67
8 135 60 135
0 203 13 203
15 203 28 203
65 203 77 203
8 271 60 271
0 339 13 339
25 339 38 339
72 54 10
51 0 70 16
27 4 28 30
15 37 55 47
54 28 58 36
7 23 11 32
29 14 35 28
66 22 69 25
36 16 43 24
22 3 22 3
18 22 23 34
8 99 1
0 32 7 35
18 325 0
16 124 2
0 54 12 110
13 110 15 123
78 166 1
0 15 77 98
18 89 3
4 37 12 40
7 8 7 24
0 25 1 49
66 34 4
0 21 54 29
55 28 60 29
61 2 64 28
65 2 65 31
99 171 1
0 112 98 170
100 500 0
10 10 10
9 0 9 0
7 1 7 1
2 2 2 2
3 3 3 3
0 4 0 4
4 5 4 5
6 6 6 6
8 7 8 7
5 8 5 8
1 9 1 9
100 500 10
0 1 92 2
10 4 99 6
0 9 76 11
34 14 99 16
0 18 60 20
20 21 99 22
0 23 50 25
25 27 99 29
0 32 51 34
26 36 99 37
49 497 3
1 113 35 124
3 242 29 410
41 85 44 425
87 243 1
0 118 86 176
85 79 6
2 38 75 48
2 19 16 37
13 49 28 72
24 11 81 24
49 25 73 26
43 72 68 73
100 500 10
0 1 99 2
18 3 99 4
0 5 99 7
30 10 99 11
0 14 72 15
29 18 99 19
0 20 69 20
23 22 99 23
0 26 70 27
38 30 99 30
56 293 5
7 7 55 210
23 266 39 292
1 264 10 289
1 121 6 167
45 231 51 271
100 500 10
80 283 82 491
41 324 71 487
27 61 70 187
46 26 68 43
0 31 24 360
75 78 80 273
85 170 86 371
6 387 40 426
41 191 43 216
32 5 88 19
100 500 10
0 1 55 2
8 5 99 7
0 10 57 10
8 11 99 11
0 14 80 16
32 17 99 18
0 21 65 21
25 24 99 26
0 28 81 28
34 29 99 30
72 287 1
0 234 71 273
54 240 6
27 45 29 223
39 1 50 192
11 82 13 198
10 21 21 28
0 50 10 114
19 182 24 231
16 262 2
2 168 9 180
10 26 15 147
100 500 10
25 84 59 198
55 404 59 490
50 285 77 325
35 242 46 452
9 11 20 387
74 9 98 202
34 482 36 495
81 446 89 449
2 63 8 145
21 336 28 463
100 500 10
0 1 78 2
21 3 99 5
0 6 50 6
3 7 99 7
0 9 59 11
32 13 99 13
0 16 52 17
38 20 99 21
0 22 94 23
22 25 99 26
54 10 0
100 500 10
17 372 58 498
21 170 71 316
11 144 12 391
17 333 92 366
82 11 96 133
73 183 90 273
9 295 10 303
7 19 16 74
60 26 69 162
81 136 93 144
88 91 1
0 71 87 83
100 500 10
75 90 78 262
36 10 45 312
54 38 84 88
0 13 3 175
68 353 93 398
4 362 17 475
96 201 98 433
4 31 10 181
32 334 47 397
61 134 61 199
100 500 10
8 37 25 106
18 182 85 183
27 285 69 457
52 45 69 102
33 229 96 253
86 309 88 372
48 202 70 224
25 465 73 482
6 357 23 456
90 364 92 478
100 500 10
30 168 45 225
74 229 93 291
5 309 62 405
50 143 97 202
1 85 48 112
53 19 74 110
27 277 56 282
11 471 23 481
84 349 94 375
69 386 82 478
15 483 9
5 195 11 421
4 4 13 105
0 283 3 394
12 150 14 233
4 434 6 448
7 126 11 192
8 431 8 443
1 12 2 263
5 107 6 129
100 500 10
38 7 57 407
11 467 43 486
84 176 94 445
34 38 37 279
17 81 21 251
8 340 33 391
66 350 75 418
63 47 80 142
61 329 64 479
68 19 99 20
44 318 4
0 17 40 155
41 25 41 155
42 155 42 206
43 17 43 206
100 500 10
18 396 86 442
16 234 75 305
68 24 84 105
10 89 15 201
40 324 92 345
35 462 61 492
35 367 79 388
25 189 65 190
91 442 95 463
2 307 36 316
10 10 10
5 0 5 0
6 1 6 1
9 2 9 2
0 3 0 3
2 4 2 4
3 5 3 5
4 6 4 6
8 7 8 7
7 8 7 8
1 9 1 9
53 262 10
0 39 8 39
16 39 24 39
45 39 52 39
8 82 43 82
0 125 8 125
9 125 17 125
45 125 52 125
10 168 45 168
0 211 8 211
15 211 23 211
97 474 6
23 95 64 322
7 148 16 420
8 451 67 463
36 439 69 447
93 266 95 424
85 17 94 22
94 170 5
39 18 59 37
13 60 14 128
29 59 48 96
45 114 46 151
12 130 24 166
100 500 10
33 14 93 98
21 340 34 354
70 224 91 277
34 382 40 478
42 125 56 186
10 302 12 447
3 190 36 190
3 409 3 489
8 244 49 254
21 7 31 55
10 10 10
4 0 4 0
1 1 1 1
3 2 3 2
5 3 5 3
6 4 6 4
0 5 0 5
9 6 9 6
8 7 8 7
2 8 2 8
7 9 7 9
18 288 5
8 194 10 207
2 49 17 83
5 135 7 241
14 134 15 182
8 217 13 223
30 102 10
3 22 22 60
19 16 21 17
25 79 26 87
9 3 24 15
10 95 23 101
6 77 7 101
0 26 1 48
26 4 27 77
2 63 16 70
14 75 20 77
63 250 3
23 39 36 134
8 53 15 219
56 6 59 159
100 500 10
7 57 88 199
13 274 77 363
3 237 36 241
91 165 94 427
41 420 49 445
23 383 85 391
20 230 90 233
6 2 44 30
13 421 16 438
0 156 2 345
53 236 1
0 32 52 79
76 92 3
10 0 63 38
50 63 66 84
1 75 19 80
36 77 6
9 37 27 76
17 22 29 26
17 0 20 19
30 26 33 30
32 31 32 76
0 2 14 34
60 87 1
0 17 59 74
12 349 2
1 80 11 156
5 327 8 347
10 10 10
6 0 6 0
5 1 5 1
0 2 0 2
1 3 1 3
8 4 8 4
2 5 2 5
9 6 9 6
4 7 4 7
7 8 7 8
3 9 3 9
10 10 10
1 0 1 0
4 1 4 1
0 2 0 2
3 3 3 3
2 4 2 4
9 5 9 5
7 6 7 6
6 7 6 7
8 8 8 8
5 9 5 9
95 336 7
52 113 83 136
13 165 53 219
66 139 80 329
44 46 90 84
6 287 23 320
3 112 24 149
92 61 93 200
92 453 1
0 301 91 418
100 500 10
0 1 80 1
47 3 99 5
0 6 69 7
37 10 99 12
0 14 56 14
43 17 99 19
0 20 59 20
6 21 99 21
0 22 98 24
27 26 99 28
28 327 5
0 181 10 248
11 170 13 248
14 124 24 248
25 151 25 248
26 239 27 248
10 10 10
5 0 5 0
0 1 0 1
4 2 4 2
1 3 1 3
8 4 8 4
9 5 9 5
2 6 2 6
7 7 7 7
6 8 6 8
3 9 3 9
82 372 9
41 37 45 88
34 115 54 268
8 344 68 358
11 209 30 309
10 69 17 111
68 24 76 309
17 25 30 26
57 199 67 277
0 73 5 179
82 22 10
5 9 21 12
33 10 49 18
0 19 31 21
61 5 63 9
60 14 75 16
57 12 59 15
27 4 48 6
8 8 60 8
64 6 68 10
9 2 23 6
72 487 4
30 152 41 381
1 59 24 395
55 281 70 310
49 30 50 155
67 262 9
19 37 21 101
43 108 49 159
12 140 29 154
32 81 35 149
9 176 11 188
24 6 26 101
30 185 45 243
27 85 29 101
19 104 19 119
99 52 2
92 17 93 30
2 2 91 20
68 378 7
15 48 47 91
21 164 29 313
61 68 62 193
32 243 55 283
12 213 14 282
15 322 18 331
43 332 67 355
34 418 7
0 67 3 202
4 67 23 300
24 300 26 347
27 35 29 300
30 185 30 300
31 188 32 300
33 300 33 371
75 145 10
19 97 32 118
4 98 18 115
33 104 51 125
43 43 61 78
72 10 73 20
55 27 57 27
3 23 4 32
59 125 66 140
11 11 34 95
69 40 72 114
30 239 5
10 5 28 180
6 36 9 160
6 219 10 225
12 208 28 231
2 50 3 84
37 33 8
10 1 28 7
13 15 22 21
24 10 32 30
16 22 23 24
14 31 36 32
1 8 10 21
33 14 34 25
33 7 33 7
22 247 9
13 70 21 114
3 23 19 54
11 145 13 191
6 114 9 206
1 57 4 62
11 9 12 21
6 58 13 61
2 70 5 129
13 236 18 240
100 500 10
15 374 72 423
1 43 69 319
0 341 58 351
71 113 76 367
78 125 82 181
78 404 94 408
87 42 92 166
0 401 10 406
5 424 98 486
80 185 94 217
10 10 10
9 0 9 0
5 1 5 1
6 2 6 2
3 3 3 3
4 4 4 4
8 5 8 5
7 6 7 6
1 7 1 7
2 8 2 8
0 9 0 9
6 158 7
0 74 3 118
4 19 5 39
4 56 5 88
2 9 4 12
0 35 1 51
0 7 1 14
5 112 5 128
5 75 4
2 13 3 48
0 4 1 38
1 57 4 69
2 1 2 2
77 455 10
0 74 12 74
14 74 26 74
65 74 76 74
9 149 60 149
0 224 12 224
17 224 29 224
65 224 76 224
11 299 62 299
0 374 12 374
15 374 27 374
55 362 10
0 59 9 59
15 59 24 59
46 59 54 59
10 119 46 119
0 179 9 179
14 179 23 179
46 179 54 179
8 239 44 239
0 299 9 299
13 299 22 299
82 286 10
0 43 13 43
19 43 32 43
69 43 81 43
16 90 70 90
0 137 13 137
25 137 38 137
69 137 81 137
17 184 71 184
0 231 13 231
21 231 34 231
100 500 10
46 21 64 137
26 170 60 429
14 138 24 265
25 144 32 166
84 124 90 413
6 445 82 484
17 313 18 395
2 22 9 354
90 20 98 91
71 315 82 351
