100
36 461 1
0 445 35 447
31 456 1
17 91 24 149
81 160 5
18 134 48 152
16 24 41 122
2 28 11 81
71 134 79 150
45 16 54 70
38 97 1
30 33 32 93
72 157 5
0 128 0 135
1 128 64 133
65 111 67 133
68 53 70 111
71 78 71 111
8 284 3
0 101 3 267
4 101 5 154
6 124 7 154
33 76 10
3 43 24 52
3 55 25 63
5 67 10 68
2 2 24 25
5 31 9 42
21 27 31 33
27 49 30 58
1 54 2 56
29 64 30 65
13 71 25 72
51 246 2
31 38 36 160
2 27 23 38
85 246 6
0 146 9 149
10 17 30 146
31 85 66 146
67 124 80 146
81 124 82 218
83 17 84 218
6 184 3
1 22 1 36
3 13 5 110
4 116 5 126
66 47 2
15 8 58 44
4 3 11 17
100 500 10
46 228 46 442
23 56 33 311
54 114 84 372
4 215 17 257
48 232 53 420
0 436 42 449
6 18 18 191
3 349 39 384
85 97 98 360
54 386 83 446
71 51 0
100 500 10
6 62 78 121
61 328 80 459
18 123 41 479
94 15 97 296
12 229 15 349
89 302 93 350
80 8 87 201
49 163 55 371
75 235 85 284
90 180 92 194
100 500 10
0 1 77 1
7 2 99 3
0 6 71 7
45 10 99 11
0 12 62 13
6 14 99 16
0 17 55 17
19 18 99 18
0 21 95 23
9 25 99 25
70 282 10
0 47 11 47
22 47 33 47
59 47 69 47
12 94 58 94
0 141 11 141
15 141 26 141
59 141 69 141
15 188 61 188
0 235 11 235
17 235 28 235
63 432 10
0 71 10 71
16 71 26 71
53 71 62 71
9 143 51 143
0 215 10 215
12 215 22 215
53 215 62 215
11 287 53 287
0 359 10 359
20 359 30 359
100 500 10
78 49 88 367
40 27 62 375
31 27 37 282
7 288 8 301
12 381 91 488
26 37 30 74
12 104 23 162
2 360 9 426
5 278 6 338
64 228 65 238
10 10 10
7 0 7 0
3 1 3 1
0 2 0 2
6 3 6 3
9 4 9 4
5 5 5 5
8 6 8 6
4 7 4 7
1 8 1 8
2 9 2 9
100 500 0
4 12 7
2 3 3 6
1 11 2 11
0 4 1 9
2 1 3 1
1 2 1 2
0 0 1 1
2 9 2 10
10 10 10
6 0 6 0
0 1 0 1
4 2 4 2
8 3 8 3
1 4 1 4
9 5 9 5
2 6 2 6
7 7 7 7
5 8 5 8
3 9 3 9
82 385 10
0 63 13 63
23 63 36 63
69 63 81 63
12 127 66 127
0 191 13 191
21 191 34 191
69 191 81 191
10 255 64 255
0 319 13 319
24 319 37 319
100 500 10
0 1 57 1
0 3 99 4
46 6 99 8
0 10 62 10
46 11 99 11
0 13 84 14
39 15 99 17
0 18 65 20
25 21 99 23
0 26 72 28
39 66 10
7 23 25 50
8 1 35 19
7 56 30 60
26 44 31 44
28 23 32 36
37 5 38 9
33 34 34 62
2 10 3 53
4 39 6 65
38 39 38 50
95 330 10
0 53 15 53
27 53 42 53
80 53 94 53
17 108 80 108
0 163 15 163
25 163 40 163
80 163 94 163
13 218 76 218
0 273 15 273
18 273 33 273
45 3 9
1 0 10 0
16 2 36 2
24 0 32 0
3 1 27 1
39 1 42 2
6 2 14 2
38 1 38 1
34 0 39 0
36 1 37 1
82 22 10
5 9 21 12
33 10 49 18
0 19 31 21
61 5 63 9
60 14 75 16
57 12 59 15
27 4 48 6
8 8 60 8
64 6 68 10
9 2 23 6
26 212 1
0 71 25 188
15 435 9
2 123 10 271
13 25 14 300
4 290 8 303
1 145 1 278
7 328 10 394
0 72 0 165
5 10 6 63
2 308 10 309
0 356 1 416
100 500 10
74 154 88 458
41 47 72 380
23 152 29 156
26 255 29 435
38 8 54 17
16 77 22 127
25 192 35 241
19 298 22 363
16 47 39 58
0 112 11 266
64 293 10
0 45 10 45
11 45 21 45
54 45 63 45
10 93 52 93
0 141 10 141
16 141 26 141
54 141 63 141
13 189 55 189
0 237 10 237
18 237 28 237
6 368 9
2 65 3 161
4 1 5 255
0 211 1 340
0 8 3 53
4 301 4 329
1 177 2 207
3 194 3 310
5 259 5 263
2 256 2 355
86 471 0
98 394 10
25 26 38 275
6 33 7 42
10 199 11 318
20 70 22 236
67 64 90 314
69 323 96 339
39 156 66 374
49 70 50 132
2 39 3 283
21 375 25 385
100 500 10
51 186 71 305
45 331 51 415
4 67 42 482
84 385 97 434
74 134 77 213
80 339 81 390
83 53 99 149
62 41 69 136
55 313 75 460
46 213 49 214
84 181 7
0 26 82 76
37 97 37 108
6 150 42 171
27 115 31 130
1 104 10 122
28 79 66 85
73 131 82 141
34 358 0
9 130 0
100 500 10
29 280 48 478
10 61 81 206
50 337 89 482
9 242 27 357
34 23 44 58
57 236 92 261
71 33 91 37
95 161 99 370
1 63 4 134
4 477 12 493
55 492 2
16 9 32 149
15 356 31 454
47 380 2
3 147 14 373
28 122 29 352
96 12 8
25 4 68 9
3 3 19 8
51 0 54 2
29 0 43 2
77 5 81 7
46 3 85 3
27 10 88 10
68 2 91 2
82 429 5
7 4 40 60
39 403 81 428
4 311 45 326
52 128 65 328
23 371 25 389
89 405 1
0 35 88 322
100 500 10
7 48 79 356
20 467 34 485
28 3 28 35
9 360 33 389
37 423 71 494
96 19 98 239
54 13 87 47
80 162 95 357
37 389 51 412
5 374 6 469
100 500 10
20 107 66 207
16 469 72 490
4 288 22 335
36 332 57 402
2 18 90 45
74 135 99 215
74 253 88 362
7 343 32 443
36 47 87 81
11 251 22 252
10 10 10
4 0 4 0
7 1 7 1
2 2 2 2
5 3 5 3
3 4 3 4
1 5 1 5
8 6 8 6
6 7 6 7
0 8 0 8
9 9 9 9
55 10 5
0 1 33 2
34 0 36 2
37 2 37 2
38 2 53 8
54 1 54 2
53 18 4
0 3 48 13
49 3 49 17
50 3 51 4
52 4 52 11
4 380 3
0 233 1 249
0 13 2 67
0 259 2 279
38 429 3
0 207 33 319
34 304 36 319
37 138 37 304
10 334 3
0 19 6 42
3 150 3 277
8 187 8 249
100 500 10
32 334 35 385
41 304 89 497
31 62 82 253
3 209 17 409
9 27 97 58
98 47 98 334
22 234 28 369
3 123 13 192
91 327 97 340
85 89 93 274
75 86 1
0 5 74 7
40 329 1
0 81 39 135
53 241 7
9 12 48 236
2 189 3 214
1 137 7 170
0 12 6 68
50 189 51 219
1 98 6 121
7 95 7 95
97 474 6
23 95 64 322
7 148 16 420
8 451 67 463
36 439 69 447
93 266 95 424
85 17 94 22
63 158 1
19 44 28 81
100 500 10
15 18 22 358
34 27 59 306
73 12 93 312
17 411 76 477
69 327 88 328
7 363 38 392
59 331 69 339
8 133 14 361
95 10 99 454
79 346 81 473
72 54 10
51 0 70 16
27 4 28 30
15 37 55 47
54 28 58 36
7 23 11 32
29 14 35 28
66 22 69 25
36 16 43 24
22 3 22 3
18 22 23 34
100 500 10
0 1 74 3
12 4 99 6
0 8 74 10
37 11 99 12
0 14 75 14
14 17 99 19
0 22 53 23
43 24 99 26
0 29 70 29
39 31 99 32
70 98 3
0 36 63 68
64 36 65 51
66 31 69 51
10 10 10
5 0 5 0
7 1 7 1
9 2 9 2
4 3 4 3
8 4 8 4
3 5 3 5
2 6 2 6
0 7 0 7
6 8 6 8
1 9 1 9
39 441 7
8 259 17 414
22 88 28 335
7 0 7 23
14 86 17 204
24 387 28 435
5 56 7 139
31 97 32 135
66 326 5
0 149 47 219
48 120 48 219
49 120 58 323
59 80 62 323
63 80 65 197
18 284 8
13 30 14 199
2 249 12 260
1 162 9 239
5 10 12 21
2 62 2 159
6 266 13 281
13 238 16 260
9 79 9 158
94 279 9
33 76 61 111
23 25 28 32
27 130 60 165
65 24 68 234
71 17 73 256
5 212 61 224
0 65 45 74
45 4 77 6
30 269 65 274
100 500 10
49 150 61 381
6 21 30 121
75 262 84 350
6 168 37 400
17 432 21 436
81 380 88 431
62 189 65 220
41 70 90 91
44 4 54 66
42 411 52 469
59 477 10
0 77 9 77
10 77 19 77
50 77 58 77
11 156 50 156
0 235 9 235
18 235 27 235
50 235 58 235
9 314 48 314
0 393 9 393
10 393 19 393
100 500 10
0 1 81 1
10 2 99 4
0 7 81 8
46 9 99 9
0 10 61 10
39 11 99 12
0 14 68 16
18 17 99 17
0 19 80 21
6 22 99 22
100 500 10
16 4 92 497
0 209 10 357
0 460 1 462
12 197 15 450
96 224 98 333
2 65 10 69
96 451 99 488
2 112 2 169
3 379 6 425
93 346 97 446
81 284 6
42 27 55 265
24 27 39 158
11 22 15 151
55 4 72 22
3 93 6 208
63 34 63 185
100 500 10
0 1 80 3
33 5 99 7
0 10 75 10
17 13 99 15
0 18 84 18
15 20 99 21
0 23 79 25
37 26 99 26
0 28 66 29
46 31 99 33
100 500 10
45 59 76 231
48 292 65 462
12 261 62 261
2 90 2 477
92 278 92 356
81 90 89 106
86 262 90 482
23 214 44 218
91 19 93 221
5 79 11 82
10 10 10
4 0 4 0
2 1 2 1
0 2 0 2
5 3 5 3
8 4 8 4
3 5 3 5
1 6 1 6
9 7 9 7
7 8 7 8
6 9 6 9
44 82 1
0 66 43 80
100 500 10
8 182 62 219
65 30 75 298
7 265 20 296
88 150 92 485
77 18 86 154
8 377 74 466
10 312 24 315
14 324 47 345
0 111 36 130
10 76 50 101
27 299 1
0 83 26 156
51 466 10
0 75 8 75
10 75 18 75
43 75 50 75
7 152 41 152
0 229 8 229
13 229 21 229
43 229 50 229
6 306 40 306
0 383 8 383
11 383 19 383
85 429 2
14 129 47 264
74 224 76 348
46 220 4
23 143 23 164
11 7 22 54
14 163 16 213
4 97 16 121
72 373 10
0 60 12 60
17 60 29 60
60 60 71 60
15 122 63 122
0 184 12 184
17 184 29 184
60 184 71 184
14 246 62 246
0 308 12 308
21 308 33 308
3 75 9
0 14 2 33
0 46 0 68
2 66 2 71
1 41 2 56
2 58 2 65
2 7 2 11
0 70 1 74
2 34 2 34
0 0 1 7
81 172 1
0 73 80 121
44 405 4
13 75 40 215
2 285 10 359
23 42 24 58
28 36 32 66
11 500 3
4 144 10 364
4 36 4 40
1 372 1 373
100 500 10
45 135 63 419
80 120 91 257
5 64 32 319
49 37 82 103
33 320 40 498
67 154 68 234
8 408 18 423
79 285 93 419
69 182 77 329
92 166 92 202
73 131 0
58 131 1
13 78 42 126
100 500 10
73 373 91 418
4 388 51 452
65 35 88 133
21 122 53 194
8 234 30 361
55 201 68 429
0 472 75 493
70 298 92 300
58 440 92 459
32 23 57 36
100 500 10
0 1 57 1
21 4 99 4
0 6 63 7
7 9 99 11
0 14 86 14
3 16 99 18
0 20 93 21
16 23 99 25
0 27 80 27
10 30 99 32
56 235 5
14 97 20 195
35 138 51 234
26 11 36 67
21 109 36 136
2 16 7 109
57 396 10
0 65 9 65
14 65 23 65
48 65 56 65
7 131 45 131
0 197 9 197
10 197 19 197
48 197 56 197
9 263 47 263
0 329 9 329
14 329 23 329
68 309 2
0 102 52 255
53 102 67 277
100 500 10
11 25 13 308
37 254 77 359
16 72 47 218
15 429 88 439
43 459 85 499
66 22 97 167
32 360 45 427
11 364 26 401
85 178 99 321
0 207 3 444
22 403 1
0 233 21 379
19 318 5
0 229 8 314
9 49 12 229
13 49 16 144
17 144 17 281
18 91 18 281
100 500 10
35 45 79 486
80 63 99 382
5 111 27 223
1 301 12 451
1 82 3 98
16 238 34 484
53 6 75 32
84 496 91 497
17 33 25 47
90 421 95 493
85 276 2
39 93 53 223
69 71 77 255
