20
28557 13495 1138 1991 385 23252 10801 56 19 77 36
16 18 5 1 5 10 8 21 27 29 87
4 4 2 2 1 0 2 1 2 3 4
4 4 1 1 3 1 1 2 2 2 2
6503 8478 146 197 1000000 332 8138 33 8 90 43
35510 11125 1346 1407 395 35248 9485 18 91 26 9
39527 38179 294 327 1000000 12899 20050 56 52 99 46
37637 35252 131 4 1326 1844 2265 72 38 3 79
8497 2343 94 193 1000000 5999 1852 70 15 92 16
6 10 3 2 2 0 0 5 4 3 2
39353 39838 20565 20767 3 35517 37854 90 60 17 84
35728 35276 139 460 1000000 14745 27690 33 97 8 69
196 827 117 730 108 131 477 41 72 11 66
39724 39430 20919 20227 3 7295 34728 28 46 33 14
35277 38250 2 199 1349 28136 16549 49 90 40 96
490 844 318 332 275 241 434 79 99 34 80
9870 591 100 109 1000000 46 313 37 25 63 70
36598 39593 9 164 1449 27518 12034 65 2 51 34
1163 9027 94 86 1000000 1054 6993 92 90 59 19
1078 5052 143 146 1000000 857 568 15 20 2 7
