100
286.00000 2.00000 290.00000
319.0 1.0 983.0
489.0 1.0 441.0
174.54934 1.74435 881.51167
252.07215 2.75808 1027.08456
45.29089 2.31927 1360.42162
1.08303 2.59589 1.98775
498.90006 1.42000 1949.87133
492.34523 1.28141 1970.02615
308.0 2.74724 430.80580
136.0 1.0 1047.0
386.11403 1.59333 1553.54623
177.511 4.000 386.62
493.19342 1.16683 1983.01231
179.0 3.0 1319.0
262.0 1.0 559.0
496.19798 1.27292 1970.65294
230.0 4.0 1941.0
490.35212 1.48612 1918.51350
491.25996 1.12766 1945.07035
424.0 2.5 1827.4564
34.29771 3.0 54.0
19.30671 2.04404 826.80164
320.0 2.0 1365.0
246.00000 2.00000 492.00000
64.0 4.0 1984.0
165.88906 3.98136 973.01582
252.00000 4.00000 268.00000
490.68727 1.30837 1944.49893
497.87952 1.02113 1964.17464
116.00000 2.00000 232.00000
72.241 1.23 406.6812
276.0 2.0 1532.0
499.0 4.0 585.0
329.00000 2.00000 658.00000
268.62570 1.90530 890.16310
69.99 1.98 1675.0
495.31325 1.44578 1974.90065
431.6 2.0 930.78605
491.69748 1.36033 1996.44346
310.3 3.0 244.0
494.57091 1.43805 1955.50800
365.0 2.0 1822.54558
1.05837 3.04672 1999.81568
495.78280 1.22050 1921.40208
297.01623 1.88075 1755.46735
495.12248 1.09803 1990.81339
498.63557 1.20133 1978.73169
493.11803 1.27406 1960.67090
478.74 1.55611 981.74630
457.0 1.0 843.0
490.71161 1.21528 1923.42298
438.0 4.0 1129.0
493.17928 1.15777 1974.37758
306.00000 1.00000 307.00000
497.18287 1.22752 1919.88190
490.52871 1.23880 1903.73378
393.00000 2.00000 427.00000
282.72487 3.86313 1517.29097
136.0 4.0 212.0
498.01086 1.43828 1943.04374
491.60717 1.10773 1932.67256
498.08736 1.07293 1939.67200
494.77880 1.37370 1908.15668
1.0 2.70394 1298.08
494.20292 1.30299 1949.85408
462.62060 1.87498 582.55086
412.75613 2.07182 1589.38867
129.414 1.0000 968.0
105.38587 1.91369 625.44002
195.7964 1.170 2000.000
373.81501 1.22043 1843.72522
149.73753 1.255 1409.0
495.56691 1.48998 1900.95275
302.794 3.26798 1684.867
58.1 1.735 832.1
112.62738 1.35794 1335.11710
148.31202 3.10003 1712.20383
265.146 3.1 213.290
494.66076 1.27255 1933.08844
497.64415 1.19049 1975.48902
497.73574 1.27957 1960.73638
491.81356 1.05381 1999.67460
490.60713 1.34309 1950.05228
1.08691 3.75986 1999.51984
1.01532 3.68054 1999.01848
235.00000 2.00000 470.00000
444.19546 3.57838 1577.10666
498.94748 1.23467 1940.95775
122.80125 1.08580 59.57647
500.0000 2.0 362.19
43.69460 2.55293 1346.69548
490.19804 1.49123 1945.71518
1.06452 3.08583 1999.52819
496.03777 1.19966 1978.64335
451.0 1.5 1.0
228.78495 1.15769 1499.85143
331.34588 1.23709 632.90051
492.00096 1.25967 1941.12847
494.64603 1.21914 1920.41515
