50
10
0.77 0.85 0.92 0.78 0.34 0.95 0.23 0.54 0.55 0.29
0.25 0.52 0.26 0.74 0.06 0.17 0.14 0.20 0.86 0.71
7
0.13 0.88 0.19 0.36 0.56 0.17 0.60
0.51 0.32 0.11 0.04 0.80 0.59 0.71
10
0.92 0.73 0.45 0.29 0.32 0.27 0.71 0.65 0.83 0.20
0.09 0.53 0.67 0.91 0.44 0.76 0.18 0.59 0.02 0.64
10
0.58 0.06 0.10 0.81 0.13 0.35 0.23 0.48 0.90 0.55
0.52 0.84 0.42 0.61 0.45 0.71 0.26 0.03 0.87 0.77
10
0.07 0.48 0.60 0.43 0.24 0.98 0.57 0.02 0.93 0.52
0.81 0.88 0.62 0.69 0.64 0.45 0.17 0.67 0.14 0.76
10
0.08 0.47 0.76 0.24 0.97 0.16 0.61 0.87 0.21 0.32
0.53 0.95 0.05 0.92 0.39 0.58 0.84 0.45 0.18 0.79
10
0.52 0.17 0.48 0.39 0.84 0.23 0.67 0.11 0.59 0.09
0.53 0.44 0.86 0.36 0.62 0.95 0.58 0.14 0.89 0.78
1
0.4
0.6
10
0.27 0.58 0.51 0.05 0.46 0.47 0.02 0.25 0.56 0.30
0.23 0.20 0.34 0.09 0.75 0.95 0.71 0.77 0.87 0.88
10
0.23 0.25 0.32 0.92 0.55 0.98 0.28 0.34 0.89 0.13
0.43 0.26 0.09 0.11 0.21 0.58 0.72 0.30 0.53 0.38
5
0.21 0.43 0.07 0.14 0.50
0.93 0.79 0.64 0.86 0.71
10
0.518 0.848 0.179 0.009 0.375 0.170 0.991 0.045 0.705 0.670
0.348 0.830 0.554 0.339 0.902 0.714 0.232 0.268 0.286 0.393
8
0.40 0.97 0.93 0.20 0.60 0.17 0.77 0.23
0.70 0.30 0.43 0.80 0.63 0.87 0.37 0.07
10
0.279 0.306 0.090 0.027 0.378 0.072 0.550 0.559 0.604 0.495
0.883 0.856 0.901 0.721 0.973 0.784 0.766 0.748 0.892 0.793
10
0.28 0.08 0.20 0.16 0.84 0.92 0.80 0.12 0.32 0.76
0.44 0.72 0.68 0.88 0.52 0.24 0.36 0.64 0.60 0.40
8
0.56 0.33 0.67 0.13 0.54 0.59 0.85 0.36
0.03 0.21 0.41 0.62 0.26 0.51 0.38 0.28
5
0.95 0.97 0.74 0.38 0.18
0.92 0.59 0.15 0.77 0.69
8
0.10 0.38 0.05 0.50 0.80 0.47 0.63 0.13
0.43 0.53 0.95 0.45 0.20 0.48 0.82 0.35
6
0.94 0.71 0.82 0.88 0.76 0.65
0.06 0.41 0.18 0.29 0.59 0.24
10
0.24 0.88 0.44 0.53 0.15 0.71 0.32 0.29 0.68 0.94
0.41 0.12 0.82 0.65 0.18 0.21 0.62 0.35 0.26 0.47
1
0.2
0.6
5
0.64 0.33 0.29 0.62 0.17
0.05 0.67 0.88 0.24 0.48
10
0.486 0.219 0.200 0.400 0.333 0.152 0.162 0.286 0.305 0.410
0.524 0.933 0.981 0.638 0.648 0.743 0.552 0.533 0.543 0.952
10
0.68 0.66 0.44 0.02 0.34 0.50 0.42 0.88 0.72 0.84
0.16 0.78 0.82 0.04 0.86 0.56 0.14 0.76 0.90 0.28
10
0.70 0.71 0.94 0.74 0.69 0.79 0.51 0.76 0.95 0.67
0.39 0.15 0.08 0.02 0.26 0.48 0.20 0.40 0.37 0.11
5
0.57 0.94 0.73 0.24 0.14
0.16 0.02 0.37 0.53 0.71
10
0.30 0.98 0.10 0.82 0.39 0.48 0.26 0.54 0.25 0.43
0.93 0.32 0.17 0.92 0.60 0.37 0.13 0.35 0.52 0.47
8
0.80 0.72 0.88 0.67 0.51 0.90 0.13 0.64
0.75 0.45 0.30 0.35 0.49 0.54 0.59 0.93
10
0.96 0.46 0.40 0.73 0.23 0.88 0.62 0.33 0.29 0.35
0.04 0.94 0.21 0.58 0.17 0.77 0.71 0.10 0.44 0.38
4
0.27 0.20 0.13 0.93
0.53 0.67 0.47 0.33
10
0.19 0.33 0.81 0.48 0.38 0.29 0.57 0.14 0.67 0.76
0.43 0.95 0.10 0.52 0.24 0.05 0.62 0.90 0.86 0.71
4
0.79 0.51 0.69 0.92
0.85 0.33 0.59 0.82
6
0.29 0.42 0.73 0.71 0.31 0.69
0.84 0.82 0.38 0.89 0.40 0.24
8
0.46 0.20 0.98 0.34 0.39 0.15 0.51 0.73
0.32 0.49 0.02 0.24 0.66 0.80 0.17 0.05
10
0.72 0.89 0.78 0.87 0.69 0.08 0.98 0.94 0.10 0.20
0.76 0.74 0.86 0.48 0.22 0.39 0.99 0.66 0.32 0.40
3
0.50 0.92 0.71
0.46 0.42 0.29
10
0.41 0.57 0.53 0.62 0.31 0.76 0.72 0.71 0.69 0.67
0.07 0.59 0.91 0.86 0.09 0.48 0.45 0.12 0.38 0.16
10
0.74 0.23 0.72 0.53 0.64 0.98 0.60 0.78 0.21 0.40
0.96 0.34 0.81 0.80 0.14 0.97 0.35 0.85 0.10 0.71
2
0.50 0.38
0.19 0.25
1
0.2
0.8
10
0.750 0.788 0.125 0.423 0.942 0.010 0.885 0.077 0.337 0.856
0.231 0.913 0.163 0.933 0.038 0.327 0.279 0.615 0.183 0.702
10
0.23 0.75 0.85 0.81 0.05 0.18 0.68 0.64 0.77 0.26
0.04 0.36 0.71 0.67 0.89 0.34 0.56 0.49 0.92 0.44
6
0.60 0.69 0.80 0.74 0.34 0.57
0.09 0.23 0.26 0.06 0.14 0.29
10
0.93 0.95 0.83 0.10 0.63 0.88 0.73 0.40 0.50 0.78
0.12 0.20 0.38 0.08 0.60 0.43 0.98 0.15 0.25 0.35
1
0.7
0.2
7
0.94 0.60 0.66 0.89 0.79 0.74 0.47
0.32 0.02 0.38 0.06 0.09 0.43 0.17
10
0.70 0.57 0.74 0.50 0.46 0.35 0.85 0.72 0.43 0.91
0.78 0.61 0.87 0.17 0.59 0.20 0.24 0.89 0.37 0.98
10
0.10 0.56 0.74 0.67 0.49 0.79 0.28 0.85 0.36 0.03
0.82 0.90 0.26 0.21 0.33 0.41 0.72 0.62 0.64 0.46
10
0.142 0.396 0.821 0.057 0.585 0.179 0.623 0.075 0.462 0.132
0.425 0.509 0.557 0.160 0.047 0.811 0.792 0.151 0.302 0.575
10
0.52 0.49 0.89 0.72 0.46 0.47 0.96 0.90 0.88 0.86
0.24 0.16 0.41 0.39 0.34 0.18 0.35 0.11 0.19 0.43
