50
2
0.1 0.9
0.6 0.3
1
0.7
0.3
10
0.51 0.87 0.84 0.62 0.83 0.47 0.96 0.55 0.94 0.57
0.10 0.22 0.27 0.44 0.35 0.18 0.36 0.12 0.30 0.34
10
0.12 0.24 0.26 0.38 0.21 0.47 0.06 0.41 0.44 0.18
0.88 0.85 0.65 0.56 0.91 0.97 0.76 0.68 0.50 0.53
1
0.7
0.3
1
0.2
0.5
10
0.933 0.395 0.277 0.328 0.034 0.244 0.067 0.613 0.185 0.345
0.101 0.521 0.076 0.235 0.050 0.353 0.025 0.513 0.950 0.639
7
0.11 0.71 0.42 0.39 0.66 0.24 0.61
0.50 0.74 0.58 0.53 0.29 0.95 0.16
10
0.11 0.34 0.14 0.20 0.31 0.26 0.09 0.23 0.03 0.06
0.54 0.40 0.66 0.69 0.89 0.60 0.97 0.83 0.74 0.37
10
0.11 0.42 0.15 0.71 0.18 0.08 0.78 0.54 0.51 0.14
0.24 0.36 0.83 0.33 0.65 0.74 0.86 0.68 0.81 0.31
3
0.46 0.29 0.71
0.75 0.83 0.96
5
0.48 0.08 0.85 0.27 0.50
0.05 0.20 0.43 0.35 0.38
7
0.50 0.14 0.11 0.06 0.03 0.17 0.64
0.81 0.75 0.97 0.83 0.94 0.72 0.86
10
0.076 0.840 0.025 0.151 0.084 0.134 0.773 0.504 0.227 0.218
0.210 0.361 0.731 0.941 0.479 0.681 0.008 0.697 0.496 0.244
7
0.47 0.25 0.50 0.04 0.51 0.07 0.18
0.94 0.63 0.57 0.96 0.81 0.76 0.72
7
0.27 0.50 0.20 0.16 0.39 0.42 0.05
0.78 0.61 0.70 0.81 0.95 0.83 0.58
10
0.58 0.24 0.09 0.45 0.52 0.55 0.48 0.67 0.42 0.94
0.76 0.21 0.79 0.18 0.97 0.82 0.61 0.91 0.39 0.12
8
0.83 0.43 0.65 0.22 0.52 0.18 0.78 0.42
0.60 0.96 0.51 0.61 0.81 0.27 0.49 0.32
10
0.610 0.449 0.822 0.924 0.398 0.229 0.619 0.678 0.805 0.195
0.136 0.975 0.864 0.271 0.186 0.814 0.364 0.517 0.542 0.483
2
0.95 0.89
0.16 0.42
10
0.61 0.16 0.19 0.47 0.60 0.03 0.97 0.04 0.33 0.93
0.76 0.01 0.41 0.51 0.26 0.71 0.66 0.10 0.54 0.34
10
0.61 0.33 0.49 0.18 0.31 0.29 0.86 0.02 0.67 0.90
0.94 0.12 0.08 0.76 0.51 0.73 0.10 0.69 0.39 0.57
4
0.8 0.1 0.6 0.2
0.7 0.4 0.3 0.9
9
0.95 0.89 0.16 0.47 0.42 0.11 0.37 0.05 0.74
0.53 0.32 0.68 0.21 0.79 0.84 0.26 0.63 0.58
6
0.13 0.97 0.43 0.33 0.26 0.10
0.30 0.92 0.79 0.72 0.23 0.34
10
0.33 0.83 0.17 0.92 0.54 0.74 0.78 0.57 0.03 0.15
0.22 0.75 0.97 0.61 0.60 0.47 0.85 0.24 0.42 0.72
10
0.68 0.42 0.64 0.78 0.63 0.49 0.46 0.73 0.44 0.76
0.03 0.22 0.02 0.17 0.27 0.39 0.07 0.37 0.34 0.20
6
0.62 0.68 0.18 0.26 0.12 0.06
0.65 0.38 0.76 0.50 0.21 0.91
10
0.76 0.57 0.33 0.62 0.14 0.90 0.38 0.71 0.95 0.24
0.05 0.67 0.81 0.86 0.43 0.48 0.29 0.10 0.52 0.19
10
0.12 0.83 0.13 0.64 0.15 0.33 0.27 0.20 0.48 0.67
0.74 0.17 0.44 0.93 0.90 0.49 0.05 0.43 0.19 0.03
7
0.41 0.20 0.31 0.33 0.02 0.28 0.19
0.57 0.65 0.43 0.93 0.96 0.81 0.76
10
0.26 0.05 0.19 0.10 0.14 0.24 0.31 0.02 0.17 0.07
0.40 0.98 0.76 0.43 0.79 0.86 0.38 0.69 0.62 0.48
8
0.76 0.90 0.45 0.15 0.21 0.02 0.63 0.27
0.89 0.06 0.77 0.37 0.39 0.55 0.31 0.32
7
0.56 0.35 0.61 0.92 0.64 0.65 0.12
0.08 0.52 0.91 0.14 0.71 0.38 0.02
5
0.11 0.06 0.28 0.33 0.22
0.83 0.44 0.89 0.61 0.94
10
0.682 0.037 0.224 0.421 0.318 0.598 0.093 0.991 0.850 0.411
0.346 0.879 0.056 0.523 0.832 0.140 0.290 0.533 0.047 0.626
10
0.30 0.48 0.59 0.28 0.32 0.41 0.29 0.27 0.54 0.22
0.76 0.68 0.71 0.70 0.90 0.75 0.92 0.66 0.85 0.65
3
0.08 0.58 0.42
0.92 0.25 0.50
8
0.91 0.71 0.81 0.92 0.99 0.65 0.69 0.82
0.15 0.40 0.55 0.54 0.30 0.60 0.49 0.59
1
0.6
0.3
9
0.19 0.50 0.89 0.72 0.33 0.86 0.25 0.75 0.83
0.14 0.42 0.28 0.17 0.61 0.22 0.44 0.97 0.64
1
0.7
0.6
3
0.04 0.43 0.25
0.86 0.36 0.68
10
0.64 0.85 0.33 0.05 0.23 0.74 0.46 0.56 0.51 0.26
0.62 0.38 0.21 0.77 0.08 0.54 0.28 0.95 0.69 0.49
3
0.2 0.9 0.8
0.1 0.4 0.3
10
0.41 0.84 0.14 0.52 0.23 0.58 0.75 0.78 0.42 0.40
0.11 0.85 0.44 0.03 0.79 0.93 0.37 0.04 0.62 0.74
9
0.44 0.09 0.71 0.37 0.90 0.18 0.91 0.60 0.01
0.03 0.22 0.12 0.63 0.26 0.89 0.87 0.33 0.34
4
0.35 0.59 0.41 0.18
0.82 0.65 0.29 0.76
10
0.19 0.42 0.68 0.29 0.90 0.84 0.74 0.16 0.77 0.39
0.35 0.97 0.03 0.23 0.06 0.52 0.65 0.13 0.45 0.94
10
0.32 0.43 0.33 0.17 0.20 0.23 0.10 0.53 0.27 0.28
0.55 0.77 0.72 0.73 0.70 0.85 0.63 0.62 0.92 0.90
