1
1000 100 100 101
0 1
6 -1
12 -3
25 -5
28 -2
47 -5
65 -5
82 -4
99 -3
105 -4
110 -3
113 -4
128 -3
136 -3
146 3
148 -3
157 2
165 -3
167 -4
168 -5
180 0
182 -3
185 1
190 -4
197 -3
199 -4
204 2
209 -1
211 -2
214 2
219 3
224 -1
243 -3
246 -5
267 -3
272 -2
274 -5
282 2
286 1
290 -2
319 4
338 -3
377 1
378 2
379 -1
399 -5
403 1
412 2
428 -3
447 -5
466 -3
482 0
498 -5
508 -4
509 -4
518 1
531 -4
548 -4
565 1
579 -5
587 -2
595 4
617 2
631 -5
639 -4
659 -4
661 -4
668 -5
695 -3
698 -5
702 3
704 -4
705 -5
709 1
729 -4
730 -2
733 -3
755 -4
772 -4
802 -2
809 -4
833 -3
840 -3
845 -1
847 -3
856 2
861 -2
869 -3
876 0
889 -5
912 -1
933 4
934 0
941 4
949 -4
975 -3
982 -4
988 -5
995 -4
1000 -2
0 3
26 -1
33 -2
34 0
43 4
52 -4
53 1
76 -3
111 -2
113 1
134 5
137 -2
140 3
142 3
155 5
162 4
165 1
182 2
192 0
202 2
219 5
229 -1
239 3
242 -2
249 3
263 -2
268 -1
289 4
298 1
310 4
311 4
313 5
323 4
326 4
344 -1
367 0
375 4
381 2
401 1
442 5
452 -3
453 -3
455 -3
471 4
496 2
508 -3
521 5
528 5
558 0
571 2
575 0
578 2
586 -2
589 4
590 4
604 5
616 4
623 2
627 2
632 -3
662 -4
678 -4
684 2
689 -1
690 -1
700 5
706 1
708 4
722 -1
746 -3
770 1
776 5
792 2
795 5
799 3
820 -3
828 5
843 3
844 1
855 5
864 2
867 4
884 3
887 2
888 -3
893 -3
906 2
918 4
932 5
935 5
938 4
941 5
946 5
951 2
954 0
956 2
970 3
972 -2
993 -3
1000 1
