100
15 3 3 3
0 6
10 8
15 9
0 10
5 11
15 13
8 3 4 2
0 2
5 4
8 3
0 5
3 4
4 7
8 5
949 100 100 3
0 -97
605 47
608 7
614 47
618 -40
620 44
621 54
623 4
625 -70
626 -3
627 -100
632 53
637 98
638 -26
640 -62
643 95
645 51
649 -93
650 -30
651 -75
652 -82
653 -92
654 -68
655 -71
658 -29
659 -15
661 96
663 0
664 -92
665 -29
667 42
668 7
669 31
670 8
674 -18
675 -26
678 -12
679 -75
680 -60
682 -99
684 12
687 33
689 -80
691 65
693 58
695 -10
696 -98
698 -72
700 -8
701 -3
706 -94
707 -94
712 -73
715 -57
716 -67
717 -73
718 -47
719 -57
720 -33
723 -37
724 -83
727 -85
731 -32
732 -28
733 -38
737 -93
741 -30
743 -63
744 -72
745 -51
747 -20
748 -44
749 -47
750 -21
752 -56
754 -26
755 -49
756 -9
759 -77
760 -74
762 -93
763 -70
765 -86
768 -89
769 -81
772 -75
774 -84
775 -36
779 -73
781 -69
782 -96
783 -78
785 -20
786 -82
789 -31
793 -80
795 -70
797 -89
800 -55
949 -85
0 -61
501 91
502 24
503 89
504 63
505 59
508 91
509 28
514 76
516 72
518 71
519 82
520 40
522 62
525 100
526 54
532 76
535 78
538 57
540 57
546 35
548 60
551 45
561 63
562 40
564 43
566 44
567 63
568 48
572 84
574 46
576 89
578 43
579 90
581 46
582 66
583 95
585 66
586 54
587 80
590 92
592 96
594 95
600 78
602 68
603 75
606 81
607 69
609 95
612 91
613 49
615 92
616 76
618 48
619 62
620 85
621 83
622 65
624 0
625 -4
627 45
628 39
629 87
631 56
633 78
634 93
636 90
637 100
639 -40
640 86
642 94
647 100
651 -65
653 -83
656 -6
659 21
660 94
662 99
664 -37
665 -1
666 70
667 92
669 77
670 24
672 90
673 40
674 -9
676 -15
685 40
691 72
692 91
693 63
694 49
695 91
696 -58
697 47
698 24
699 -10
700 11
949 -75
56 17 10 3
0 46
1 -25
2 -80
5 78
6 59
17 39
20 -97
22 -13
24 -90
31 7
32 -17
35 -17
36 -36
40 -42
41 7
50 -39
56 -46
0 70
2 -61
4 78
12 81
18 95
22 92
28 -10
41 78
51 -14
56 1
74 10 3 3
0 67
9 -31
13 19
16 -14
19 -19
28 -85
51 -98
65 -66
71 -77
74 -90
0 93
34 -88
74 -49
70 2 2 3
0 3
70 -38
0 72
70 57
65 21 23 3
0 -60
4 -42
5 -33
14 -99
15 -86
16 -71
20 -80
23 -77
25 9
33 57
34 -76
40 -13
45 -89
46 -19
48 -86
49 -85
52 -10
55 85
58 51
60 -6
65 -23
0 19
1 97
6 -40
9 -16
15 -62
21 -67
22 -36
23 62
29 89
34 80
35 28
37 -36
39 100
42 49
43 43
45 69
48 -84
53 75
55 96
62 20
63 19
64 82
65 55
57 17 14 3
0 -29
8 40
10 -31
17 99
19 -43
20 -25
21 14
22 97
25 -50
26 85
28 -83
29 37
37 -73
39 -61
48 38
51 -14
57 -97
0 82
1 -6
10 81
14 100
27 98
34 -29
35 61
39 -33
44 84
46 78
47 75
50 33
55 -36
57 30
962 100 100 3
0 -69
1 -97
2 -63
3 -99
4 -14
5 -83
6 -39
7 -78
8 22
10 -4
11 -82
13 -98
14 -93
17 -99
19 -3
20 -13
21 7
22 -93
23 -98
27 -33
28 -89
31 13
32 -92
34 -53
35 -97
37 -96
38 -64
40 -64
41 -95
42 60
43 37
44 31
45 -53
46 -8
47 -81
49 -94
50 -93
51 -93
52 -100
55 -99
57 58
58 -70
59 -19
61 49
63 67
65 41
68 -99
69 14
70 -71
72 -33
74 -4
75 -87
76 8
77 -86
79 -93
80 -68
81 -48
82 -90
83 -67
84 -76
86 54
90 -53
92 94
96 40
97 5
98 -92
100 -96
102 -81
105 -11
108 5
110 -78
111 -76
112 -67
113 -5
118 96
120 54
121 -77
122 -98
124 80
125 13
127 -99
128 57
129 -93
130 -23
132 43
133 -95
134 -49
136 39
137 -17
138 -86
140 79
141 -56
142 -12
144 -8
145 -28
146 -62
148 -8
149 -84
150 -35
962 -91
0 -43
1 -94
2 -13
5 -2
6 -24
10 84
11 44
13 -28
15 -88
17 -17
18 43
19 49
21 32
22 -87
23 -64
25 6
26 75
27 90
28 -65
29 5
31 46
32 -3
36 -87
38 44
41 -81
42 74
44 84
46 69
47 -67
50 -74
54 -99
55 82
56 90
57 89
58 -11
59 53
60 58
61 51
62 71
63 95
64 79
65 73
69 52
70 6
73 47
77 98
78 -78
79 95
80 18
81 -23
82 -62
83 67
84 -72
85 16
86 81
87 44
88 81
89 6
90 60
91 93
93 98
94 77
95 86
97 46
98 -91
102 -79
103 85
105 91
109 -5
110 -8
111 -9
112 -58
113 28
114 29
115 51
117 98
118 98
119 82
121 77
122 -88
124 85
127 -97
128 74
129 -12
130 18
131 75
134 20
135 70
136 79
138 -80
139 3
140 94
141 -14
143 -3
146 69
147 88
148 89
149 -82
150 -32
962 -84
1000 100 100 3
0 -2
29 0
38 0
46 -2
52 2
59 -5
76 -4
79 -3
92 -4
93 -5
100 -3
117 -2
133 3
140 -4
141 -5
161 -4
199 0
202 2
208 -5
242 -5
258 3
264 2
268 -3
279 -1
283 -4
287 -3
289 -5
293 -5
298 1
300 0
305 1
317 1
321 1
332 -3
333 -3
336 -4
337 -4
338 -5
344 -4
351 -4
367 -5
409 3
423 -3
424 -5
427 -4
432 -5
438 -2
452 -3
455 -4
464 -2
486 -3
501 -4
506 -2
507 -5
535 0
543 2
548 -1
556 -4
569 -3
577 -4
578 -5
585 -4
592 0
604 1
606 -1
613 3
619 1
623 3
633 0
637 -3
654 0
655 -3
656 -3
662 -4
669 -1
674 1
680 -4
701 -5
707 -4
725 -3
735 -1
738 3
739 -3
746 -3
752 -5
773 -5
774 -1
782 1
792 1
806 1
839 0
848 -4
860 -3
898 -1
905 -4
911 -3
916 -3
967 -2
992 -4
1000 3
0 -1
1 3
41 0
53 4
72 4
76 0
90 -3
93 -1
103 1
107 0
122 4
130 5
134 4
144 -4
150 2
163 3
167 -2
170 5
172 3
196 3
204 5
236 -3
237 -2
247 5
255 4
259 3
265 4
266 4
271 1
279 0
283 -3
298 4
314 2
325 1
326 0
336 -2
339 -4
371 1
376 -3
394 3
396 2
397 4
413 5
424 -1
445 3
481 -1
489 4
510 0
516 5
535 5
538 4
544 3
553 3
576 -2
601 3
605 1
606 4
610 3
627 5
634 5
635 1
640 1
667 2
674 3
683 0
688 4
692 -4
694 5
696 4
704 -3
712 2
728 0
729 4
753 2
755 -4
768 1
790 5
793 5
795 2
807 2
812 5
823 5
826 3
830 3
832 5
839 3
864 2
871 -1
873 5
880 3
896 0
898 1
918 2
919 0
935 2
977 -2
979 0
983 4
995 3
1000 5
928 100 100 3
0 -31
601 -22
602 -2
605 -82
607 -95
610 -87
611 -92
612 -92
613 -37
617 5
618 -23
621 -25
622 -76
623 -8
624 -32
625 -31
629 -63
630 -94
631 -73
633 -86
635 3
636 -1
637 -68
638 -38
640 -47
641 -68
643 -98
644 18
649 -21
651 -28
653 -65
654 -96
655 8
656 -47
659 0
660 -13
661 -26
662 -88
664 -89
666 -88
667 -67
668 -59
676 -80
679 -98
684 -85
686 45
687 -57
688 40
689 5
690 -85
693 49
697 25
699 -31
702 20
706 -49
707 15
708 -44
709 -20
710 2
715 46
717 -7
721 36
723 18
724 -42
728 -81
731 -89
734 -36
738 18
739 -83
742 -95
743 9
745 21
746 -75
750 -12
752 -20
753 -99
755 -79
758 -45
759 -61
760 -59
761 -90
762 20
763 -6
765 -21
768 22
769 21
770 -52
774 -59
775 -86
780 -76
781 -94
782 -89
783 -85
788 -76
789 -47
790 -90
794 -1
795 -97
798 -14
928 -93
0 -23
502 55
505 26
506 75
507 37
510 78
511 -6
515 65
518 32
521 7
522 95
523 0
525 51
526 -11
527 29
532 38
535 56
536 -19
537 85
538 68
540 7
542 18
543 81
545 77
547 30
548 36
549 49
550 5
551 7
552 -12
554 -13
557 53
558 68
559 78
560 59
561 21
563 -5
564 -11
565 67
569 52
571 -8
574 8
575 16
577 84
578 -15
581 2
583 48
584 -17
585 5
586 32
587 74
588 77
591 -7
593 97
596 96
601 59
603 -17
604 -55
608 0
610 1
612 -34
621 57
627 -21
628 -39
629 38
631 -47
632 62
634 -32
635 44
639 -28
642 -30
644 22
648 78
653 29
654 -93
655 54
656 44
657 13
660 22
663 -76
666 -32
668 -1
672 -15
673 2
674 -2
675 -55
679 -93
683 -36
684 48
685 15
686 49
688 79
691 22
692 40
694 86
696 33
697 48
699 53
700 57
928 -55
67 10 21 2
0 43
2 -37
4 -48
13 -51
37 28
47 -68
54 65
58 41
66 50
67 50
0 64
8 -45
9 94
15 -35
17 84
20 37
23 74
25 14
31 23
32 29
40 46
41 39
44 -2
47 -43
48 97
51 62
53 62
54 72
57 95
65 58
67 66
58 12 15 3
0 -93
2 31
8 -32
17 -6
29 29
31 -87
35 -99
36 -100
42 -100
46 34
54 26
58 77
0 74
8 0
14 59
24 44
29 54
33 -76
38 -98
42 -7
45 2
47 76
48 57
49 44
52 49
57 75
58 90
93 19 23 2
0 17
3 72
12 -67
13 -16
20 -3
35 68
36 -38
37 -82
41 -85
45 -98
56 54
58 7
61 27
62 19
67 -46
74 58
86 37
89 22
93 26
0 80
10 88
13 -7
18 11
21 39
25 39
27 41
28 87
32 86
38 57
44 72
49 -31
51 44
62 67
67 45
70 53
73 75
77 88
78 100
82 67
88 49
91 27
93 43
53 2 2 2
0 -84
53 18
0 -47
53 31
99 100 100 3
0 -492
1 -434
2 -257
3 -720
4 -811
5 -970
6 -899
7 -967
8 -873
9 30
10 -864
11 -246
12 -827
13 -555
14 -765
15 -449
16 17
17 -692
18 -971
19 -570
20 -117
21 -963
22 -240
23 -168
24 -922
25 -850
26 -169
27 -512
28 -444
29 -686
30 -731
31 -222
32 -722
33 -928
34 -989
35 -947
36 -836
37 -433
38 -718
39 -508
40 -620
41 -467
42 -255
43 -714
44 -119
45 677
46 186
47 -178
48 -971
49 -146
50 -883
51 -879
52 -886
53 -31
54 -998
55 -886
56 -676
57 -995
58 -998
59 -867
60 -232
61 -230
62 -997
63 -798
64 -857
65 -67
66 -165
67 324
68 -456
69 -870
70 -286
71 -403
72 -797
73 -238
74 -639
75 -18
76 -761
77 86
78 256
79 35
80 -640
81 120
82 -830
83 -997
84 -597
85 -687
86 -665
87 -749
88 68
89 -273
90 -928
91 -948
92 -332
93 540
94 -478
95 -367
96 -732
97 701
98 -377
99 -265
0 489
1 -133
2 682
3 -174
4 -593
5 295
6 -633
7 -943
8 51
9 709
10 -697
11 419
12 -466
13 -28
14 -514
15 -41
16 60
17 -343
18 -77
19 -430
20 -60
21 -502
22 -177
23 -74
24 -444
25 -839
26 450
27 213
28 487
29 345
30 259
31 670
32 184
33 411
34 -840
35 -862
36 -453
37 109
38 188
39 242
40 373
41 -48
42 686
43 509
44 51
45 848
46 859
47 -20
48 -804
49 500
50 74
51 -842
52 -376
53 -11
54 -995
55 -742
56 -311
57 -98
58 -923
59 -751
60 966
61 789
62 -682
63 571
64 -787
65 219
66 411
67 610
68 -5
69 -802
70 884
71 79
72 -632
73 297
74 94
75 924
76 994
77 587
78 535
79 527
80 -421
81 737
82 -527
83 -977
84 -353
85 521
86 731
87 102
88 283
89 -106
90 -704
91 -862
92 232
93 655
94 -119
95 -135
96 -723
97 800
98 -350
99 -80
99 100 100 3
0 -3
1 -1
2 -1
3 -1
4 2
5 1
6 -5
7 -5
8 -4
9 1
10 -5
11 1
12 2
13 -5
14 -5
15 2
16 -5
17 -5
18 -3
19 2
20 -4
21 1
22 -2
23 -4
24 -2
25 -5
26 -3
27 1
28 -3
29 -1
30 -4
31 -5
32 -5
33 -5
34 -5
35 -3
36 -5
37 -4
38 -1
39 -5
40 -5
41 -5
42 1
43 -5
44 -2
45 0
46 2
47 -5
48 0
49 0
50 -5
51 -5
52 4
53 0
54 -2
55 -4
56 -5
57 -2
58 -5
59 -4
60 -4
61 -1
62 -2
63 -2
64 -5
65 -5
66 -5
67 -4
68 -4
69 -5
70 -5
71 -4
72 -5
73 1
74 -3
75 1
76 -5
77 -5
78 -3
79 -3
80 -5
81 -4
82 -5
83 -5
84 -5
85 -5
86 -4
87 -2
88 -5
89 -4
90 -2
91 -4
92 -5
93 -2
94 -5
95 -2
96 -3
97 -3
98 -1
99 -3
0 -1
1 1
2 5
3 0
4 4
5 2
6 -3
7 -4
8 -2
9 3
10 -1
11 4
12 3
13 0
14 -3
15 3
16 3
17 1
18 5
19 3
20 -1
21 3
22 -1
23 -3
24 1
25 -3
26 5
27 2
28 -1
29 4
30 0
31 -3
32 -4
33 -4
34 -3
35 -2
36 3
37 -1
38 5
39 -4
40 1
41 1
42 2
43 -2
44 -1
45 2
46 5
47 -2
48 2
49 1
50 2
51 2
52 5
53 3
54 -1
55 1
56 -1
57 3
58 1
59 -3
60 -1
61 5
62 0
63 1
64 5
65 -2
66 -4
67 -2
68 3
69 -4
70 -2
71 0
72 -4
73 3
74 -1
75 3
76 3
77 -2
78 -1
79 3
80 -4
81 4
82 -4
83 -2
84 -1
85 -4
86 -2
87 0
88 -4
89 -3
90 0
91 2
92 4
93 3
94 -4
95 -1
96 2
97 -1
98 2
99 1
62 10 5 2
0 87
19 -87
22 -2
28 -60
30 -92
42 10
53 -50
55 12
61 -90
62 -35
0 88
12 -10
22 72
54 42
62 0
50 18 11 2
0 -50
1 -60
9 52
11 -47
15 -57
16 -85
28 -29
29 -4
30 -93
34 -54
35 -35
36 -58
37 -11
38 14
39 -89
41 -68
49 -80
50 -87
0 -41
2 -29
7 70
9 66
12 67
16 -82
35 45
37 -6
40 74
45 95
50 -85
99 100 100 3
0 590
1 -622
2 -916
3 -325
4 -744
5 -101
6 -966
7 -753
8 -309
9 -625
10 -20
11 -737
12 -891
13 -721
14 -421
15 -634
16 -243
17 -234
18 -300
19 -311
20 -847
21 -618
22 -990
23 -941
24 -444
25 -901
26 -654
27 -765
28 -328
29 -755
30 -790
31 -202
32 -706
33 -985
34 -242
35 -583
36 -618
37 -962
38 -286
39 -979
40 -10
41 -990
42 194
43 -756
44 -118
45 -878
46 -867
47 340
48 -573
49 -11
50 -842
51 -850
52 -833
53 -29
54 451
55 -750
56 -276
57 -667
58 -172
59 -327
60 211
61 -557
62 -737
63 -891
64 -873
65 -774
66 705
67 -302
68 -65
69 -192
70 -999
71 -398
72 -981
73 -963
74 212
75 -980
76 -611
77 -881
78 -997
79 -932
80 -330
81 354
82 -821
83 -622
84 -856
85 -447
86 -732
87 -118
88 -992
89 -979
90 -461
91 -751
92 -235
93 -871
94 -569
95 -967
96 -132
97 -550
98 -445
99 28
0 1000
1 641
2 -828
3 -118
4 263
5 573
6 -898
7 334
8 -84
9 966
10 350
11 287
12 -43
13 -368
14 366
15 123
16 171
17 -232
18 -140
19 464
20 -751
21 484
22 -943
23 -736
24 -116
25 -315
26 -438
27 -482
28 -278
29 -691
30 -748
31 746
32 -102
33 469
34 -135
35 -418
36 -329
37 -480
38 234
39 -597
40 364
41 54
42 762
43 794
44 423
45 -79
46 -764
47 448
48 530
49 593
50 -97
51 -789
52 -409
53 4
54 513
55 -355
56 197
57 152
58 972
59 440
60 750
61 67
62 729
63 822
64 -866
65 -645
66 940
67 -38
68 647
69 58
70 -925
71 -262
72 -897
73 -772
74 537
75 467
76 82
77 623
78 -896
79 -581
80 561
81 977
82 690
83 -265
84 607
85 199
86 846
87 303
88 -823
89 -978
90 900
91 351
92 77
93 -858
94 120
95 -879
96 684
97 -467
98 387
99 414
1000 100 100 3
0 4
7 -3
13 -5
66 -4
78 -5
97 3
129 -3
144 0
152 1
161 4
178 -4
182 -5
184 -4
188 -4
199 1
203 -3
206 -4
209 -1
212 -4
214 3
229 0
249 -5
264 -1
270 -5
319 -4
327 0
329 1
332 -1
336 -4
351 1
352 -2
358 -2
393 -4
395 -5
405 -4
410 -3
411 0
432 -5
435 0
455 -1
456 0
457 2
461 -3
463 -1
470 0
479 2
492 1
504 -4
537 -4
548 -4
556 -1
572 -5
574 -1
603 1
605 -5
608 2
624 1
626 1
630 -1
635 -5
637 -3
640 -5
641 -4
670 2
688 3
689 4
718 -2
735 3
739 -5
750 1
753 -5
760 -5
763 0
771 0
799 -3
802 -5
810 3
818 3
822 4
828 -5
831 -4
854 -5
861 -4
863 -2
864 0
867 1
869 -1
876 -2
884 1
901 3
912 4
921 1
924 1
929 -1
933 -4
940 -3
943 0
955 -1
975 0
1000 4
0 5
5 1
34 -3
43 3
70 -4
75 2
81 0
90 3
99 5
116 4
119 5
123 -1
129 -2
135 -1
141 0
150 1
156 4
161 5
167 4
176 0
181 -4
199 2
207 -2
208 5
254 1
264 0
272 1
295 -1
304 5
327 2
352 1
363 4
370 -2
374 -2
396 -4
397 -3
406 0
421 2
433 2
439 4
442 2
457 4
460 5
461 2
478 3
480 3
498 2
531 5
555 -1
559 0
560 -1
564 0
566 2
579 3
586 2
591 2
594 1
605 3
624 5
625 4
629 1
641 -3
647 1
651 0
673 5
674 3
684 3
690 5
725 4
734 3
751 4
752 4
757 3
760 -2
762 0
768 2
773 3
778 2
796 -1
802 -2
805 5
819 4
821 5
822 5
846 -4
869 3
887 2
901 4
925 5
936 2
943 3
956 3
965 4
967 3
976 1
980 1
982 2
994 5
999 5
1000 5
99 100 100 3
0 371
1 -861
2 -347
3 -712
4 -861
5 606
6 -740
7 -974
8 275
9 -569
10 -927
11 -969
12 -735
13 -730
14 -959
15 -993
16 -931
17 173
18 -203
19 196
20 -762
21 -967
22 513
23 12
24 -787
25 -815
26 -921
27 616
28 -978
29 -856
30 -603
31 -753
32 -173
33 -776
34 -626
35 -414
36 -239
37 -529
38 -942
39 -36
40 -460
41 -747
42 -952
43 -951
44 -534
45 -258
46 -933
47 -895
48 196
49 -653
50 61
51 -871
52 -1000
53 177
54 -707
55 -577
56 -335
57 -828
58 -944
59 -758
60 -306
61 -13
62 -943
63 -703
64 -206
65 -505
66 -999
67 -579
68 -996
69 -951
70 -923
71 -126
72 679
73 -714
74 -671
75 -141
76 -1000
77 -923
78 -981
79 -962
80 -108
81 -575
82 16
83 385
84 -945
85 -818
86 -549
87 -865
88 -935
89 -986
90 -652
91 -966
92 -713
93 -95
94 316
95 -610
96 -961
97 -240
98 -806
99 802
0 570
1 -698
2 -21
3 -124
4 -226
5 815
6 94
7 -961
8 790
9 -411
10 -159
11 550
12 -512
13 156
14 -587
15 -888
16 -604
17 721
18 50
19 734
20 -663
21 -564
22 820
23 191
24 -651
25 -341
26 -520
27 825
28 -127
29 -202
30 -151
31 68
32 674
33 322
34 -560
35 -103
36 -45
37 -442
38 -843
39 87
40 -417
41 -602
42 -695
43 -620
44 553
45 -186
46 -914
47 -651
48 725
49 -166
50 428
51 292
52 766
53 508
54 -700
55 131
56 -309
57 -705
58 -547
59 -123
60 851
61 110
62 -725
63 -601
64 479
65 -485
66 -983
67 640
68 -994
69 -944
70 -908
71 539
72 769
73 -166
74 -492
75 -71
76 -897
77 350
78 847
79 -271
80 683
81 -65
82 753
83 833
84 -928
85 -233
86 777
87 649
88 -861
89 -883
90 -457
91 -941
92 435
93 375
94 507
95 -42
96 -951
97 592
98 -183
99 911
88 19 24 3
0 -39
1 20
3 -74
5 -95
9 -49
17 -40
20 -43
30 -63
32 26
38 -82
44 56
50 8
57 -25
59 -49
73 -42
80 -25
82 56
86 0
88 -51
0 86
4 -82
5 -41
17 -16
23 -26
28 -26
30 83
33 49
35 86
36 2
41 33
42 81
47 58
49 91
55 0
63 12
64 64
65 -25
67 -12
69 73
80 54
81 73
84 45
88 15
959 97 94 3
0 -84
11 70
15 31
51 -99
54 -74
60 31
65 -60
79 41
112 79
116 -82
119 -10
131 -81
135 -51
138 -22
148 17
150 66
152 64
154 36
165 -13
174 -100
184 33
193 -71
196 -7
197 -93
207 14
224 34
225 -56
239 -40
246 -57
254 -72
255 -83
275 36
281 -59
291 -1
293 33
295 -21
321 80
329 58
338 26
339 61
348 -33
352 -9
369 42
377 29
378 -43
390 -12
400 -98
420 -74
446 -84
450 -10
454 -83
476 -20
477 -36
491 -66
501 24
513 -95
528 12
535 -69
536 -16
543 -85
553 -51
583 -97
585 -81
614 9
623 -73
625 -9
636 18
637 18
650 -15
660 19
681 22
687 -97
709 -16
721 -82
734 -87
738 -82
761 -62
796 -84
798 -94
806 -80
811 -82
820 12
821 -79
839 -56
845 -36
847 -74
890 77
893 -48
900 -24
907 -42
908 24
910 -45
929 94
942 -50
950 -84
957 -58
959 -58
0 43
8 81
26 47
28 37
36 -22
50 57
56 21
58 71
86 62
93 83
127 94
133 -31
138 13
143 88
152 90
170 88
173 -45
174 -96
176 31
202 66
243 80
248 46
250 97
253 -28
259 -42
263 6
268 87
276 78
299 35
323 95
328 62
331 52
345 85
362 32
375 54
382 -32
385 -11
397 62
415 -77
441 -5
444 95
450 8
458 -27
459 -16
463 45
464 9
465 -51
502 77
507 58
510 2
515 -3
527 100
539 36
541 87
549 -32
558 -54
559 -44
568 -48
583 93
585 -68
594 -29
613 92
616 0
621 75
627 84
635 18
674 29
678 100
681 43
706 25
719 -70
768 -58
770 -39
773 80
775 89
782 -60
785 -74
790 -74
803 52
840 -19
850 39
852 53
861 16
872 66
878 48
880 76
883 95
888 98
894 66
917 56
925 100
934 92
950 -10
959 -4
79 11 16 3
0 89
5 -5
29 34
38 -79
45 29
47 -12
52 -82
53 -88
56 -24
70 78
79 46
0 92
1 84
7 -1
9 80
11 41
18 83
28 74
33 -15
45 80
46 29
48 -25
57 59
64 48
71 94
72 94
79 96
1000 100 100 3
0 82
500 17
501 -13
504 41
511 -9
514 22
515 -41
517 9
518 18
525 25
528 9
534 23
538 -92
539 -52
541 -53
542 52
544 -53
545 -42
547 47
551 -82
552 -40
553 -18
554 -100
555 24
557 7
558 -18
561 -32
562 -56
563 55
567 -70
568 -15
569 -96
570 -8
571 -60
572 8
573 -100
574 -10
576 -24
578 -76
580 37
581 -18
587 40
591 -80
592 -42
595 12
598 -18
601 13
602 -19
603 32
605 -21
608 -19
610 -77
611 -30
612 8
614 19
615 -7
616 -86
617 -98
619 46
620 -23
621 -2
624 -27
626 -22
628 48
630 16
631 -52
633 -60
634 -19
635 -77
638 39
640 -84
642 -7
647 -4
651 29
652 -77
657 39
659 -89
660 -73
661 -100
662 16
664 -84
665 -90
666 30
668 -22
671 -67
672 -52
673 -98
674 -26
675 -95
677 -34
679 18
681 25
682 -25
685 16
687 -71
688 -33
691 -26
698 -17
700 6
1000 -18
0 88
1 93
2 94
5 88
11 86
12 82
15 88
17 92
18 87
19 85
20 89
22 95
23 89
25 96
26 88
27 92
28 91
29 80
30 93
32 82
34 82
36 86
42 88
43 93
44 83
48 82
49 76
51 93
52 79
56 91
57 95
59 84
60 82
61 76
63 78
64 83
65 97
66 94
67 86
68 93
69 90
70 85
71 80
72 91
76 74
79 88
82 82
84 88
85 74
91 91
93 95
94 80
97 98
99 90
100 97
103 90
104 87
107 69
108 97
109 74
110 68
111 89
114 83
118 75
119 82
121 86
127 98
130 82
131 71
132 100
133 80
138 94
139 95
142 79
145 74
146 90
147 96
151 85
152 98
154 66
156 81
158 65
159 77
161 91
163 72
164 61
165 74
167 82
168 78
169 98
172 84
176 85
184 65
185 65
186 64
188 94
196 70
199 65
200 90
1000 13
75 16 17 2
0 -38
1 3
7 -59
12 -49
17 -61
28 50
35 98
38 -35
59 -83
60 -55
65 94
68 56
71 1
73 -72
74 -9
75 -74
0 28
6 12
7 -43
9 50
15 -32
16 -12
24 62
30 87
32 98
37 99
47 -14
51 -55
52 -44
60 23
63 99
73 100
75 -38
198 92 90 3
0 -16
3 -78
4 -14
5 -36
6 -46
8 -79
11 3
15 -18
16 39
23 -23
26 94
27 11
32 29
33 48
34 -8
36 -92
38 -100
39 -85
43 -49
46 -37
48 -65
49 -86
53 -60
54 -87
55 -66
58 7
59 31
61 -23
62 14
63 -76
64 -96
66 -6
67 -62
68 -96
69 -66
70 -40
71 -18
74 71
76 -33
81 23
88 -92
89 0
94 62
101 -12
102 -43
103 -25
105 -58
106 -76
107 -83
109 -74
110 -75
115 29
116 -43
117 -65
123 -22
127 -92
128 -56
129 -69
130 1
134 -36
135 -75
137 -74
138 -42
139 -93
140 -96
144 -14
148 -84
149 -80
150 -89
153 -74
154 52
156 15
159 -64
160 -5
161 -85
163 -68
164 -96
165 -75
166 -59
168 -44
170 63
172 43
179 16
180 -16
188 -100
189 -27
190 36
192 77
193 21
195 67
196 -55
198 -98
0 4
1 11
2 -7
3 17
5 -32
8 -49
10 64
11 23
13 80
14 -12
15 86
17 81
18 87
22 88
25 95
26 98
27 89
30 75
31 50
32 84
33 87
34 84
37 -94
38 -92
39 -7
44 -37
48 -21
52 67
53 62
59 34
60 37
63 32
64 -93
65 40
68 -89
69 -61
71 9
73 100
74 97
75 55
77 73
80 79
81 48
84 -10
87 73
91 65
93 66
95 64
98 49
101 48
103 -20
108 -78
113 22
114 37
117 40
121 82
125 -50
127 4
128 -29
129 16
132 52
135 65
137 62
138 82
139 -88
144 -10
147 -45
148 -7
152 -39
153 69
158 -5
159 -17
160 38
161 7
163 -9
164 -31
165 -62
167 -45
168 63
172 75
180 41
181 -6
184 -9
185 -20
186 -32
187 -65
188 -37
190 99
195 90
198 -86
99 100 100 3
0 1
1 -5
2 -4
3 1
4 -3
5 -3
6 -3
7 -5
8 -3
9 -4
10 -2
11 2
12 -3
13 -5
14 1
15 -5
16 -2
17 0
18 -2
19 -5
20 -5
21 -5
22 -3
23 -3
24 -3
25 -5
26 -5
27 2
28 -3
29 -1
30 2
31 -5
32 -5
33 -4
34 -3
35 -4
36 2
37 -5
38 -3
39 -5
40 -5
41 2
42 -1
43 -5
44 -2
45 2
46 -3
47 -2
48 -3
49 -3
50 -3
51 -3
52 -5
53 -3
54 -1
55 -4
56 -3
57 -3
58 -4
59 -3
60 -1
61 4
62 -1
63 -2
64 -5
65 -4
66 -2
67 -1
68 -5
69 1
70 -3
71 -5
72 -2
73 -4
74 -3
75 -5
76 0
77 -5
78 -2
79 -5
80 -1
81 -4
82 -5
83 0
84 -4
85 -3
86 -5
87 3
88 -4
89 -3
90 4
91 2
92 -5
93 1
94 3
95 -2
96 -4
97 -4
98 -5
99 -4
0 2
1 -3
2 -3
3 4
4 1
5 3
6 -1
7 0
8 2
9 -2
10 0
11 3
12 0
13 -2
14 2
15 -4
16 2
17 1
18 2
19 2
20 -2
21 4
22 0
23 -1
24 4
25 -3
26 -2
27 5
28 4
29 3
30 3
31 3
32 -4
33 1
34 5
35 -1
36 4
37 -3
38 1
39 0
40 -1
41 5
42 3
43 0
44 5
45 5
46 -2
47 -1
48 -2
49 0
50 -2
51 1
52 -4
53 0
54 0
55 -1
56 1
57 1
58 -3
59 5
60 1
61 5
62 5
63 0
64 3
65 1
66 5
67 0
68 -3
69 5
70 5
71 1
72 2
73 4
74 0
75 -4
76 4
77 -4
78 4
79 -4
80 3
81 4
82 -1
83 4
84 -1
85 0
86 -3
87 5
88 -2
89 3
90 5
91 5
92 -3
93 2
94 5
95 4
96 4
97 -1
98 -3
99 -2
52 16 25 2
0 -49
5 -84
6 -75
7 -86
9 -91
13 29
16 -6
25 -11
26 69
35 19
43 -75
44 -100
45 -72
49 -27
51 22
52 25
0 86
3 -12
4 -72
5 -83
6 -41
9 -80
10 -32
13 75
15 10
19 54
20 90
25 11
26 97
27 65
29 82
31 87
33 40
34 64
35 50
37 98
39 -10
42 15
44 -99
46 2
52 63
88 23 22 3
0 18
5 -70
6 -54
12 -31
13 -11
17 -56
18 -97
21 -29
24 -97
25 -86
28 -96
29 -95
31 -87
33 -77
40 -44
41 -85
46 25
50 45
54 -33
60 -40
64 -47
79 -52
88 -67
0 82
2 -10
5 31
11 80
18 -76
23 27
24 -72
39 -32
40 89
41 21
45 29
48 86
62 -12
63 81
66 49
67 13
70 56
71 -27
74 34
85 -35
87 -28
88 79
79 11 15 2
0 -11
1 -86
12 -73
16 -94
41 2
44 -57
50 -39
52 -35
56 0
58 -78
79 58
0 20
4 33
12 81
16 -62
29 24
35 13
40 2
42 81
50 -16
51 43
56 31
58 -76
70 20
76 58
79 70
75 16 10 3
0 -39
4 92
11 -29
13 -51
17 -74
21 -86
29 -56
31 3
33 4
37 -10
40 -52
45 -4
50 -96
54 -44
59 -14
75 -73
0 97
1 94
6 98
11 51
13 78
22 -73
33 80
35 36
48 -4
75 -12
92 22 24 2
0 14
5 50
12 -57
16 -99
17 -26
21 -99
24 -40
26 -85
32 -33
35 -74
36 -83
37 -50
45 -63
48 68
58 88
60 -32
64 61
73 -24
87 -27
88 20
89 -34
92 -42
0 34
7 93
8 10
10 78
13 -56
14 -19
15 7
22 -17
27 -31
30 89
34 -55
39 25
50 89
51 94
61 87
64 87
65 60
66 91
67 63
71 46
74 66
75 -20
88 37
92 77
71 12 20 3
0 26
2 -92
5 1
7 -84
16 62
21 85
27 38
40 -98
45 -90
56 -43
66 -82
71 -67
0 78
1 66
3 23
7 41
9 58
12 88
19 85
22 97
37 -54
39 -43
40 -37
49 -11
51 60
53 82
55 86
57 -8
58 59
62 -29
64 68
71 -24
96 19 20 2
0 91
13 -39
14 -75
16 65
18 -17
21 -70
28 -13
30 -29
31 -50
39 -65
40 -86
52 -93
53 -81
57 -58
58 -63
69 -98
72 -52
78 -89
96 -46
0 99
4 53
11 16
12 57
15 0
16 81
17 38
19 -28
28 50
45 -60
60 -52
62 -56
70 -71
71 87
73 -58
74 28
82 -34
89 61
92 53
96 8
58 12 23 2
0 63
6 -70
10 -94
16 -77
17 -39
34 97
36 8
39 48
44 -5
49 -55
54 -87
58 -28
0 84
11 -46
12 80
13 -8
14 39
15 -29
16 -63
17 8
19 87
23 98
26 73
29 95
30 96
31 87
33 99
35 96
38 41
41 76
44 17
48 -17
52 -31
53 -68
58 -4
76 19 12 2
0 76
4 4
7 -95
8 -89
10 6
13 35
14 41
27 -25
33 -98
35 -95
41 -67
42 28
46 -18
50 -79
64 -55
66 -35
71 -35
72 -50
76 -90
0 100
12 61
20 32
28 0
29 -17
32 31
46 65
51 -62
56 94
64 23
70 68
76 -86
942 100 100 3
0 -25
1 -66
3 79
4 -99
6 61
7 -84
8 -78
9 -29
10 -83
11 -30
12 -62
13 -60
14 -83
15 22
17 -74
18 26
19 -99
21 -47
23 10
25 64
27 -60
28 -25
29 -76
30 -95
31 -19
33 -67
34 -54
36 -51
37 -81
38 -82
39 -58
43 4
44 -13
45 -99
47 71
48 -88
49 -77
50 -9
51 -44
53 -87
54 -96
58 62
59 56
60 58
62 2
63 -47
64 -89
66 -89
67 -86
68 -62
69 0
70 -59
71 -96
74 -83
75 -95
77 -45
78 -89
79 -38
80 17
82 -76
84 -79
85 -24
86 -32
89 -37
91 68
93 -71
94 -81
97 21
99 -98
100 7
101 -46
103 -51
106 -39
107 34
110 64
112 17
113 51
114 -100
115 -83
117 -85
118 -73
122 -8
123 -51
124 -55
125 -50
127 -70
129 -41
130 -65
132 -28
134 -100
135 -86
137 0
141 -67
142 -95
143 -1
144 -32
145 -20
146 -93
149 -66
942 71
0 56
1 -59
2 40
3 98
4 -72
5 81
6 100
7 68
8 -9
12 4
13 -9
14 -26
15 32
16 20
17 73
18 36
19 -98
22 -17
25 88
26 88
27 34
29 -69
30 -26
31 9
33 49
34 8
35 -11
38 -38
39 -11
41 -7
42 58
43 71
44 4
45 -60
46 38
47 90
48 -83
49 -3
50 6
51 -5
52 13
53 37
54 -27
56 68
57 53
60 88
61 70
62 15
63 -39
64 -86
66 17
67 -77
68 53
71 -83
72 -50
73 -19
74 -46
75 -40
76 95
77 -34
78 -88
79 -32
81 78
84 -12
85 76
87 86
90 39
92 98
94 77
96 65
98 -14
100 95
101 98
102 96
103 27
104 70
106 92
107 40
108 50
109 79
110 67
111 99
112 29
113 62
114 -57
115 93
123 -2
125 56
132 6
134 -99
135 18
137 3
138 45
139 -27
141 6
144 68
147 -42
148 60
150 -17
942 77
81 14 12 2
0 -88
4 -84
9 -46
20 90
26 -62
29 5
32 -50
47 21
58 -11
65 -35
68 -38
76 -73
80 -45
81 12
0 -82
2 -10
10 83
11 14
20 99
22 62
38 14
39 46
53 43
72 -51
77 -40
81 60
62 15 21 2
0 21
2 17
3 -69
6 -57
8 -80
21 -94
32 -87
35 -42
37 -28
43 67
45 -16
47 33
53 -4
54 -87
62 22
0 88
10 29
11 25
12 -70
13 5
15 -45
18 -83
24 -81
27 -82
32 2
35 -22
36 33
40 47
41 48
43 91
46 20
49 63
55 80
56 20
57 77
62 32
77 18 13 3
0 88
3 -41
6 -82
13 -34
16 -40
17 5
18 -87
20 -99
21 -86
25 -65
34 27
40 -55
43 -72
44 -86
46 -29
59 86
65 -56
77 -49
0 95
18 28
20 -63
26 -28
34 97
45 -48
46 92
50 54
55 91
67 87
69 -52
73 93
77 86
1000 100 100 3
0 -4
8 -2
9 -5
28 -4
81 -3
101 -5
117 -4
123 -1
127 -5
130 -2
143 3
170 -2
171 0
185 2
192 -3
197 0
200 2
203 -1
208 1
213 3
237 -5
239 -1
276 -2
277 2
288 -4
289 -4
293 -5
301 -3
307 2
333 3
335 1
338 -3
353 0
356 2
360 -1
365 0
402 -3
413 -1
421 -4
422 -3
424 -4
448 3
450 -5
456 3
469 -3
476 1
481 1
482 3
484 1
490 -2
492 -1
500 -5
538 -5
565 -4
571 -5
577 -4
585 -1
594 -1
604 -5
631 -5
632 -4
643 -4
652 0
665 -2
669 2
673 -4
692 1
694 0
720 -4
728 1
730 -5
755 -2
765 0
769 2
772 -1
774 -5
790 4
816 -3
821 2
851 1
853 0
858 -1
859 3
875 0
882 -1
903 0
916 -2
919 -1
924 0
929 -4
941 1
949 -3
952 2
954 -3
959 -1
962 -5
969 0
970 -4
985 3
1000 -3
0 -1
2 2
32 -1
37 5
45 3
51 -3
58 4
60 3
65 3
79 -2
87 -2
105 -1
117 4
155 4
163 2
176 4
182 5
189 0
190 3
193 3
199 3
213 5
216 3
229 -2
232 -3
233 -2
236 -3
237 0
238 0
241 1
246 2
261 3
272 1
273 2
281 4
288 -3
296 2
302 -1
307 4
321 5
322 4
332 5
338 0
341 -1
350 4
369 4
376 0
390 2
396 -2
410 0
425 1
437 4
509 5
526 -3
533 0
570 -3
588 2
611 -4
615 0
617 -1
630 -2
643 -2
650 3
657 2
664 1
677 4
680 -1
690 3
698 3
699 5
706 2
710 0
719 2
735 4
736 -4
737 2
743 5
748 2
755 2
758 5
771 5
778 -2
779 3
797 5
805 4
820 3
844 3
845 3
849 2
856 3
870 5
881 3
884 4
898 4
911 0
950 4
962 -1
970 2
975 5
1000 1
87 17 25 2
0 97
4 39
8 -78
14 -73
34 22
37 68
39 41
46 -14
50 13
58 31
60 -1
63 -27
68 61
70 -39
78 15
79 42
87 -97
0 98
3 74
6 2
11 -59
17 -53
18 48
19 36
27 79
29 88
30 7
33 22
34 98
36 69
53 84
58 82
60 94
61 23
62 68
63 18
64 61
72 74
75 49
81 65
82 46
87 -39
62 15 21 3
0 -83
1 -95
9 -89
10 20
15 40
22 86
25 46
33 -69
35 -76
47 97
49 57
54 14
57 -3
59 -100
62 -99
0 -51
2 -90
5 -53
8 27
9 48
10 44
11 49
12 31
15 66
17 97
23 97
24 76
31 -14
37 -38
45 100
47 100
50 90
54 55
56 42
59 -82
62 -98
55 10 25 3
0 -69
7 50
10 -45
11 -29
13 -86
30 52
36 26
48 -62
51 29
55 80
0 -48
1 64
4 52
5 84
6 51
8 71
13 -64
16 -18
17 -50
18 45
20 59
23 1
25 91
28 37
31 60
33 49
35 75
36 62
39 45
42 21
48 -38
51 61
53 99
54 93
55 92
23 7 3 2
0 -54
7 -89
10 -39
12 -75
13 -27
19 -91
23 -94
0 -5
9 -14
23 9
93 3 3 3
0 22
38 -57
93 -5
0 32
69 -26
93 16
97 13 25 3
0 -100
2 18
14 25
22 -91
27 -72
33 -66
51 -56
66 -37
67 -35
80 -17
91 -54
94 12
97 -67
0 91
1 30
4 91
5 32
12 38
15 67
19 96
22 84
31 -46
35 -31
38 -25
40 -6
44 -15
47 31
50 99
57 -40
59 85
62 74
70 -24
80 19
83 -13
86 93
95 17
96 -36
97 -25
94 24 13 2
0 -73
2 -84
8 -31
20 -69
21 -28
23 -79
33 71
34 60
35 52
38 63
39 0
41 4
42 -53
43 9
58 2
59 -97
80 -84
81 -66
83 0
84 -64
86 18
89 -75
92 -42
94 -84
0 10
19 56
20 49
25 -29
35 97
36 95
43 21
48 61
53 35
63 72
74 -82
87 77
94 -1
85 4 6 3
0 4
11 -77
29 20
85 -88
0 24
6 97
24 49
60 22
84 -34
85 89
929 100 100 3
0 -13
1 14
12 31
14 18
17 6
18 19
22 -64
23 -7
24 38
26 -97
27 -66
29 55
30 16
31 -73
32 4
36 46
37 46
39 18
41 2
44 -4
46 -96
48 -23
50 -7
51 -44
52 49
53 -25
57 -90
60 -17
61 4
62 21
63 -56
64 -97
65 56
66 -4
68 22
71 -2
72 35
74 -22
75 11
77 10
78 -19
84 45
86 -79
87 18
88 -7
89 26
90 -80
92 -25
97 -100
105 22
106 -9
111 -95
112 19
113 -80
116 45
117 4
118 -85
124 55
126 39
128 16
130 -69
131 -98
132 32
134 -10
135 29
140 57
141 -78
144 -81
145 29
146 -90
147 27
148 -70
149 27
154 40
155 25
156 38
159 26
160 -64
161 -45
162 -4
164 -25
165 -79
168 -90
169 -9
170 -98
172 -89
174 -29
178 55
181 -88
182 -53
183 9
187 56
188 -51
193 -22
194 -17
196 -84
198 -28
199 -45
200 48
929 -62
0 64
501 60
503 71
504 84
508 29
509 36
510 54
512 84
515 3
519 57
522 61
527 39
530 97
533 89
535 2
536 6
538 -2
542 4
544 38
546 57
547 79
549 6
551 15
552 60
553 26
556 -1
558 59
559 3
564 54
567 11
568 96
569 85
574 47
578 80
581 -8
582 84
583 68
584 22
586 -4
587 84
589 21
593 80
595 5
596 -4
597 94
598 -5
599 52
602 89
603 0
604 44
605 55
606 67
609 51
611 13
613 70
614 12
617 68
619 92
621 14
623 44
626 -12
629 -9
632 46
635 7
638 -15
641 99
642 -2
643 92
645 88
646 66
647 36
648 18
650 21
656 68
657 -12
659 -19
662 95
665 86
666 32
667 69
668 -2
669 56
672 52
673 53
674 84
676 94
677 96
678 39
680 49
681 87
682 3
684 70
686 32
688 52
689 -12
690 12
691 88
692 28
700 2
929 88
96 10 12 2
0 14
2 -76
8 -44
15 -25
24 -17
32 -74
37 93
55 -48
82 -14
96 -64
0 82
3 21
31 -13
34 65
36 92
39 96
44 57
62 69
67 95
68 -3
70 35
96 -56
65 12 20 3
0 37
1 -73
6 -62
14 26
21 58
25 47
26 -4
29 -15
36 -47
43 2
62 47
65 -100
0 63
6 -18
7 96
9 96
10 75
19 96
20 60
22 79
25 90
26 37
34 20
36 1
41 37
42 7
44 24
46 23
49 84
56 64
62 61
65 -99
99 100 100 3
0 -1
1 -5
2 -2
3 -5
4 -4
5 -3
6 0
7 -4
8 -3
9 -3
10 -5
11 -5
12 -4
13 -4
14 1
15 1
16 -5
17 -1
18 -5
19 -5
20 -3
21 -1
22 -2
23 -5
24 -4
25 -3
26 -5
27 -4
28 -4
29 -4
30 -5
31 -1
32 -4
33 -4
34 4
35 0
36 -3
37 -4
38 -5
39 -4
40 -2
41 0
42 4
43 -1
44 0
45 -3
46 -4
47 -3
48 1
49 -5
50 1
51 -3
52 2
53 0
54 -5
55 -1
56 -5
57 -5
58 -4
59 -3
60 -5
61 -2
62 -5
63 -4
64 3
65 1
66 -3
67 -5
68 0
69 -3
70 -3
71 -5
72 -3
73 -4
74 -3
75 -3
76 -4
77 -5
78 -5
79 -5
80 -1
81 -5
82 -5
83 -5
84 -5
85 -4
86 -5
87 -5
88 1
89 -5
90 -3
91 -3
92 -5
93 -4
94 -3
95 -3
96 1
97 -5
98 -4
99 -3
0 0
1 -3
2 0
3 -2
4 2
5 2
6 4
7 -3
8 -2
9 3
10 -3
11 -4
12 2
13 -3
14 4
15 4
16 -4
17 0
18 -4
19 2
20 0
21 0
22 2
23 -1
24 -3
25 4
26 -3
27 -2
28 -1
29 -1
30 4
31 1
32 1
33 -1
34 5
35 2
36 -1
37 5
38 -4
39 -1
40 2
41 1
42 5
43 1
44 3
45 4
46 1
47 -1
48 3
49 4
50 5
51 -2
52 4
53 1
54 4
55 0
56 5
57 -2
58 -3
59 1
60 -4
61 1
62 -4
63 4
64 5
65 4
66 0
67 -3
68 1
69 3
70 3
71 4
72 0
73 3
74 0
75 2
76 5
77 -4
78 -2
79 -3
80 4
81 -3
82 -3
83 4
84 -1
85 -3
86 -4
87 -4
88 2
89 -3
90 0
91 2
92 -3
93 -1
94 4
95 1
96 2
97 -4
98 -1
99 1
1000 100 100 3
0 1
10 2
31 -3
32 -5
47 -3
94 0
99 1
103 -5
107 4
108 3
110 -3
117 1
119 -3
139 0
144 0
145 -2
151 -5
155 -4
162 -1
163 0
164 2
170 -4
173 0
177 -3
181 -1
184 -2
196 1
210 -1
238 -4
267 1
268 0
276 -3
291 -5
317 -3
328 0
330 -1
337 -2
358 3
369 3
374 -3
376 -5
380 -5
383 -1
396 -1
403 -3
439 -5
445 -4
463 -5
471 -2
477 -1
503 -2
510 1
518 -2
520 -5
524 -2
538 -4
541 1
566 -2
568 -3
571 -5
572 -4
587 -3
611 1
613 -3
620 -3
629 -1
631 0
635 -2
657 0
665 0
684 -2
694 -4
718 1
719 1
721 -4
723 -4
752 1
755 -4
758 -1
784 3
795 -4
799 -5
855 -1
865 -3
876 -5
879 -4
889 -2
895 2
900 4
929 2
934 1
935 -2
937 -5
961 -5
963 1
965 -3
975 0
978 1
985 -3
1000 2
0 2
8 4
15 2
17 5
35 -1
44 4
66 3
67 5
71 3
80 5
85 4
98 5
116 5
122 3
134 5
141 3
151 -3
152 -2
163 3
184 -1
186 -1
192 2
232 -2
236 -1
238 1
240 0
249 -1
265 1
268 4
278 -3
290 -2
292 3
293 2
313 5
338 0
368 5
375 -3
376 3
402 -2
414 -3
438 4
443 -3
447 0
461 0
473 3
482 5
523 0
526 -1
529 -2
542 3
545 4
567 1
572 -3
573 4
585 4
586 4
587 4
592 0
612 5
635 -1
639 0
661 5
674 4
686 2
692 2
696 -3
712 3
715 3
718 3
725 4
732 5
743 0
750 1
762 2
773 3
786 4
792 -1
800 -3
805 3
849 3
854 0
880 -3
883 -2
890 0
900 5
925 4
926 4
927 5
929 5
930 4
942 -4
943 0
944 -2
947 -3
953 -3
954 1
970 5
985 -2
988 -1
1000 4
1000 100 100 3
0 991
7 340
18 -755
34 -364
43 -151
45 -255
48 -27
53 365
55 -685
57 -706
80 -903
89 -883
92 -539
134 -686
137 -981
159 -562
175 -763
182 -528
187 -682
191 -98
214 -813
226 -702
258 -996
266 -823
276 -95
277 23
283 -197
301 -719
304 -958
321 -594
323 -638
339 -967
366 76
384 -737
385 -870
390 -657
397 -797
405 -780
406 -556
419 -727
430 -585
440 -77
441 -224
447 447
457 -887
468 6
491 70
517 -563
530 -685
536 188
571 814
578 446
595 -326
601 -340
608 -981
610 -648
622 -975
623 -897
625 -457
639 -263
641 806
652 -521
656 241
657 -125
668 -483
684 -732
719 33
720 -583
726 -346
736 -540
741 -506
751 -973
764 984
767 -213
785 -95
798 -265
824 177
843 -230
849 -957
851 283
861 -525
881 403
887 692
892 -838
911 -729
914 381
918 -813
931 -863
937 -714
946 -989
947 -968
954 -607
956 -807
958 -934
967 -157
968 -794
978 275
980 -685
984 126
1000 -480
0 998
2 814
7 980
15 919
16 842
21 67
67 531
77 649
83 -283
86 -726
99 222
112 926
113 251
116 613
119 249
127 -260
182 -465
188 -377
189 782
215 -679
217 826
219 181
254 -785
255 438
256 863
284 -190
310 -763
321 817
337 -871
344 364
352 -445
370 619
387 -373
410 -10
414 -276
428 -397
435 -268
445 308
449 879
450 223
452 639
462 -443
473 937
479 840
492 807
495 196
503 141
521 730
524 -232
525 585
528 -177
531 8
532 -120
546 998
567 923
580 780
587 48
590 119
591 544
640 495
641 925
644 812
681 -589
690 -440
696 643
705 545
725 -118
726 -187
731 14
745 -447
759 732
760 439
762 871
764 988
794 878
804 242
814 29
815 884
828 209
830 447
847 730
849 853
863 634
870 407
872 289
874 920
883 924
905 683
907 988
912 505
915 894
917 416
926 -538
931 837
937 -632
946 -966
951 -470
966 546
997 -58
1000 247
80 16 11 3
0 -12
5 33
7 54
17 -81
28 28
38 -2
39 -16
47 29
49 33
50 -37
53 -52
54 -79
59 -30
75 -69
76 -100
80 -82
0 95
6 80
41 13
42 99
43 53
52 28
62 34
65 -24
68 -31
79 -83
80 -21
50 15 24 2
0 68
2 72
7 -72
8 50
13 51
19 18
22 -23
26 -50
42 10
43 49
46 76
47 -97
48 -63
49 -14
50 -60
0 85
1 78
3 81
6 -5
8 70
9 57
10 58
12 64
19 56
22 18
23 -26
24 49
26 9
27 1
31 74
32 69
33 93
35 56
36 96
40 45
44 69
46 82
47 -96
50 64
29 2 2 3
0 32
29 69
0 86
29 88
99 100 100 3
0 1
1 0
2 -4
3 -5
4 -1
5 -5
6 -1
7 1
8 -5
9 -2
10 2
11 -1
12 -5
13 -3
14 -5
15 -5
16 -4
17 -1
18 0
19 0
20 -2
21 -5
22 -5
23 -5
24 -2
25 -5
26 -3
27 3
28 3
29 -5
30 -3
31 -3
32 -2
33 0
34 -4
35 -4
36 -4
37 -4
38 -4
39 -5
40 0
41 -5
42 -5
43 -2
44 -4
45 -5
46 -5
47 -5
48 -1
49 -5
50 -1
51 -5
52 2
53 0
54 -5
55 -5
56 -5
57 -5
58 -5
59 -5
60 -4
61 -5
62 -3
63 -5
64 -1
65 -4
66 -3
67 -5
68 3
69 -3
70 -4
71 -4
72 -4
73 -3
74 -4
75 0
76 -1
77 -5
78 -3
79 -5
80 -1
81 -4
82 -4
83 -3
84 -1
85 -4
86 -4
87 -3
88 3
89 -5
90 -2
91 -4
92 -2
93 -3
94 -3
95 -1
96 3
97 -3
98 -5
99 -1
0 3
1 3
2 -3
3 2
4 1
5 -1
6 5
7 2
8 -4
9 -1
10 5
11 2
12 -3
13 -2
14 -4
15 -2
16 5
17 1
18 3
19 4
20 3
21 -2
22 -4
23 5
24 2
25 -3
26 -2
27 4
28 4
29 -4
30 0
31 2
32 0
33 2
34 2
35 3
36 5
37 -3
38 -3
39 5
40 4
41 4
42 -3
43 1
44 -3
45 -2
46 -4
47 -3
48 0
49 5
50 1
51 0
52 5
53 2
54 -4
55 -2
56 5
57 -4
58 -3
59 -1
60 1
61 -4
62 2
63 -1
64 1
65 -2
66 -2
67 4
68 4
69 2
70 -2
71 5
72 -1
73 -1
74 -3
75 2
76 0
77 2
78 1
79 0
80 0
81 -3
82 5
83 -2
84 2
85 2
86 -3
87 -2
88 4
89 -4
90 0
91 -3
92 3
93 -1
94 3
95 1
96 5
97 -1
98 -4
99 2
42 10 6 3
0 -95
5 -61
11 -12
25 -10
26 -44
33 -100
34 -18
40 58
41 -79
42 -14
0 38
7 -44
19 87
28 -57
33 18
42 73
69 11 25 3
0 -14
2 -97
8 9
29 43
30 -50
42 21
43 -48
54 95
56 -44
63 -79
69 7
0 80
2 -89
6 29
8 43
9 53
11 88
14 84
15 81
16 84
17 56
20 93
25 62
27 87
42 33
44 7
45 40
49 86
52 97
55 98
56 91
60 42
62 63
64 90
67 62
69 44
33 8 10 3
0 3
6 -67
8 -52
9 -84
18 -2
24 54
30 -19
33 -62
0 98
3 23
5 -53
6 -47
12 -3
19 62
22 61
27 100
28 68
33 13
91 21 25 3
0 -30
10 -80
15 75
18 5
22 -85
25 -51
31 -52
32 -9
35 37
36 -61
53 -1
62 39
74 69
75 52
77 8
78 -12
79 -93
81 50
83 -67
88 -20
91 -95
0 37
4 -28
11 -38
15 84
18 15
21 80
23 80
27 91
28 77
29 8
35 90
41 67
43 59
44 23
58 80
60 79
62 48
66 52
67 70
77 76
79 -63
80 100
85 44
89 -29
91 -13
66 15 22 2
0 14
8 10
12 40
21 99
30 -9
39 81
42 65
45 32
49 -95
51 -91
55 -93
57 -81
62 1
65 -49
66 75
0 83
1 72
3 75
4 83
5 46
8 71
11 79
17 94
20 100
26 100
27 29
28 61
32 48
33 85
36 95
45 97
49 5
52 -90
53 77
58 -4
60 -18
66 96
68 25 17 3
0 -7
3 -56
11 75
15 -100
17 31
22 62
25 49
28 -88
29 -32
30 -26
36 -57
39 -87
41 -59
44 60
45 56
47 59
54 -22
57 -69
58 47
61 -44
64 -71
65 -47
66 -22
67 -91
68 -74
0 23
3 99
7 24
8 62
12 92
20 58
23 67
27 40
38 -66
41 33
42 76
50 81
51 84
53 26
55 -35
59 89
68 -37
75 19 25 2
0 26
1 -41
3 56
5 -75
19 89
23 -32
25 -80
27 2
28 -87
33 -97
38 -79
40 -89
41 -83
56 87
59 -49
64 91
69 -52
73 -96
75 54
0 52
2 97
4 79
5 60
14 49
15 98
26 74
29 36
30 -29
33 98
38 -76
41 -75
44 -18
45 12
49 50
51 57
53 98
55 91
59 93
61 20
62 50
63 99
73 96
74 74
75 71
69 21 22 2
0 86
9 13
10 -43
12 59
15 -32
17 -70
19 -98
27 -16
29 -61
30 -38
31 -35
35 -80
36 24
42 12
43 -71
46 -100
47 -70
49 27
56 -24
64 12
69 -72
0 99
1 94
3 70
4 62
6 98
10 66
11 94
13 44
15 -29
17 -2
19 -93
20 -9
21 81
31 -20
36 71
37 82
41 18
47 73
48 74
62 80
64 23
69 38
52 11 23 2
0 14
3 77
7 30
18 43
19 83
23 83
28 83
32 -69
39 -78
50 -15
52 -53
0 50
1 45
2 70
3 87
4 70
6 57
8 63
9 99
10 79
11 75
15 87
16 99
23 88
26 95
29 86
32 26
34 62
41 -40
43 100
44 1
48 39
51 -17
52 -4
938 100 100 3
0 -94
500 -28
507 -54
509 -85
510 -74
511 -54
512 -40
514 -91
515 -11
519 17
521 -55
525 -89
526 -80
527 -70
528 -84
529 -79
536 -8
543 -92
545 -85
546 -78
548 -70
551 -34
555 -32
556 -97
557 -47
561 -6
563 -44
564 -54
566 -85
567 -50
571 -75
572 -36
573 -63
575 -23
576 -6
579 -78
580 -51
581 -15
583 -96
584 -24
585 -82
586 -55
589 8
592 -55
593 -43
597 -61
599 -31
600 -92
601 -26
603 -51
605 -32
608 -57
611 -33
613 -6
614 -62
617 -42
621 -47
622 -46
623 10
624 -46
625 -30
628 -46
631 -97
635 -100
637 -65
640 3
641 -8
643 -57
646 -91
648 -78
649 -13
652 -48
654 -92
655 -59
657 -56
660 -9
661 -5
663 -32
667 -55
668 -98
669 -11
670 -73
672 -70
673 -7
676 -89
677 -81
678 -37
679 -38
682 -22
684 -70
685 -76
686 -28
688 -38
689 -16
690 -21
694 -99
697 -68
698 -62
700 -27
938 -80
0 89
2 29
3 47
5 -53
6 -91
7 2
8 24
9 28
10 -51
12 35
16 47
20 -9
21 -54
23 -38
24 87
27 99
28 -13
29 -9
32 76
35 9
36 58
38 -7
39 -48
40 -65
44 44
46 -69
49 51
50 92
52 -81
54 -29
57 -24
60 -31
62 7
66 73
67 57
70 -84
75 99
76 54
77 46
79 23
81 82
87 73
89 33
92 -31
93 63
95 20
96 40
97 -69
98 55
99 41
103 95
106 -14
109 -60
110 75
111 -62
114 53
119 -23
121 67
124 33
129 72
130 -1
131 5
133 -62
134 53
135 35
137 -35
138 84
139 -66
144 -29
145 -11
146 51
147 50
148 -24
149 -54
150 37
153 -33
154 33
156 52
157 -29
161 -28
162 44
163 -51
164 57
168 -11
169 -31
170 19
172 -34
174 -62
176 80
177 -24
178 95
181 59
184 -45
185 -33
187 22
189 38
193 58
195 19
196 58
938 -22
100 17 22 2
0 -69
20 47
28 58
37 66
39 -10
41 -75
46 -49
48 -82
58 54
59 -16
65 10
68 -85
80 -97
82 -100
89 95
92 22
100 4
0 94
7 79
15 68
17 93
19 74
23 82
27 84
32 67
33 98
35 85
39 95
42 -59
49 63
56 61
65 79
70 -86
74 71
82 -96
87 99
93 96
96 26
100 51
58 23 24 3
0 13
5 55
7 5
9 14
10 12
14 -85
16 68
17 6
20 -88
21 -75
27 -33
30 -15
32 -41
34 -50
35 -88
38 29
43 -92
45 -71
47 -61
48 -93
52 54
56 -20
58 45
0 80
1 48
5 84
7 79
8 16
9 45
13 -59
15 30
16 93
17 17
25 -42
26 -35
29 1
32 3
35 -35
37 89
44 -77
45 43
48 -85
51 97
54 72
55 82
56 31
58 59
190 100 95 2
0 -17
2 -61
5 -95
7 31
9 -82
10 -60
11 -87
12 -79
14 -91
16 -52
22 -88
24 8
25 -2
27 -35
30 -98
31 -57
32 -89
36 17
37 58
43 11
45 -86
50 -18
51 -68
52 -35
53 -99
57 -14
59 -70
61 -53
63 -88
64 -43
65 -99
68 -64
70 -35
73 -99
74 -59
76 -26
77 -98
78 -81
79 -84
81 -100
83 38
84 14
86 -1
87 -77
89 -76
91 -69
92 -33
93 -94
94 44
95 -96
96 -92
99 83
102 -12
104 -15
106 45
107 -51
110 -44
111 -58
117 61
118 8
120 -71
122 -93
124 -34
125 -68
126 -77
129 -20
130 -54
132 -3
133 29
135 -60
136 -89
137 -38
139 -85
140 -26
144 71
145 44
147 -52
148 -44
151 -25
152 -80
156 -70
160 -65
161 -38
162 -84
164 -87
168 85
172 -53
173 -34
174 -97
175 -79
176 -100
178 -98
179 -99
180 -100
181 -80
182 -62
184 -42
185 -60
189 -44
190 -41
0 11
3 -25
4 -26
6 100
7 38
13 -82
14 25
20 -70
21 82
26 66
29 75
31 -50
33 10
35 43
36 96
38 92
40 48
42 38
44 79
45 -43
47 42
48 82
49 16
51 -22
52 -7
53 -94
55 26
56 62
57 64
58 13
62 -53
63 -49
65 -7
66 -6
67 41
68 14
70 99
73 -8
74 -27
75 24
77 79
78 -72
80 -89
81 82
82 11
83 72
89 -61
90 81
93 -78
94 70
95 -19
96 -63
97 73
101 97
105 55
106 62
107 -36
108 23
109 -9
112 -28
113 30
116 96
117 72
121 -78
123 85
134 64
135 38
137 28
139 -75
140 26
143 98
146 18
148 -4
149 70
151 4
155 -46
157 -7
158 72
160 26
161 -28
162 -33
164 -52
167 78
168 96
169 52
170 98
172 -40
173 62
174 -54
177 -97
180 -99
181 -46
184 -11
187 -48
190 -28
1000 100 100 3
0 -855
4 -546
35 -874
47 457
57 -63
61 113
74 -811
81 -913
92 925
99 -881
114 547
124 -887
128 78
129 210
144 -411
163 -239
164 -60
182 -983
201 31
202 -18
204 193
220 368
223 -87
225 -116
245 -663
247 -764
253 54
265 612
272 501
274 -668
278 42
288 -837
299 -154
310 -463
311 -861
325 569
327 390
339 -860
349 -826
360 -548
380 -877
392 286
405 -3
409 -832
410 -801
438 -134
452 165
454 -370
458 -126
465 -906
467 -831
482 140
518 -4
521 -501
531 -446
537 -617
541 -718
548 -778
554 -744
558 -731
570 -919
573 -940
575 -814
583 -646
587 -742
597 -623
600 -476
608 230
616 -889
634 -143
636 -414
639 -975
654 -171
659 -791
671 -903
674 -913
689 -986
697 -603
717 682
718 264
726 -495
753 -495
783 -1000
788 82
803 -561
804 -766
814 -287
823 -959
833 -817
850 -788
860 -623
864 -754
874 -889
924 -410
925 -878
960 627
976 -945
984 553
997 -833
1000 -744
0 469
26 667
40 871
42 187
44 453
54 680
55 240
56 685
79 -877
82 34
84 -130
91 990
103 790
119 929
133 119
135 104
144 762
159 177
189 222
195 165
212 355
213 696
242 -553
244 329
248 -238
258 909
297 -167
307 431
311 -607
319 756
323 631
326 622
341 -761
348 476
368 -422
374 -286
379 -346
389 934
404 456
408 -609
416 217
420 653
443 178
454 672
465 -677
468 -756
474 585
487 722
490 204
501 755
509 57
516 65
550 -737
571 -687
578 -566
588 -408
593 -42
600 230
602 825
605 937
606 580
610 -8
612 424
615 -185
616 -487
625 744
638 -338
650 263
657 -176
661 -460
683 -772
714 698
725 947
730 146
735 -24
744 460
750 -83
764 -267
780 -460
785 627
799 -109
811 383
830 -792
862 -26
876 -869
879 132
880 -547
888 -715
891 -493
908 -212
921 869
925 -550
931 971
935 760
937 381
948 519
980 879
982 935
994 -433
1000 94
81 19 14 3
0 -90
6 -65
9 -7
16 -63
19 -56
21 -76
31 -80
36 -60
39 -42
45 24
54 -79
55 -96
59 -13
63 -1
64 -68
70 -3
78 20
80 -71
81 9
0 -5
6 73
13 -28
17 18
33 -49
39 92
42 50
44 52
53 -10
66 48
71 62
72 13
78 77
81 83
99 100 100 3
0 -725
1 -762
2 479
3 -803
4 -652
5 -986
6 -954
7 -788
8 -309
9 85
10 -200
11 -87
12 836
13 -458
14 -870
15 -730
16 -239
17 -536
18 -835
19 -868
20 -378
21 -796
22 -905
23 -330
24 -877
25 -524
26 -43
27 -839
28 -65
29 -570
30 -887
31 -554
32 -870
33 -607
34 -531
35 -950
36 -453
37 -655
38 110
39 -404
40 -959
41 -1
42 -647
43 -537
44 -394
45 -118
46 328
47 -815
48 -96
49 -819
50 -706
51 -995
52 -668
53 -959
54 -343
55 -793
56 760
57 -798
58 763
59 -648
60 -604
61 -650
62 -992
63 -607
64 -877
65 106
66 -374
67 -678
68 -445
69 -971
70 -576
71 -112
72 -517
73 -136
74 -531
75 -931
76 576
77 358
78 -898
79 -822
80 -442
81 -512
82 -878
83 -626
84 -222
85 7
86 -156
87 293
88 2
89 -632
90 -195
91 -978
92 -949
93 -984
94 -412
95 -874
96 -985
97 -735
98 -936
99 -177
0 -415
1 -689
2 805
3 -747
4 -203
5 912
6 -16
7 -625
8 -278
9 156
10 600
11 11
12 921
13 -90
14 -534
15 -590
16 -141
17 943
18 -743
19 -554
20 806
21 -548
22 -829
23 -169
24 -149
25 -403
26 986
27 -497
28 317
29 761
30 -412
31 -125
32 594
33 -539
34 716
35 607
36 614
37 366
38 235
39 28
40 -466
41 239
42 935
43 129
44 857
45 737
46 762
47 -757
48 779
49 909
50 -687
51 720
52 924
53 -938
54 633
55 -701
56 768
57 36
58 982
59 657
60 404
61 -365
62 -645
63 -127
64 -717
65 980
66 -352
67 225
68 135
69 -567
70 78
71 284
72 -381
73 -101
74 -517
75 -209
76 948
77 404
78 5
79 -212
80 760
81 -62
82 169
83 330
84 799
85 774
86 196
87 720
88 728
89 -234
90 526
91 -199
92 684
93 -873
94 183
95 31
96 -264
97 701
98 -871
99 -89
696 98 91 3
0 86
7 3
14 60
15 -21
26 55
29 -85
54 -41
64 -51
65 -65
76 -26
81 19
87 -10
88 -32
104 -36
105 -19
106 -4
116 -46
120 -23
123 -28
133 -32
139 -81
149 -88
150 -9
162 84
190 -52
192 12
201 -96
208 -35
214 76
222 33
231 -97
239 -65
240 -49
242 -40
244 -80
254 -36
255 -86
256 -41
262 -65
268 5
290 -95
305 -88
306 -85
312 -100
315 -99
323 -13
328 12
333 -2
343 -38
376 -58
378 2
384 6
387 -55
393 -73
399 -65
410 -61
411 -36
415 -35
417 -41
418 -52
425 -99
434 -21
440 -82
445 -77
446 -37
452 -92
459 1
461 -10
469 -88
472 -87
476 -95
481 4
492 9
497 -68
500 30
501 -87
507 5
513 -7
516 -97
523 -40
525 7
530 -68
559 49
564 10
569 59
570 -37
601 -61
602 -38
607 -61
618 -21
622 -21
631 -67
634 -15
643 -98
666 7
669 -19
684 -28
696 -99
0 95
5 87
8 56
22 87
27 68
31 56
37 39
38 64
42 -41
60 46
62 26
76 33
78 95
82 70
87 82
93 -21
129 76
130 81
144 -12
150 75
154 71
167 97
168 95
185 26
191 65
194 87
198 35
208 -16
211 79
223 100
225 6
226 87
235 -56
265 65
267 67
272 -8
285 -56
317 -60
323 35
342 19
346 90
378 8
379 24
383 8
398 31
407 -36
409 1
413 7
423 -36
432 -4
434 -6
443 -17
446 53
453 17
466 -1
473 -83
474 10
476 -23
488 68
498 59
499 67
507 54
510 29
513 66
521 -10
524 57
525 38
528 70
534 5
535 87
541 32
551 25
557 43
561 78
565 66
570 85
579 58
592 38
596 2
612 -24
623 5
624 61
635 -21
644 84
661 45
662 78
663 20
676 3
682 65
694 -86
696 -45
95 16 13 2
0 82
2 83
3 -24
6 3
24 34
31 -92
41 -17
45 -18
46 36
54 -28
66 -51
67 -56
69 -50
70 -31
88 -70
95 75
0 95
27 72
35 1
38 -11
41 98
57 30
59 53
63 39
65 20
81 -10
88 68
93 57
95 96
62 20 18 2
0 3
1 -63
3 -40
4 -23
6 75
8 5
14 -61
15 -81
25 -64
27 -2
30 -95
37 60
44 -99
46 -17
47 -49
52 8
54 -39
56 -77
57 80
62 -73
0 19
3 -6
4 -2
5 96
8 99
15 -71
16 -27
24 56
30 58
35 61
42 61
46 22
49 91
50 84
56 -4
57 89
59 32
62 74
97 11 20 2
0 -17
8 21
21 -24
56 19
64 -56
68 -38
70 -65
74 -5
75 -4
82 39
97 -47
0 76
1 51
8 52
13 39
14 77
17 52
23 85
30 95
43 97
47 90
50 19
57 35
67 -2
68 28
70 -9
75 58
77 93
78 20
93 98
97 -42
1000 100 100 3
0 918
11 -425
13 63
17 -20
20 -286
21 -922
22 -186
24 -719
44 -991
70 -25
72 -917
88 20
97 731
125 -822
147 698
157 -290
167 -508
171 305
173 -875
176 -304
189 -18
192 -472
201 -898
220 -232
222 -943
248 -533
264 -900
269 -256
278 -833
279 -56
293 -579
311 -351
315 -564
320 -763
334 491
352 208
358 -585
368 -778
383 -529
405 858
424 -968
428 -874
446 -491
472 -544
489 -297
491 -326
496 -909
499 -231
502 -450
513 -368
524 -736
527 -795
545 -580
552 -881
553 137
556 -598
571 242
585 -936
629 -502
630 -872
633 -585
658 -970
678 912
679 261
680 -803
685 -713
703 47
705 43
711 -723
717 -482
759 -606
761 562
767 -644
778 -175
790 -501
811 -850
814 -764
817 -993
820 -917
823 -955
824 -808
836 -973
838 -898
847 387
862 -625
865 -814
880 117
883 -673
885 -727
892 -614
897 -394
907 -865
924 -275
941 -284
962 -978
965 -794
968 -633
988 601
992 8
1000 -214
0 978
20 -49
26 429
32 -680
37 112
42 -698
49 555
50 289
70 742
74 -685
81 263
85 251
96 980
99 904
101 705
107 736
120 35
137 745
158 980
164 -60
168 398
176 272
185 751
189 22
195 140
198 28
201 -668
204 -259
214 81
231 74
233 926
238 -320
244 605
249 179
260 205
279 295
281 665
287 923
300 -130
306 408
313 -89
318 284
319 156
321 -450
330 856
339 820
355 156
366 -708
374 -110
378 -171
380 -44
387 259
409 995
415 418
421 -677
435 -491
445 956
451 658
452 305
463 -239
479 -355
496 8
529 -605
531 0
546 995
552 873
554 374
560 -111
571 263
577 849
579 563
616 998
632 -220
671 473
672 351
674 933
679 970
683 792
698 9
722 318
723 -91
724 600
745 377
752 -9
755 171
758 971
765 128
834 -833
841 935
845 627
850 564
891 83
895 127
898 -308
927 404
940 572
968 -567
974 -205
975 527
1000 921
915 100 100 3
0 34
1 73
4 -13
6 13
8 -61
9 71
10 0
11 -6
13 41
14 63
15 19
20 -17
23 -49
24 -63
27 0
31 -39
32 75
33 18
36 -32
37 37
40 -19
43 71
44 29
46 72
48 -22
49 -84
50 75
53 -97
54 -35
55 42
57 -41
58 -1
59 -53
61 -86
62 -21
64 -11
65 -81
66 28
68 60
70 -100
71 -7
72 -19
73 -6
75 -77
81 39
82 33
84 0
87 -6
88 -90
92 50
97 -27
99 -46
101 -41
103 -16
104 18
105 -71
107 -41
109 17
111 10
113 -79
116 -20
119 29
121 -93
123 33
124 4
125 -28
127 -67
128 -77
130 -4
131 -3
132 20
137 -39
140 -40
142 48
149 -44
150 49
152 1
153 -71
156 -98
158 -4
160 35
161 60
162 52
164 -12
166 -42
168 -66
169 21
170 55
171 19
174 -91
175 10
178 -67
180 -56
183 3
185 -93
188 8
195 -88
198 -23
200 -57
915 56
0 82
500 18
503 94
504 80
506 37
508 86
510 22
512 71
515 48
519 57
521 44
524 96
525 62
527 22
528 48
529 50
531 66
532 88
534 9
535 54
536 25
537 26
540 14
544 18
548 30
549 82
551 33
553 35
556 53
557 12
559 52
560 47
562 1
563 67
568 20
569 77
570 70
572 40
573 63
575 41
577 29
579 60
581 40
584 51
586 100
588 43
595 68
596 22
600 80
603 88
605 67
606 38
611 97
612 76
615 40
617 92
618 15
622 67
624 71
625 71
630 62
631 40
632 97
633 80
635 40
636 71
640 37
644 29
647 76
648 56
649 46
652 72
653 52
654 48
655 61
656 76
657 17
658 20
659 99
661 23
662 23
663 77
666 21
669 78
671 95
672 29
673 41
674 56
679 46
681 98
682 96
683 29
684 53
687 25
688 67
690 80
692 37
693 52
696 50
915 74
957 100 100 3
0 96
400 -68
402 -100
403 -47
404 -81
405 -98
406 -94
407 -99
410 -100
411 -79
415 94
418 -50
419 -16
421 -62
423 -96
424 -84
427 -93
428 -36
429 -41
430 -91
431 -99
435 -82
437 -31
438 -65
439 -82
440 -74
441 -99
442 44
445 99
446 -22
447 -58
448 -39
449 -85
450 -12
453 -38
455 -84
456 -98
458 -44
461 -90
462 -80
463 -54
464 -47
466 50
469 -51
470 45
471 -62
472 -69
475 -65
478 14
479 -71
480 -68
481 -46
483 -43
484 -87
486 77
487 64
488 -5
489 -96
491 -40
492 -94
494 -49
495 -63
497 -13
499 10
501 -76
504 -15
505 -34
506 -10
507 -6
508 -88
509 -58
510 74
513 -19
514 -49
515 24
516 -8
517 32
518 -73
520 54
521 -89
522 -97
523 -29
524 -48
525 -26
528 -51
531 56
533 -34
534 -74
535 -95
538 -28
539 -76
542 24
543 -93
544 -62
545 -68
546 -66
547 -9
548 -23
550 49
957 -81
0 97
400 82
402 -81
403 -14
404 -73
408 -98
409 -40
410 35
412 42
413 61
414 99
415 100
418 42
420 -20
421 17
422 64
423 -86
427 85
428 55
431 -94
432 -40
433 94
434 38
435 -19
437 15
438 -46
440 -41
441 -54
442 46
443 91
444 100
446 100
447 -41
449 -22
450 -7
451 43
452 77
454 -8
456 -28
460 -19
461 -4
462 -52
464 72
465 48
469 75
470 65
473 -43
475 40
477 92
479 96
480 -45
482 -34
483 96
484 -51
485 75
487 86
489 -93
491 -11
492 -12
496 11
497 2
498 25
499 87
500 41
503 -27
504 59
506 85
507 6
508 -51
509 9
510 95
512 65
513 38
514 22
517 55
518 -7
519 13
520 78
521 -76
522 -83
523 1
525 92
527 16
528 80
530 50
531 58
533 3
534 -60
536 34
537 99
538 69
540 49
542 44
543 5
544 1
547 7
548 100
549 30
550 56
957 -76
87 11 18 2
0 -13
3 -92
7 8
18 15
39 -96
54 -68
68 97
74 -94
80 20
81 92
87 3
0 41
7 10
9 68
10 47
13 21
19 37
20 20
23 63
26 49
54 80
63 100
74 94
75 -56
76 79
77 72
78 22
80 94
87 96
79 16 24 2
0 65
14 21
15 1
17 67
18 10
22 -59
35 -17
39 35
41 -38
49 -91
58 20
59 -62
67 -68
72 62
77 79
79 -41
0 99
1 100
3 99
9 88
10 76
14 28
19 94
20 97
24 27
27 99
33 24
37 22
40 66
44 -48
51 -66
54 59
59 93
60 -50
67 63
69 39
70 62
75 85
78 92
79 15
955 100 100 3
0 69
401 12
403 35
404 -90
406 -39
407 -63
408 9
409 -7
410 -92
411 -94
412 -82
413 -84
414 -77
415 -89
417 52
418 -43
419 -99
420 -97
421 -98
422 -15
423 -42
424 -79
426 19
427 -40
428 -72
429 -64
433 -84
434 -87
437 -98
440 20
441 -94
442 -80
445 53
447 -16
448 -54
451 -36
452 14
453 -93
455 -7
458 38
459 -72
461 -73
463 33
464 2
465 30
466 -3
469 -37
470 29
471 -76
472 -69
473 -90
475 88
477 -88
479 -81
482 -34
484 -83
489 69
490 78
491 -95
493 -7
495 -74
496 -57
497 12
499 3
504 -8
505 -87
506 -96
507 -71
508 -76
509 -100
510 -88
511 -92
512 -87
513 -88
516 -92
518 -70
519 -73
520 -96
521 14
522 -27
526 -27
528 -96
529 -81
530 -93
531 -95
533 -41
534 -46
535 -76
536 -16
537 -7
538 -89
539 -66
541 -31
542 1
544 -29
545 -98
546 -14
547 -45
548 -77
955 -55
0 78
400 30
402 27
405 94
407 -55
409 78
411 72
413 -74
415 -56
416 46
417 93
418 -34
419 -96
420 -46
421 -73
422 11
424 -71
425 75
427 48
430 -66
431 80
432 42
436 -91
437 -97
438 4
439 -13
440 54
441 -89
442 -23
443 -34
444 52
447 66
448 16
449 -13
450 -10
452 86
453 -81
455 5
456 56
458 74
460 47
461 88
462 26
465 89
467 12
468 71
470 41
472 -13
473 38
474 87
476 96
477 41
479 -75
480 77
481 57
484 -46
485 53
486 10
488 97
490 81
491 -87
492 -24
494 29
496 39
497 49
498 34
499 12
501 78
503 25
504 17
506 73
507 -61
508 -65
509 -55
510 25
511 -90
512 -56
513 -81
517 -80
519 51
520 -49
522 82
523 82
524 95
526 88
528 -41
530 -92
531 -58
532 57
533 16
535 -26
536 18
538 17
539 -55
543 65
545 -43
546 37
548 88
550 -59
955 90
1000 100 100 3
0 481
3 -684
16 -524
37 -725
42 -769
70 -890
99 -534
100 106
114 382
119 247
135 -923
141 64
144 -890
167 -33
183 -448
192 -764
194 5
195 -477
201 -715
211 -807
213 -359
218 -580
223 -617
227 -210
230 -336
241 -155
276 -223
290 277
294 -940
308 686
315 -906
326 184
327 -499
331 -712
333 -526
359 758
364 996
372 797
382 -973
412 975
415 846
464 792
465 -636
471 185
485 205
495 -338
508 -466
518 -613
529 -262
534 -622
550 -541
555 -66
556 -604
567 -958
572 939
578 -810
598 -789
603 187
608 -328
610 -339
634 -851
636 -560
638 -719
655 -261
671 -856
679 -572
680 -995
713 -229
714 -884
716 -967
721 -670
724 -166
729 -78
735 113
736 -379
738 176
741 -192
742 -11
749 -576
792 -674
794 -942
822 -575
831 -269
874 -222
882 -158
909 -857
911 -929
913 -812
919 -354
925 -469
927 -1000
936 830
941 -988
942 -75
944 -919
986 -504
988 -938
990 -749
998 -502
1000 -934
0 589
6 138
13 -436
30 374
58 -572
62 -550
69 894
90 802
93 -13
115 877
120 601
121 919
131 946
152 -550
157 710
159 634
164 203
181 467
212 48
231 450
238 468
249 208
250 715
254 -60
278 912
324 595
325 404
334 552
338 700
350 608
357 672
359 954
360 991
365 1000
372 928
383 173
404 615
406 963
415 982
417 929
441 938
447 867
456 834
465 903
473 321
482 624
493 940
510 -326
512 -440
532 207
540 -522
552 510
564 -562
568 654
572 961
587 -694
592 -399
598 930
605 662
606 814
620 -390
634 -28
642 -512
643 -108
651 118
654 372
658 599
669 955
682 -922
687 -30
696 -608
697 794
754 301
757 -261
761 706
762 -159
767 455
788 941
790 293
791 742
797 -881
832 507
835 562
876 140
877 -65
892 873
900 -324
913 -192
928 -327
930 -121
931 846
944 917
947 441
962 -404
964 -201
983 39
984 -247
994 -620
998 640
1000 -807
92 25 17 2
0 -69
5 -81
8 -63
13 -87
18 -98
27 -90
30 -44
35 -87
42 41
43 -87
45 -16
47 -87
52 -9
54 -90
56 -50
60 -98
66 -95
73 -60
83 70
84 66
86 -66
87 10
88 -73
91 -76
92 -38
0 9
21 -71
23 76
33 72
37 39
39 -4
40 26
41 85
43 57
46 41
50 79
58 -67
68 -52
73 99
77 49
89 94
92 -14
82 23 16 2
0 63
2 -2
7 -48
9 -23
16 -88
17 -18
24 -98
31 -11
34 -24
35 -22
37 -79
43 -15
44 -66
46 -28
47 -68
54 48
55 -1
56 -13
63 64
71 11
75 -19
80 11
82 -94
0 65
4 -17
28 -5
33 38
34 10
38 -44
41 52
44 -27
50 76
51 40
60 97
64 63
65 85
74 60
79 11
82 20
72 15 23 2
0 -90
4 40
6 33
15 -14
21 -22
36 -1
40 -75
42 -35
56 -42
60 -98
63 13
65 -19
66 -88
71 -86
72 -70
0 100
5 51
12 5
15 19
16 14
20 0
22 -3
24 -16
26 76
27 20
28 29
34 82
46 2
47 32
53 16
55 17
57 -52
58 -3
59 48
61 93
68 -37
70 -80
72 -17
96 19 10 2
0 9
7 27
8 27
18 16
20 -66
32 -33
34 -47
40 -94
41 -45
46 -88
53 -48
54 -58
56 -16
57 -33
59 -49
64 58
82 -4
84 0
96 31
0 47
31 60
37 -8
45 -41
54 -23
62 44
68 99
71 68
80 27
96 46
941 100 100 3
0 -88
601 -26
602 45
605 20
606 -76
608 -51
609 23
612 27
613 13
614 -86
616 12
625 24
626 -65
628 39
630 -2
632 37
634 -10
635 3
639 -43
643 -49
646 -1
649 74
650 -30
653 19
655 -71
656 1
659 92
660 -59
661 50
662 -32
663 -80
664 -14
666 52
669 61
671 -22
672 -1
675 -33
677 -20
679 -92
680 -53
687 -23
688 23
689 -36
690 15
695 5
696 -73
697 -15
698 -41
700 63
702 -20
704 3
706 -53
707 -3
708 -19
710 -29
713 -66
714 -38
715 59
723 20
727 -73
730 -42
732 -29
735 -15
737 -14
738 36
740 -70
741 -15
742 -53
744 -1
745 -32
747 0
748 -59
749 18
750 35
752 -56
753 -15
755 8
756 40
759 -84
760 -56
764 -20
765 -51
768 -51
769 -10
770 -28
772 -33
774 -54
775 -27
776 -38
777 4
780 18
784 -76
785 -25
787 12
788 12
792 -89
793 -51
797 -100
800 15
941 -78
0 49
500 -33
501 -26
502 42
504 -7
506 -23
510 34
514 13
517 39
521 6
522 86
523 86
527 96
529 57
531 -13
536 -20
538 89
539 44
541 48
545 74
546 3
547 74
550 -28
551 -2
552 -22
554 45
556 41
558 56
561 -12
562 -3
563 51
564 -16
565 89
571 -13
573 -3
574 22
575 66
577 96
583 -22
585 35
587 10
590 -11
591 66
592 -10
593 100
594 2
595 41
598 64
604 91
605 25
607 9
612 82
614 24
616 95
619 41
622 74
623 82
626 78
627 66
628 78
630 41
631 60
633 80
635 43
636 80
641 -3
642 70
643 -8
644 -29
646 3
648 64
649 82
650 69
656 36
657 100
658 68
659 95
664 93
665 49
666 62
667 88
670 97
671 50
674 16
675 12
677 53
679 -68
682 -6
683 -24
685 -24
686 83
688 87
693 13
694 82
696 -54
697 17
698 65
699 100
700 84
941 -58
92 17 14 2
0 -49
4 -75
5 -99
18 13
27 -87
29 -59
39 -68
45 -68
48 -24
55 47
62 4
64 -57
71 -93
75 -42
81 -61
88 -95
92 -22
0 66
7 92
9 -41
17 57
27 -83
28 -21
46 -26
55 72
60 28
61 78
70 -59
76 77
89 -65
92 3
50 11 21 2
0 79
7 10
14 -88
17 -4
28 97
31 -54
34 -19
35 -2
40 -52
48 79
50 50
0 97
1 84
3 82
6 87
8 31
10 60
16 2
18 84
19 65
23 62
24 96
27 100
33 83
35 83
41 -27
43 40
46 81
47 63
48 100
49 81
50 52
992 100 100 3
0 0
600 -64
603 -54
606 -13
607 14
609 -35
612 43
613 33
617 -98
619 -5
622 -47
623 -96
626 -79
627 15
628 -35
631 -75
632 -85
639 -81
643 1
648 44
650 -82
651 10
652 -48
654 -45
655 -95
658 -21
659 -43
660 -93
662 -20
664 -43
666 -53
667 -39
670 -51
673 -60
674 28
675 -23
679 -58
680 -34
681 -44
682 53
684 -68
685 -48
686 -77
693 -62
694 -48
695 66
702 41
703 63
704 24
705 -72
706 37
709 -23
712 74
713 -15
714 13
716 37
717 37
718 -63
719 -54
721 23
722 66
726 49
729 -38
732 -71
734 -42
736 -52
737 32
740 36
743 -88
745 -85
746 34
749 18
752 -81
756 0
757 32
758 10
759 36
760 -96
762 -55
765 -60
767 17
770 -8
775 -48
778 -87
779 -8
782 -25
783 -27
784 45
786 18
787 16
788 40
790 -5
792 -15
793 -40
794 42
795 -2
796 -82
797 -99
800 10
992 -45
0 94
501 49
502 -34
505 -48
507 76
509 44
514 93
518 -6
520 71
522 -41
524 -37
525 57
527 -53
528 28
532 -10
533 40
535 31
536 -29
540 89
541 58
542 51
543 6
544 -19
545 41
547 94
551 87
552 23
558 56
559 16
560 100
562 81
569 45
575 -38
578 43
579 -35
580 24
582 43
583 85
586 34
587 45
588 -42
590 -4
593 48
596 51
602 0
603 -16
604 52
605 47
611 92
612 60
613 68
614 35
615 95
618 48
619 72
620 26
621 81
624 -85
626 -61
627 48
628 3
630 70
631 -45
633 -84
635 95
637 -47
641 -18
645 60
646 87
647 84
651 31
653 0
654 50
657 80
659 -36
660 -67
661 -55
662 69
663 -7
664 56
666 -27
667 -13
668 72
670 -19
671 58
676 78
680 77
681 -17
682 74
684 -58
687 -23
688 37
689 23
690 73
691 64
692 -58
695 84
696 100
700 80
992 -30
82 8 3 2
0 80
8 -15
15 -40
19 -3
41 -25
52 8
68 51
82 17
0 87
19 54
82 64
25 2 2 3
0 99
25 -99
0 100
25 21
65 20 16 2
0 -2
13 -73
16 -82
17 -88
18 -57
19 -57
21 13
23 -60
28 -61
29 -74
36 -52
38 -90
44 -34
49 3
54 28
55 -38
56 -96
63 -75
64 -75
65 -45
0 56
2 78
3 63
5 43
7 24
8 47
9 99
16 68
17 -48
21 23
41 82
42 41
61 69
63 22
64 -62
65 35
86 16 24 3
0 -83
21 -64
23 -56
24 -15
26 -3
27 -76
31 -10
35 -9
43 -53
63 -84
65 -38
71 -3
72 -91
74 48
85 -86
86 -98
0 -41
5 35
7 -51
14 59
15 -14
16 -38
23 -33
25 25
31 1
32 18
33 31
34 6
40 62
47 -29
57 -25
60 96
62 95
64 -30
66 44
69 40
70 62
71 89
82 -17
86 -62
