50
2 67 86
85 68 44 22 33 97 97 94 59 67 34 63 34 92 37 61 57 45 58 42 85 90 41 55 34 42 78 65 55 71 22 65 24 54 92 61 14 11 9 68 10 55 36 7 34 81 95 53 5 94 91 86 14 19 39 87 96 54 10 53 67 12 88 12 79 43 67 44 81 78 35 51 93 8 21 8 44 64 77 43 9 91 21 74 43 98
184 50 50 50 50 50 50 50 50 50 50 50 50 50 50 50 50 50 50 50 50 50 50 50 50 50 50 50 50 50 50 50 50 50 50 50 50 50 50 50 50 50 50 50 50 50 50 50 50 50 50 50 50 50 50 50 50 100 50 50 50 50 50 50 50 50 50 50 50 50 50 50 50 50 50 50 50 50 50 50 50 50 50 50 50 50 50 50 50 50 50 50 50 50 50 50 50 50 50 50 50 50 50 50 50 50 50 50 50 50 50 50 50 50 50 50 50 50 50 50 50 50 50 50 50 50 50 50 50 50 50 50 50 50 50 50 50 50 50 50 50 50 50 50 50 50 50 50 50 50 50 50 50 50 50 50 50 50 50 50 50 50 50 50 50 50 50 50 50 50 50 50 50 50 50 50 50 50 50 50 50 50 50 50 50
2 8 37
93 37 70 95 15 99 64 11 30 38 6 35 22 8 88 21 98 30 57 90 15 61 86 75 59 42 54 60 54 8 67 24 43 7 13 62 74 74 33 79 1 48 91 9 99 10 62 13 18 6 43 18 38 41 84 91 45 76 34 45 76 61 46 25 40 57 6 26 78 48 49 90 89 96 23 5 2 61 47 52 54 27 78 81 81 33 3 98 49 67 30 65 12 7
2 27 49
2 81 40
145 98 78 28 63 71 0 26 95 35 65 22 56 58 34 56 27 0 12 88 6 58 20 64 64 77 14 5 3 80 55 54 92 82 46 8 79 31 49 78 44 75 2 49 87 29 91 59 100 64 75 87 71 22 7 73 63 27 59 20 0 73 5 44 44 53 50 41 39 51 72 93 6 4 80 95 32 20 82 47 27 29 40 33 7 13 4 79 37 99 95 91 82 3 1 56 40 1 85 91 8 61 23 20 49 53 31 83 84 91 68 87 80 48 64 60 92 10 96 93 64 85 90 87 90 43 80 42 38 29 9 16 8 14 7 69 55 16 46 47 94 34 65 71 39 27
169 75 82 91 58 54 84 65 63 48 82 76 72 55 74 61 55 76 85 50 62 75 82 66 78 88 48 80 59 78 90 85 49 55 85 63 78 66 50 73 68 78 88 55 70 76 68 55 61 59 51 51 89 87 77 90 86 63 80 81 50 70 84 90 75 52 90 74 71 52 69 61 50 48 78 83 50 71 56 70 61 92 60 51 80 68 49 85 73 60 55 48 47 61 53 64 48 64 58 92 52 75 84 70 67 49 59 85 76 55 89 66 48 67 50 87 48 89 80 73 68 91 61 83 89 84 57 67 81 65 68 61 77 70 71 76 79 83 46 69 86 91 54 67 46 61 61 79 66 74 54 53 83 66 91 83 88 90 53 92 85 73 66 83 71 88 58 89 76 89
2 0 78
2 70 23
2 64 71
2 50 79
182 48 49 50 50 48 49 49 48 48 48 48 49 48 48 50 49 48 48 50 48 50 49 49 50 50 48 49 49 49 48 49 48 50 49 50 48 50 50 50 49 50 48 49 48 50 48 50 50 48 50 48 48 50 50 49 48 49 50 48 50 49 50 49 48 50 49 50 48 49 48 48 49 50 49 49 48 49 50 48 49 48 48 49 49 50 49 48 48 48 48 48 48 50 50 49 49 48 49 50 50 50 49 49 48 49 50 48 50 50 49 49 49 49 48 48 50 49 48 49 49 50 48 49 48 48 50 48 49 50 50 48 49 49 100 48 49 49 48 50 49 50 48 49 50 50 49 50 48 49 49 50 49 48 49 49 48 49 50 48 50 49 49 49 50 50 48 49 50 49 50 48 50 49 48 50 49 49 49 48 48 48 48
145 53 83 83 78 57 81 54 69 44 85 68 47 58 48 55 71 54 48 68 73 72 72 57 53 61 46 62 72 85 63 68 79 65 48 58 49 49 48 50 71 74 79 79 78 43 62 72 84 74 43 73 78 86 86 77 81 51 86 75 69 57 55 68 55 74 49 74 47 78 66 50 83 62 74 68 75 79 56 70 69 66 60 49 75 79 69 83 68 80 85 54 59 81 65 69 81 43 70 84 81 72 69 70 51 71 43 46 47 65 80 79 69 76 60 80 67 72 86 55 74 46 77 54 49 83 51 65 68 84 73 60 63 51 67 48 81 63 82 82 66 52 58 46 50 77
200 100 100 100 100 100 100 100 100 100 100 100 100 100 100 100 100 100 100 100 100 100 100 100 100 100 100 100 100 100 100 100 100 100 100 100 100 100 100 100 100 100 100 100 100 100 100 100 100 100 100 100 100 100 100 100 100 100 100 100 100 100 100 100 100 100 100 100 100 100 100 100 100 100 100 100 100 100 100 100 100 100 100 100 100 100 100 100 100 100 100 100 100 100 100 100 100 100 100 100 100 100 100 100 100 100 100 100 100 100 100 100 100 100 100 100 100 100 100 100 100 100 100 100 100 100 100 100 100 100 100 100 100 100 100 100 100 100 100 100 100 100 100 100 100 100 100 100 100 100 100 100 100 100 100 100 100 100 100 100 100 100 100 100 100 100 100 100 100 100 100 100 100 100 100 100 100 100 100 100 100 100 100 100 100 100 100 100 100 100 100 100 100 100 100 100 100 100 100 100 100
178 87 67 5 72 47 66 9 83 41 18 87 19 97 40 74 49 13 4 74 99 58 53 66 24 50 76 66 27 37 22 57 40 73 33 18 51 60 29 4 60 40 14 90 55 54 53 15 52 73 5 75 85 34 24 10 45 69 68 33 25 44 68 71 44 99 83 19 37 52 37 4 59 75 78 58 68 96 55 91 77 22 34 88 41 43 15 91 74 37 86 40 79 36 57 42 52 27 82 47 93 34 41 64 9 36 62 47 83 52 16 69 18 26 93 78 97 11 23 77 65 49 87 47 25 38 17 59 29 83 39 14 68 3 97 11 3 9 1 33 60 90 94 64 43 12 87 27 52 29 87 30 47 26 16 61 38 68 80 54 48 24 91 94 39 76 17 48 69 76 13 11 78 81 3 64 36 65 16
143 68 68 68 68 68 68 68 68 68 68 68 68 68 68 68 68 68 68 68 68 68 68 68 68 68 68 68 68 68 68 68 68 68 68 68 68 68 68 68 68 68 68 68 68 68 68 68 68 68 68 68 68 68 68 68 68 68 68 68 68 68 68 68 68 68 68 68 68 68 68 68 68 68 68 68 68 68 68 68 68 68 68 68 68 68 68 68 68 68 68 68 68 68 68 68 68 68 68 68 68 68 68 68 68 68 68 68 68 68 68 68 68 68 68 68 68 68 68 68 68 68 68 68 68 68 68 68 68 68 68 68 68 68 68 68 68 68 68 68 68 68 68 68
2 91 99
168 0 0 0 0 0 0 0 0 0 0 0 0 0 0 0 0 0 0 0 0 0 0 0 0 0 0 0 0 0 0 0 0 0 0 0 0 0 0 0 0 0 0 0 0 0 0 0 0 0 0 0 0 0 0 0 0 0 0 0 0 0 0 0 98 0 0 0 0 0 0 0 0 0 0 0 0 0 0 0 0 0 0 0 0 0 0 0 0 0 0 0 0 0 0 0 0 0 0 0 0 0 0 0 0 0 0 0 0 0 0 0 0 0 0 0 0 0 0 0 0 0 0 0 0 0 0 0 0 0 0 0 0 0 0 0 0 0 0 0 0 0 0 0 0 0 0 0 0 0 0 0 0 0 0 0 0 0 0 0 0 0 0 0 0 0 0 0 0
121 0 0 0 0 0 0 0 0 0 0 0 0 0 0 0 0 0 0 0 0 0 0 0 0 0 0 0 0 0 0 0 0 0 0 0 0 0 0 0 0 0 0 0 0 0 0 0 0 0 0 0 0 0 0 0 0 0 0 0 0 0 0 0 0 0 51 0 0 0 0 0 0 0 0 0 0 0 0 0 0 0 0 0 0 0 0 0 0 0 0 0 0 0 0 0 0 0 0 0 0 0 0 0 0 0 0 0 0 0 0 0 0 0 0 0 0 0 0 0 0 0
2 1 2
125 44 48 45 46 46 44 50 46 50 46 48 50 43 50 47 47 45 43 49 45 44 49 46 43 44 44 48 45 100 50 50 46 47 46 47 48 43 46 44 43 48 46 46 46 43 49 49 43 50 48 48 43 48 48 47 43 50 43 47 47 50 46 45 49 45 49 44 45 44 44 48 44 45 46 48 50 46 49 50 46 44 45 50 43 50 47 43 43 47 47 43 43 47 44 48 49 47 50 50 45 49 50 46 46 47 48 46 49 47 47 45 44 48 45 48 46 48 50 44 44 43 48 47 47 48
156 0 0 0 0 0 0 0 0 0 0 0 0 0 0 0 0 0 0 0 0 0 0 0 0 0 0 0 0 0 0 0 0 0 0 0 0 0 0 0 0 0 0 0 0 0 0 0 0 0 0 0 0 0 0 0 0 0 0 0 0 0 0 0 0 0 0 0 0 0 0 0 0 0 0 0 0 0 0 0 0 0 0 0 0 0 0 0 0 0 0 0 0 0 0 0 0 0 0 0 0 0 0 0 0 0 0 0 0 0 0 0 0 0 0 0 0 0 0 0 0 0 0 0 0 0 0 0 0 0 0 0 0 0 0 0 0 64 0 0 0 0 0 0 0 0 0 0 0 0 0 0 0 0 0 0 0
187 49 49 50 50 47 47 48 50 47 50 48 50 49 49 47 50 48 47 48 48 48 47 49 49 47 49 49 50 49 48 48 50 47 49 47 49 48 47 47 47 50 49 49 49 47 47 50 48 47 49 47 49 50 47 50 49 47 50 50 48 48 48 49 47 49 47 50 48 47 48 50 47 49 50 48 50 48 47 49 47 50 48 47 48 49 49 48 49 50 47 49 49 47 49 47 49 47 49 48 49 49 50 48 47 48 47 50 48 47 47 48 48 48 50 48 49 48 49 49 47 47 49 48 48 47 48 48 50 49 48 48 47 47 47 47 49 50 49 49 47 49 47 48 49 47 49 50 47 50 47 50 49 48 48 47 47 50 49 47 49 48 47 48 48 49 48 50 50 49 49 50 48 49 50 100 47 48 49 47 49 49 49 50 48 48 49 50
159 0 1 97 96 1 96 97 1 0 0 0 96 96 1 97 97 0 0 1 97 0 1 96 0 1 0 0 96 97 1 1 1 0 97 97 97 0 97 97 1 97 0 0 0 97 1 1 96 97 97 1 0 0 0 97 97 1 0 97 1 96 97 96 0 96 96 1 96 96 1 0 96 0 97 97 97 1 97 0 1 1 1 0 0 1 96 97 1 97 97 1 96 97 96 1 0 96 96 96 97 0 96 0 1 97 97 97 0 96 1 0 96 96 1 1 1 1 96 0 96 97 1 97 96 0 97 0 0 0 1 97 96 97 97 97 97 1 97 97 1 97 97 97 97 97 0 96 0 0 97 0 97 1 0 1 96 1 97 1
2 69 29
2 20 25
148 74 77 75 47 68 89 49 89 75 64 74 49 50 61 87 49 62 74 50 56 86 62 89 88 65 66 54 46 73 58 75 79 57 70 78 55 52 63 59 55 84 60 63 72 55 71 69 71 67 54 83 89 84 67 88 60 88 56 50 49 87 69 69 89 83 55 67 75 52 61 46 54 80 89 45 81 63 74 46 70 46 51 49 73 60 58 46 76 59 62 90 73 78 49 71 84 46 88 78 45 62 86 85 78 84 80 51 55 88 55 83 74 86 88 77 89 56 50 45 69 72 66 53 83 46 81 66 56 58 76 85 75 69 72 84 55 66 46 75 88 89 73 85 80 65 64 71 74
119 48 48 50 44 47 45 46 46 50 44 44 47 50 48 43 44 48 44 47 44 43 46 46 43 45 47 45 43 49 48 100 46 49 50 47 47 47 50 48 50 47 45 48 46 46 46 49 45 50 48 50 48 48 49 47 46 48 47 48 46 47 47 49 45 44 45 47 46 47 46 50 43 45 46 45 47 45 44 45 43 47 50 48 44 49 43 47 47 44 43 48 47 49 50 47 44 47 46 45 50 50 44 47 45 49 48 46 45 45 49 47 45 48 43 50 45 48 45 45
2 15 15
181 59 1 1 58 0 0 0 1 58 0 59 1 1 1 58 1 0 0 58 0 0 59 59 58 59 58 58 0 58 0 58 0 59 58 1 58 0 0 59 0 1 0 58 0 1 0 58 59 58 0 0 0 1 58 1 59 0 0 59 1 58 59 1 1 1 58 58 59 58 1 1 58 58 58 1 0 59 0 58 1 0 59 1 58 0 1 59 1 1 58 0 58 59 0 58 1 58 1 58 58 58 58 58 0 59 59 0 59 59 59 58 0 59 0 58 1 58 58 58 58 58 0 0 0 58 59 1 1 1 0 0 59 0 58 1 58 59 0 0 58 0 59 0 1 0 58 59 1 58 1 58 1 1 59 59 59 59 0 59 1 58 0 1 58 59 58 1 1 59 59 58 1 1 0 1 59 0 59 58 0 59
192 49 48 49 50 50 49 48 50 48 49 50 48 49 48 49 48 50 49 50 49 49 50 49 48 49 49 50 49 50 48 49 50 50 50 49 50 48 48 50 49 50 49 49 50 50 49 49 48 49 49 48 48 48 50 48 50 49 50 49 49 48 48 50 49 50 49 49 48 48 50 50 48 48 49 50 48 50 50 50 50 50 49 49 48 48 49 48 48 49 49 50 49 50 48 50 49 48 50 50 49 49 49 49 49 50 50 50 48 49 100 48 50 48 50 49 50 50 48 49 50 50 50 48 48 49 50 48 48 49 49 49 48 49 48 49 48 49 49 49 50 50 50 50 50 48 49 48 48 50 48 48 48 49 48 49 49 49 50 49 50 48 49 48 50 48 48 48 49 50 50 49 50 50 50 48 49 50 48 50 49 49 48 49 48 48 50 49 48 49 50 50 50
159 48 47 47 47 47 47 50 48 48 48 48 47 48 49 47 49 50 47 48 47 50 47 48 49 50 48 49 47 48 48 49 47 50 49 49 50 47 49 49 49 48 49 50 50 48 48 48 49 48 47 48 48 47 50 48 50 48 47 50 50 49 50 47 49 48 49 48 49 47 50 50 47 47 49 47 47 48 49 50 49 50 49 50 49 50 50 50 49 49 48 49 48 47 50 48 49 49 48 47 50 50 50 49 47 48 50 49 48 47 100 49 47 48 48 49 48 50 49 48 49 50 50 49 47 47 48 48 50 50 48 47 50 47 48 50 47 47 49 47 47 49 50 50 49 48 47 49 48 50 47 48 49 49 49 49 47 47 49 47
163 0 0 0 0 0 0 0 0 0 0 0 0 0 0 0 0 0 0 0 0 0 0 0 0 0 0 0 0 0 0 0 0 0 0 0 0 0 0 0 0 0 0 0 0 0 0 0 0 0 0 0 0 0 0 0 0 0 0 0 0 0 0 0 0 0 0 0 0 0 0 0 0 0 0 0 0 0 0 0 0 0 0 0 0 0 0 0 0 0 52 0 0 0 0 0 0 0 0 0 0 0 0 0 0 0 0 0 0 0 0 0 0 0 0 0 0 0 0 0 0 0 0 0 0 0 0 0 0 0 0 0 0 0 0 0 0 0 0 0 0 0 0 0 0 0 0 0 0 0 0 0 0 0 0 0 0 0 0 0 0 0 0 0
137 69 0 1 1 0 69 0 69 70 0 69 1 70 0 70 69 70 70 70 69 0 1 69 70 70 0 1 69 70 69 69 0 70 69 0 0 0 0 0 0 0 69 0 69 0 1 0 70 69 70 70 1 0 0 70 69 70 0 1 0 0 69 1 1 1 1 69 0 0 0 69 69 69 1 69 69 0 1 1 69 0 1 70 70 69 70 1 70 0 1 0 69 70 69 69 70 69 0 1 69 1 1 70 70 1 0 1 70 70 69 69 0 0 69 1 0 70 0 70 0 0 69 1 70 0 70 69 1 1 69 1 70 70 70 0 1 70
132 49 48 49 49 47 46 46 49 50 47 47 49 46 50 47 48 50 49 47 48 49 48 48 47 48 49 46 50 49 50 50 47 48 46 50 47 48 48 46 46 49 46 50 48 47 46 50 49 46 47 49 50 48 50 47 46 48 50 46 46 46 46 46 49 100 48 49 50 46 46 47 47 49 49 46 48 48 46 48 47 47 48 47 46 47 48 48 47 49 48 49 49 48 47 50 47 47 50 46 49 49 50 48 50 49 49 48 46 49 49 48 49 49 47 47 49 49 48 50 48 48 46 48 48 47 50 48 49 50 47 48 50
99 61 77 53 75 93 15 6 63 29 74 63 11 37 69 31 94 28 10 24 43 82 78 38 96 28 93 30 54 45 56 24 69 77 57 47 89 20 25 2 85 56 9 93 14 56 19 61 17 54 14 19 30 71 50 71 2 25 85 50 37 6 31 28 31 57 11 35 5 19 39 91 21 73 79 3 66 17 84 41 77 88 43 6 52 38 35 85 6 79 61 67 37 7 61 30 42 69 61 85
104 38 47 34 39 36 48 41 36 44 47 41 47 35 48 46 39 38 47 48 48 43 34 35 36 49 43 50 50 40 44 40 48 34 45 38 48 49 33 45 38 36 45 39 40 33 48 100 41 34 49 35 42 39 44 34 45 46 39 39 34 40 40 47 33 36 44 40 44 41 41 42 34 37 48 35 44 42 43 35 45 45 45 50 38 42 39 47 41 43 41 33 35 42 41 38 43 40 41 43 50 39 42 40 49
185 71 71 40 80 80 42 77 43 48 71 55 79 51 72 63 43 72 55 63 44 59 66 51 71 49 43 70 64 72 69 54 79 74 61 60 49 45 75 69 76 61 50 80 77 73 42 42 74 69 49 45 69 69 67 62 42 59 60 41 66 66 80 49 79 73 68 48 75 43 75 64 65 69 42 47 73 58 41 69 42 76 46 54 59 61 42 40 51 74 74 45 78 44 70 50 61 76 64 48 47 51 45 79 59 40 72 67 61 75 74 52 41 62 77 77 42 40 58 67 46 78 68 63 42 51 70 43 45 64 79 56 68 54 76 49 43 52 60 74 69 71 75 64 43 52 56 77 62 65 54 64 42 77 51 41 56 54 71 53 64 47 78 72 60 56 65 52 42 80 47 73 66 56 62 47 46 62 51 47 62 47 54 74 68 61
157 54 0 1 1 54 0 53 1 53 0 53 1 53 54 0 1 0 0 54 0 54 53 53 54 0 0 1 54 0 1 53 0 0 53 54 1 0 0 0 54 1 0 53 54 1 54 0 0 0 54 54 54 54 1 54 53 54 1 0 54 54 54 1 1 0 0 54 54 54 0 53 54 54 1 53 1 53 1 1 0 0 0 53 0 53 53 0 54 53 0 1 1 53 53 1 1 54 53 54 0 1 54 54 54 1 1 53 1 0 1 53 54 53 1 53 53 0 1 53 0 54 54 54 53 1 0 53 53 54 1 0 1 0 0 0 0 54 54 0 54 53 54 1 0 53 0 0 53 54 1 1 54 53 54 54 54 0
126 0 0 0 0 0 0 0 0 0 0 0 0 0 0 0 0 0 0 0 0 0 0 0 0 0 0 0 0 0 0 0 0 0 0 0 0 0 0 0 0 0 0 0 0 0 0 0 0 0 0 0 0 0 0 72 0 0 0 0 0 0 0 0 0 0 0 0 0 0 0 0 0 0 0 0 0 0 0 0 0 0 0 0 0 0 0 0 0 0 0 0 0 0 0 0 0 0 0 0 0 0 0 0 0 0 0 0 0 0 0 0 0 0 0 0 0 0 0 0 0 0 0 0 0 0 0
178 40 42 40 50 47 49 42 38 50 48 45 44 50 44 49 35 44 38 48 37 50 49 44 40 50 38 42 40 43 47 37 45 36 40 47 46 36 37 39 41 37 45 36 37 40 49 39 41 39 43 49 36 44 41 49 40 40 42 43 38 40 37 43 50 41 50 48 49 49 44 41 47 41 36 38 40 40 48 49 44 46 38 47 40 36 39 42 46 40 38 46 47 44 49 42 35 41 46 41 40 43 38 39 36 35 40 47 39 39 40 45 49 49 48 48 47 38 44 39 100 36 47 50 42 47 36 43 44 40 39 49 37 44 48 40 47 46 48 46 47 40 46 40 50 45 41 47 44 37 38 41 41 38 44 48 47 35 44 49 36 38 46 37 45 49 37 37 48 42 43 46 39 41 40 50 50 46 40
117 47 48 49 49 50 47 48 46 47 46 46 49 50 50 49 50 47 46 48 47 49 47 46 49 46 50 48 48 47 46 49 47 47 50 48 49 50 49 50 47 47 47 46 46 46 48 48 49 49 46 46 48 49 50 46 48 46 49 49 50 48 48 47 47 47 48 48 49 48 46 50 48 47 48 48 49 49 48 50 46 47 50 49 48 50 50 48 46 49 49 46 46 47 49 49 100 47 50 49 47 46 49 47 46 48 49 48 50 47 48 50 50 47 46 49 48 46
105 82 1 0 1 82 1 83 0 83 1 82 82 82 82 83 0 0 83 83 83 0 0 1 0 1 83 1 0 0 0 82 83 82 1 83 0 83 0 82 1 82 1 83 0 0 83 82 0 1 82 1 0 82 83 83 83 83 0 1 1 1 83 82 1 83 0 1 0 82 82 0 1 83 83 83 82 82 1 1 83 0 82 0 83 1 0 0 82 0 83 82 0 82 82 1 82 83 82 0 0 1 83 83 0 0
117 0 0 0 0 0 0 0 0 0 0 0 0 0 0 0 0 0 0 0 0 0 0 0 0 0 0 0 0 0 0 0 0 0 0 0 0 89 0 0 0 0 0 0 0 0 0 0 0 0 0 0 0 0 0 0 0 0 0 0 0 0 0 0 0 0 0 0 0 0 0 0 0 0 0 0 0 0 0 0 0 0 0 0 0 0 0 0 0 0 0 0 0 0 0 0 0 0 0 0 0 0 0 0 0 0 0 0 0 0 0 0 0 0 0 0 0 0
159 48 44 41 45 45 42 40 49 47 49 46 50 44 46 44 43 41 40 41 49 48 46 41 45 44 47 42 41 49 43 43 49 50 48 42 40 44 47 46 40 41 43 41 45 41 41 41 47 46 47 44 43 46 41 40 49 48 45 50 45 42 49 46 46 50 42 41 49 40 45 40 48 41 48 44 45 44 50 45 42 44 50 40 48 49 46 47 44 50 44 44 47 45 42 50 40 40 49 42 49 41 44 45 40 47 41 44 43 50 47 47 40 43 49 40 40 48 46 41 46 46 46 47 49 43 44 41 44 46 45 50 45 44 50 44 45 42 48 47 40 43 100 40 48 44 41 47 49 47 44 46 47 44 46 46 46 44 48 44
170 0 0 0 0 0 0 0 0 0 0 0 0 0 0 0 0 0 0 0 0 0 0 0 0 0 0 0 0 0 0 0 0 0 0 0 0 0 0 0 0 0 0 0 0 0 0 0 0 0 0 0 0 0 0 0 0 0 0 0 0 0 0 0 0 0 0 0 0 0 0 0 0 0 0 0 0 0 0 0 0 0 0 0 0 0 0 0 0 0 0 0 0 0 0 0 0 0 0 0 0 0 0 0 0 0 0 0 0 0 0 0 0 0 0 0 0 0 0 0 0 0 0 0 0 73 0 0 0 0 0 0 0 0 0 0 0 0 0 0 0 0 0 0 0 0 0 0 0 0 0 0 0 0 0 0 0 0 0 0 0 0 0 0 0 0 0 0 0 0 0
177 20 87 46 22 85 54 67 69 30 29 39 2 17 26 92 73 77 56 35 28 26 23 51 33 48 85 26 1 29 0 6 80 39 80 61 17 82 2 53 91 94 26 77 26 40 88 43 46 94 96 63 33 80 8 80 78 35 92 52 45 2 69 64 61 34 88 93 99 25 86 58 6 9 45 61 29 15 34 44 78 40 6 38 67 70 46 11 97 58 27 45 42 11 38 81 7 86 27 95 28 67 75 14 92 15 17 87 17 47 69 94 34 45 82 97 19 44 79 64 93 99 90 94 16 20 94 37 32 49 22 95 58 3 54 6 32 19 21 20 40 43 25 95 7 93 59 21 70 89 55 57 66 53 62 90 44 49 81 84 52 97 65 44 71 1 49 65 68 78 74 37 8 79 5 64 7 34
107 52 72 99 80 83 94 21 31 68 79 21 97 54 85 50 29 46 4 56 47 1 26 74 58 96 8 19 58 13 23 24 92 80 34 62 2 6 53 70 13 99 19 51 62 45 93 84 27 11 11 5 75 66 17 80 10 36 23 75 85 46 83 72 49 34 35 45 6 92 85 32 73 61 97 38 6 86 86 78 40 19 18 30 68 76 32 66 77 76 42 3 44 50 2 3 87 52 93 8 79 90 82 37 48 40 9 74
