50
100 3 3
500 500 500
500 500 120
500 140 500
10 10 10
10 10 10
10 10 10
100 3 3
500 100 500
100 100 500
500 500 500
10 10 10
10 10 10
10 10 10
314 2 2
1000 632
815 553
1 143
302 256
774 7 6
1000 814 1000 1000 1000 607
286 1000 504 1000 226 253
100 1000 189 1000 80 932
644 1000 313 1000 834 967
447 1000 1000 1000 286 982
768 1000 84 1000 633 953
654 1000 409 1000 306 877
1 724 764 1 1 121
274 1 486 1 195 7
90 1 175 1 40 86
609 1 275 1 802 777
403 1 1 1 273 901
730 1 81 1 589 453
633 1 406 1 298 709
316 10 10
986 572 552 998 757 63 779 983 438 998
979 202 965 674 969 999 726 888 884 763
855 466 215 778 737 609 865 696 761 841
784 827 945 986 508 990 999 292 112 912
654 826 761 896 768 756 348 929 632 953
462 939 721 912 842 965 346 797 796 990
273 408 767 901 825 981 965 926 424 822
979 165 645 455 840 599 877 900 804 738
502 984 936 638 913 959 367 839 943 450
725 106 723 488 642 661 767 641 887 856
896 59 497 922 699 55 32 761 162 482
422 139 792 589 965 856 659 394 33 559
409 363 60 160 687 177 444 548 613 649
648 184 413 408 286 884 921 96 73 905
248 312 747 742 699 639 133 822 538 759
231 525 592 603 18 66 196 518 1 979
73 279 536 459 23 599 30 755 96 170
327 149 439 413 462 138 823 745 233 672
469 846 745 184 893 866 1 716 526 229
223 83 134 180 74 298 473 573 218 61
462 8 10
1000 556 1000 900 1000 510 1000 986 1000 644
780 550 644 614 728 241 824 423 508 202
774 137 151 507 256 78 652 823 423 590
786 941 599 87 639 947 783 721 580 553
680 670 928 237 463 102 518 358 976 682
735 477 904 503 861 899 198 82 713 838
763 501 929 756 513 678 237 485 991 700
1000 766 1000 135 1000 755 1000 381 834 688
1 550 1 354 1 487 1 51 1 641
638 508 36 584 101 192 474 406 208 189
86 89 32 463 26 50 118 821 369 585
529 905 43 56 128 945 191 703 282 487
549 633 6 190 409 54 16 337 972 281
341 471 828 477 264 883 79 54 671 486
399 481 848 744 39 633 120 454 980 380
1 18 1 106 1 489 1 378 812 399
471 7 9
623 787 905 679 786 767 821 685 984
796 677 883 653 814 742 616 589 911
792 685 932 915 995 702 995 561 677
911 821 736 849 629 584 761 960 656
728 994 1000 797 768 537 632 957 874
717 874 991 716 664 900 789 593 574
573 938 558 616 752 825 615 571 590
51 276 427 135 69 288 283 103 267
401 287 392 80 457 104 169 398 138
367 55 7 298 175 127 296 358 264
464 61 208 221 193 223 250 352 429
50 51 405 414 107 90 204 116 61
427 102 177 103 318 134 216 404 157
192 316 149 418 16 19 260 106 344
442 10 10
605 668 561 816 989 714 463 796 810 985
828 987 995 850 439 989 785 431 431 713
715 739 854 879 686 728 879 649 436 237
793 968 812 890 486 770 800 739 717 764
854 936 789 669 470 864 964 935 984 948
358 535 204 549 987 697 860 958 961 546
796 575 610 838 971 769 939 611 981 620
610 460 597 572 233 931 768 337 674 276
827 997 451 788 368 977 807 513 977 402
973 935 860 392 897 934 922 444 450 878
381 496 328 502 876 575 457 538 256 748
317 334 974 796 413 936 544 273 118 513
440 507 387 519 55 557 500 485 328 74
118 852 793 588 201 254 497 285 631 226
713 863 375 36 330 497 470 338 883 876
202 413 7 521 874 4 584 501 121 364
349 46 208 784 960 455 844 604 334 18
573 329 60 466 69 223 688 291 476 47
84 948 301 128 26 858 512 106 719 217
751 908 740 389 623 354 804 336 203 120
873 5 8
1000 1000 822 685 127 625 580 182
1000 1000 490 892 937 959 907 355
883 826 823 175 635 140 884 867
495 830 906 849 915 707 693 819
407 181 240 881 906 777 967 978
32 988 276 360 63 113 321 53
950 523 319 231 193 728 169 199
76 599 729 1 550 15 196 123
257 613 566 729 254 352 599 747
67 125 65 51 579 529 88 884
661 10 10
839 502 786 543 355 540 899 894 555 910
777 933 296 812 618 535 933 315 949 930
850 911 971 744 859 886 407 753 987 970
863 994 621 533 618 813 267 952 785 876
771 944 971 879 290 977 63 662 838 888
809 472 204 656 890 884 883 897 653 998
868 613 237 978 837 1000 46 690 749 890
387 841 913 876 974 929 663 621 802 812
924 856 998 743 853 588 538 935 735 946
842 356 126 388 946 827 510 877 133 876
684 6 189 88 107 308 553 639 507 633
541 679 191 755 537 508 399 297 842 528
135 707 450 659 713 749 331 341 264 904
536 987 193 208 19 119 235 827 541 871
127 863 397 250 1 812 52 470 433 850
741 449 155 70 464 387 589 262 422 905
426 310 218 860 472 805 29 596 384 583
71 638 453 810 878 648 134 484 246 73
52 825 763 615 613 394 135 600 124 756
475 8 120 311 834 819 172 668 63 117
87 8 8
489 244 243 624 969 424 505 811
631 953 363 697 597 396 482 144
807 288 214 769 994 831 495 857
995 807 237 889 668 167 678 430
736 845 388 891 286 742 810 217
440 193 422 684 261 549 368 734
456 812 223 952 456 464 771 965
910 645 997 732 522 955 155 303
9 9 44 72 8 7 4 75
78 79 72 28 17 86 39 8
58 19 10 71 82 20 19 86
6 54 14 30 72 22 24 69
21 79 74 47 52 49 65 63
29 51 15 55 12 13 81 13
65 43 58 23 60 75 16 3
64 70 37 69 2 68 67 8
329 8 2
1000 244
279 1000
372 761
217 705
157 617
347 811
671 799
914 696
1 34
193 1
138 506
44 39
50 494
126 172
333 519
799 323
506 4 8
1000 266 941 282 964 457 631 881
303 1000 692 959 813 451 841 528
559 63 365 847 481 331 351 572
978 662 816 999 897 948 804 735
1 21 793 231 439 401 16 668
134 1 120 514 235 292 542 427
297 6 214 192 262 178 217 298
708 295 254 748 483 586 557 219
497 7 4
912 1000 192 1000
767 666 583 443
1000 867 997 1000
985 380 241 80
1000 732 836 663
598 386 302 679
721 339 362 757
823 1 33 1
497 620 560 24
1 633 389 1
59 368 195 59
1 365 358 62
557 371 268 576
695 300 326 501
240 10 10
872 962 737 627 998 935 442 975 921 835
871 987 987 928 279 600 924 571 294 719
657 668 572 837 909 984 942 749 621 617
816 744 499 882 655 760 543 606 674 938
930 949 865 785 326 845 999 901 390 977
898 966 981 780 787 885 803 987 852 863
909 636 979 977 637 969 640 723 938 362
788 653 508 119 808 829 586 664 637 675
924 981 863 888 982 942 872 359 763 727
787 879 990 973 902 937 330 516 501 627
759 726 436 253 992 517 294 420 789 20
146 981 822 557 95 179 896 265 76 426
570 522 186 518 821 920 96 219 539 228
724 102 140 6 473 507 372 465 112 884
574 825 435 305 170 281 922 215 223 671
650 869 953 587 645 355 213 964 567 726
768 332 977 976 118 598 521 33 290 248
644 518 120 97 84 126 532 597 158 59
922 944 826 633 914 254 828 224 263 337
493 594 976 884 113 859 302 187 408 319
504 10 10
853 922 971 988 461 724 913 1000 583 941
869 900 678 415 867 556 540 827 877 871
770 525 899 991 539 980 486 698 881 266
650 996 784 920 606 996 357 989 400 884
942 453 770 992 900 930 548 510 172 999
992 999 991 782 704 762 735 958 983 900
817 364 464 944 880 999 994 966 898 852
751 762 543 538 348 624 892 950 726 513
745 710 547 841 754 916 1000 472 925 776
623 163 994 982 868 862 895 432 986 969
474 714 550 629 103 439 857 1000 90 823
743 18 515 195 681 415 311 827 398 560
686 237 870 615 431 595 344 456 282 88
509 247 577 100 389 935 291 968 123 471
370 95 581 813 298 431 215 230 162 983
906 976 945 708 524 186 628 424 969 93
592 283 201 706 828 616 956 852 886 671
223 358 62 103 249 253 816 101 158 434
93 663 344 652 340 695 317 434 142 463
84 157 953 971 559 631 156 403 596 462
412 5 8
1000 627 1000 383 1000 775 680 533
724 568 570 611 984 658 268 111
764 309 817 500 804 874 1000 792
721 192 721 537 575 140 978 819
1000 627 1000 951 1000 848 1000 827
1 581 1 280 1 731 635 522
655 530 430 571 469 618 245 104
252 306 150 457 392 839 985 749
571 182 545 503 309 127 948 773
1 119 1 910 1 22 1 662
489 9 9
1000 529 1000 1000 1000 857 679 548 169
286 1000 773 1000 85 868 7 785 241
48 1000 777 1000 379 458 424 497 933
994 1000 605 1000 826 707 729 889 327
767 1000 1000 1000 324 717 376 907 95
115 1000 968 1000 26 442 232 938 543
899 1000 866 1000 572 574 872 68 969
104 1000 652 1000 103 200 453 781 893
155 1000 537 1000 60 797 777 690 869
1 22 479 1 1 255 634 521 167
268 1 743 1 74 2 1 782 238
9 1 755 1 368 336 95 456 885
973 1 585 1 780 691 8 510 315
762 1 1 1 302 680 373 811 50
100 1 964 1 24 405 217 139 411
886 1 836 1 535 539 835 51 364
92 1 617 1 103 151 418 763 223
152 1 491 1 36 794 741 667 249
28 10 5
1000 28 1000 738 1000
975 914 792 101 654
979 523 216 277 874
977 381 705 227 665
735 776 328 136 689
626 935 125 132 989
592 632 224 267 805
829 145 586 340 987
687 687 537 987 941
1000 935 1000 590 969
1 28 1 163 1
739 904 80 81 246
915 491 111 241 504
78 338 55 185 338
105 746 75 118 409
175 909 70 89 432
475 626 44 244 240
280 125 21 319 673
537 655 433 976 445
1 313 1 568 625
633 8 6
1000 673 1000 1000 1000 947
697 1000 458 1000 950 930
62 1000 429 1000 653 999
441 1000 166 1000 839 905
942 1000 1000 1000 387 999
515 1000 506 1000 46 968
400 1000 118 1000 66 824
876 1000 832 1000 519 594
1 3 623 1 1 520
653 1 416 1 921 184
31 1 399 1 640 811
404 1 128 1 835 688
899 1 1 1 369 451
499 1 482 1 12 750
375 1 82 1 33 238
872 1 824 1 475 527
461 10 10
603 699 994 244 896 398 956 429 997 979
998 263 966 406 864 528 991 537 967 815
488 971 787 810 983 836 635 997 1000 965
999 758 700 852 548 921 747 321 698 598
623 614 836 495 400 997 477 577 602 992
906 978 790 904 788 945 751 278 566 943
1000 351 936 812 897 326 924 858 517 990
608 757 433 954 867 963 990 874 991 910
633 649 722 990 877 594 892 873 991 882
854 969 560 942 841 881 223 452 993 731
536 112 584 222 877 238 297 274 980 658
900 238 528 239 298 519 166 54 675 315
402 678 705 214 625 558 33 905 906 952
737 733 83 217 495 492 95 215 638 204
331 490 259 368 241 718 261 131 587 332
637 868 677 883 526 927 550 155 42 471
962 82 546 678 763 186 350 477 487 846
148 572 386 208 786 653 977 202 397 35
240 261 596 967 447 445 626 642 511 321
434 395 295 284 826 553 184 358 902 644
297 7 10
1000 337 1000 1000 1000 215 788 980 834 486
509 1000 941 1000 656 760 856 874 561 902
793 1000 346 1000 623 744 669 451 809 158
815 1000 339 1000 968 235 613 612 987 772
807 1000 1000 1000 977 487 368 549 436 613
167 1000 936 1000 925 480 640 975 562 876
367 1000 865 1000 409 995 614 891 988 733
1 22 287 1 1 48 749 969 804 444
469 1 936 1 642 119 371 852 556 877
755 1 328 1 601 726 25 402 797 121
777 1 323 1 923 207 306 467 976 747
784 1 1 1 960 451 354 241 433 609
151 1 922 1 876 472 623 89 513 852
365 1 819 1 401 958 575 55 676 645
404 9 9
1000 223 386 476 676 948 318 897 629
258 1000 910 729 844 390 732 580 845
89 986 903 716 727 604 942 771 827
878 371 733 589 582 891 625 954 398
903 697 124 320 347 481 638 989 832
763 373 835 532 749 887 372 483 488
811 664 721 279 256 603 267 641 883
556 161 834 301 491 659 794 758 991
453 514 916 596 333 622 297 808 769
1 114 304 56 373 642 178 183 197
49 1 154 16 65 286 440 278 45
39 883 652 230 374 401 350 513 132
637 13 193 113 455 364 417 696 314
768 586 52 116 26 2 125 233 348
47 222 396 169 528 478 111 103 323
534 567 613 143 94 214 73 130 803
417 54 65 201 237 430 2 174 306
315 230 820 36 199 204 182 609 27
323 10 10
373 997 930 635 471 922 970 908 899 725
862 846 902 984 878 995 973 968 942 937
528 962 969 600 826 756 889 817 751 966
553 602 520 764 875 930 864 699 864 729
871 997 760 664 873 519 473 819 976 656
960 168 233 972 735 695 539 169 464 732
924 964 522 484 794 996 828 919 867 664
981 604 910 965 713 561 722 976 796 733
683 837 987 378 377 347 875 921 859 972
557 928 876 904 757 790 711 781 679 934
183 989 886 602 390 894 729 104 848 573
124 223 604 474 317 846 938 830 616 931
186 953 889 158 809 669 296 63 666 958
298 61 344 66 137 665 434 475 729 411
66 293 674 534 6 378 74 613 958 74
848 63 59 956 417 354 500 2 26 217
883 79 198 74 632 406 237 465 552 434
841 65 132 865 381 343 97 923 601 731
495 416 346 378 355 25 601 886 859 615
535 854 301 840 124 485 108 598 442 546
127 8 1
630
405
852
384
870
718
475
803
12
107
64
127
93
118
97
88
241 7 9
894 807 356 658 426 313 546 581 979
485 334 377 441 889 970 344 671 364
890 609 614 416 582 619 995 410 625
835 782 698 891 818 713 296 622 830
448 307 762 400 448 390 827 761 759
563 311 312 980 436 947 851 321 945
503 853 777 646 988 415 675 598 776
87 206 127 178 179 141 139 159 139
236 63 63 200 227 118 48 48 237
79 217 153 90 150 97 109 227 146
63 236 130 51 59 174 145 98 141
220 171 222 46 230 132 192 110 1
155 161 135 139 217 142 117 90 232
185 30 52 51 115 46 30 151 44
338 3 7
673 396 918 796 872 480 740
518 941 419 413 768 771 697
604 698 841 575 972 521 590
61 24 171 215 295 188 30
20 46 205 327 129 201 266
249 161 135 107 53 39 110
884 10 6
1000 924 1000 1000 1000 976
646 1000 995 1000 194 988
748 1000 63 1000 898 873
869 1000 556 1000 608 903
440 1000 1000 1000 662 818
633 1000 241 1000 507 838
726 1000 262 1000 505 928
582 1000 824 1000 181 807
121 1000 962 1000 411 869
65 1000 169 1000 552 980
1 805 874 1 1 725
604 1 985 1 191 686
728 1 48 1 881 823
864 1 526 1 576 574
396 1 1 1 647 120
633 1 218 1 481 603
707 1 255 1 502 19
580 1 820 1 156 573
101 1 947 1 387 304
32 1 140 1 533 549
609 9 8
1000 649 1000 1000 1000 443 333 25
883 1000 967 1000 163 780 1000 342
454 1000 68 1000 974 586 246 535
722 1000 163 1000 140 813 910 127
345 1000 930 1000 647 706 817 1000
762 1000 1000 1000 845 561 899 419
458 1000 224 1000 264 636 458 273
358 1000 893 1000 211 881 364 958
424 1000 889 1000 147 890 516 917
1 261 599 1 1 232 319 1
861 1 939 1 151 15 999 336
416 1 50 1 952 506 225 499
694 1 159 1 117 534 890 123
309 1 907 1 634 366 785 999
761 1 1 1 832 292 884 377
454 1 178 1 260 331 437 225
324 1 845 1 164 9 77 943
380 1 842 1 104 849 282 134
436 8 5
1000 824 1000 902 1000
641 351 993 883 773
530 719 721 757 885
620 43 683 740 682
691 362 608 791 641
207 408 587 644 481
312 49 647 798 967
1000 997 1000 232 879
1 792 1 64 1
272 327 667 840 418
268 707 578 725 512
476 32 451 722 397
135 340 238 751 176
2 364 156 643 283
44 22 274 777 316
1 826 1 227 778
342 7 1
511
342
342
342
342
342
342
253
262
262
262
262
262
262
440 4 3
808 1000 606
470 1000 948
983 693 968
863 877 513
134 988 126
411 1 350
426 601 317
176 408 110
424 5 10
992 1000 983 643 834 549 743 940 627 702
454 1000 780 787 804 812 807 562 586 569
751 696 739 693 943 982 583 960 866 953
747 533 717 589 843 915 768 823 808 940
927 858 643 857 604 844 918 942 866 674
368 956 163 143 331 32 88 399 47 253
394 1 538 677 650 337 274 56 354 92
6 292 272 80 753 825 403 198 196 317
198 273 413 124 133 466 571 295 373 206
347 349 54 147 318 21 44 785 398 464
656 10 10
892 757 722 948 964 620 828 437 651 766
793 997 976 842 957 983 500 781 362 177
524 869 907 804 520 878 901 941 424 743
564 236 211 798 613 693 978 704 939 779
912 852 616 300 603 748 848 629 954 938
975 767 854 921 974 991 995 904 864 984
907 999 892 530 992 945 714 833 144 971
998 625 969 805 991 807 486 821 922 942
984 704 292 948 659 994 627 877 961 918
920 741 932 986 776 82 748 369 776 947
705 372 6 602 656 387 681 17 145 317
346 663 975 92 457 918 451 780 204 18
311 770 143 302 341 557 767 792 198 235
144 32 205 5 454 619 932 578 879 714
860 608 193 71 365 748 808 597 942 773
283 453 483 641 22 931 975 630 642 909
4 854 787 528 820 727 394 757 130 589
750 223 762 595 904 402 159 423 909 24
953 360 69 926 513 531 137 429 376 780
139 62 613 945 137 42 640 138 517 145
28 10 10
954 985 490 783 658 848 805 665 927 865
501 883 425 620 999 880 414 995 644 406
811 933 136 897 765 488 478 218 855 726
274 971 936 860 712 973 886 366 864 953
754 829 323 744 763 875 871 797 738 993
999 508 553 859 946 743 668 93 934 817
559 441 986 951 955 903 917 902 285 558
453 941 805 481 909 593 423 238 344 460
342 614 864 642 623 997 650 769 966 487
714 513 574 882 782 958 876 970 606 845
865 165 27 533 383 835 783 654 919 718
281 806 386 611 998 493 288 410 431 265
750 746 136 328 68 231 217 89 819 374
152 864 598 432 554 916 819 186 754 711
261 521 227 105 478 659 725 657 674 795
833 233 70 309 635 599 665 76 828 640
365 57 969 133 826 417 342 14 224 234
45 105 448 304 390 240 157 135 30 145
311 479 189 414 517 974 579 622 610 384
571 458 399 589 387 862 783 700 535 342
806 7 7
1000 724 435 958 680 523 1000
984 846 248 211 782 618 812
1000 878 704 671 855 926 1000
472 49 674 675 451 289 926
1000 175 245 813 956 999 476
536 713 644 999 261 494 535
603 829 526 637 676 691 950
1 312 268 124 455 409 1
935 822 223 179 782 584 682
1 539 589 411 513 734 1
34 12 640 664 410 246 895
1 144 235 793 931 957 461
112 229 632 999 249 484 504
554 286 190 381 28 516 21
897 8 9
1000 820 805 808 427 868 908 1000 171
989 773 886 998 511 610 999 950 337
835 850 879 598 746 825 882 755 134
710 673 738 936 688 828 757 490 783
982 640 769 943 954 977 902 865 660
328 55 790 758 785 560 802 1000 964
847 996 614 642 953 915 836 808 988
801 880 345 101 328 998 623 865 455
1 639 644 728 407 827 898 996 128
586 602 727 391 207 26 108 903 318
754 588 677 331 346 511 702 739 87
486 214 79 507 554 223 344 448 752
943 358 569 26 242 656 522 730 530
295 43 693 243 397 98 206 782 902
817 980 613 305 442 355 667 549 643
759 862 340 82 292 811 334 102 148
595 9 8
1000 635 1000 1000 1000 587 402 69
908 1000 82 1000 424 642 517 864
430 1000 747 1000 787 726 836 507
693 1000 517 1000 608 948 755 94
651 1000 685 1000 854 669 961 711
565 1000 1000 1000 520 778 977 982
924 1000 752 1000 636 758 490 995
693 1000 632 1000 444 149 448 944
582 1000 582 1000 691 716 125 756
1 16 585 1 1 64 382 46
890 1 66 1 403 479 480 820
424 1 705 1 767 585 342 476
676 1 484 1 605 913 640 81
639 1 655 1 853 625 608 679
519 1 1 1 516 771 2 926
916 1 741 1 613 738 475 778
664 1 594 1 443 119 407 104
553 1 541 1 665 676 94 334
5 10 10
439 462 717 836 764 664 794 774 786 928
371 1000 983 951 973 749 739 957 923 772
755 551 894 873 491 997 617 954 587 452
544 833 784 401 609 542 988 219 394 756
666 948 593 338 946 766 475 944 880 672
437 991 787 800 914 638 847 861 548 778
656 966 853 930 500 888 993 766 197 876
949 561 550 834 358 307 643 410 844 589
907 533 989 833 314 368 615 910 878 701
687 573 276 164 611 708 522 836 693 982
18 310 342 572 402 66 717 744 764 896
303 999 160 434 553 322 557 744 817 458
122 286 8 700 17 975 7 694 568 132
468 753 334 190 515 166 873 179 184 404
177 222 306 34 395 445 323 238 397 346
426 900 20 497 659 402 39 722 242 418
624 850 763 421 221 422 256 590 102 772
805 299 499 640 30 80 623 400 720 543
191 228 989 720 211 31 367 663 577 310
62 508 22 68 57 76 197 172 327 570
435 5 3
772 523 497
550 781 746
515 912 731
764 796 939
522 775 623
311 48 261
151 53 250
166 161 35
309 50 307
269 373 27
290 10 10
688 993 819 951 989 339 804 942 915 403
746 854 916 904 991 954 559 475 996 906
468 796 432 874 806 936 582 856 996 443
814 907 777 405 881 861 937 661 403 461
840 578 804 950 992 747 401 993 435 1000
649 948 953 702 990 966 922 999 836 825
448 994 856 802 896 881 904 659 970 947
778 295 988 821 997 690 908 979 581 480
758 1000 742 722 931 859 547 926 770 878
821 741 663 673 851 855 953 518 355 980
627 8 740 149 912 285 681 645 874 395
419 424 110 286 847 709 370 286 448 794
280 706 335 762 731 927 211 701 335 6
464 779 183 405 850 612 628 441 371 367
710 250 52 357 991 213 396 991 407 805
297 88 437 463 542 548 698 712 163 75
421 959 630 720 696 2 644 619 963 239
711 188 7 803 991 572 337 930 581 237
228 972 18 656 896 728 474 357 166 622
748 270 277 465 551 837 636 200 278 106
552 7 9
1000 617 593 681 253 472 596 96 513
239 678 919 699 424 696 529 568 810
758 670 823 790 927 363 975 903 933
694 910 984 957 731 773 740 740 928
265 797 941 914 800 872 682 609 979
324 204 759 643 983 978 738 627 941
360 340 816 620 937 975 897 804 901
1 53 8 8 244 455 567 87 464
78 157 370 200 175 143 41 555 799
100 536 15 679 554 6 60 686 138
215 283 236 599 209 675 362 8 346
240 769 21 693 305 696 555 552 444
277 194 373 508 639 459 346 246 138
328 305 769 581 814 355 327 442 784
586 10 9
1000 626 1000 1000 1000 554 628 843 293
498 1000 71 1000 717 494 589 988 909
379 1000 161 1000 690 512 789 483 848
803 1000 699 1000 145 656 852 825 601
948 1000 1000 1000 44 121 565 884 1000
543 1000 834 1000 692 33 143 183 441
499 1000 561 1000 668 822 650 340 294
754 1000 997 1000 272 878 382 992 681
447 1000 181 1000 437 233 853 52 981
797 1000 911 1000 688 650 730 573 994
1 328 576 1 1 17 624 794 268
491 1 24 1 690 216 351 944 894
362 1 140 1 677 467 423 453 823
778 1 655 1 98 616 2 433 600
929 1 1 1 41 108 531 335 346
535 1 806 1 656 27 139 179 203
490 1 513 1 635 785 629 297 241
723 1 969 1 255 863 381 975 187
422 1 161 1 394 185 847 30 513
773 1 893 1 670 648 710 529 828
542 10 10
744 522 574 951 926 714 750 583 854 953
681 645 983 960 895 754 960 941 995 998
555 217 267 347 689 284 681 565 895 871
334 919 941 590 838 935 283 700 978 954
955 998 858 973 696 767 869 734 706 727
749 965 939 999 370 657 846 499 972 994
998 930 910 781 836 296 922 650 183 178
707 851 696 883 409 630 597 992 830 499
933 680 566 998 973 493 988 583 869 909
997 737 847 802 529 995 663 600 926 827
417 361 262 312 610 656 677 517 501 476
446 233 529 806 559 109 531 529 10 994
179 88 50 277 336 182 330 363 733 783
182 748 833 245 591 813 238 486 209 894
866 976 841 758 370 597 373 490 291 457
675 318 873 903 268 450 208 414 467 988
33 784 564 430 710 245 859 392 68 164
698 820 390 686 345 566 575 419 778 344
916 419 501 856 967 254 984 287 709 66
997 703 197 61 276 909 343 316 744 651
689 8 3
1000 363 65
534 1000 999
847 634 936
805 256 708
755 624 287
840 109 394
935 850 946
714 743 552
1 169 13
262 1 349
439 197 384
280 25 213
705 560 203
516 25 80
567 43 229
400 62 476
335 5 10
1000 739 1000 209 1000 297 1000 985 1000 818
856 907 797 405 244 417 871 661 509 731
956 220 917 834 263 911 760 243 928 882
976 561 849 996 867 69 679 126 529 598
1000 783 1000 203 1000 939 1000 114 629 496
1 719 1 36 1 296 1 382 1 778
543 884 590 396 163 396 371 644 120 717
649 218 575 801 157 874 435 211 265 845
605 559 224 970 145 57 10 116 221 373
1 651 1 159 1 175 1 65 594 164
228 10 10
959 957 923 617 842 913 918 524 843 904
648 669 925 662 760 933 913 677 902 723
358 446 960 788 998 834 913 894 985 878
585 982 980 247 587 982 917 659 741 925
533 493 840 949 717 964 962 818 999 958
316 829 373 873 847 991 787 985 980 852
729 639 522 319 926 912 847 421 921 896
808 928 691 569 407 884 878 998 776 776
357 307 383 722 669 668 918 837 836 793
674 767 940 816 643 472 813 956 986 690
873 247 859 22 255 850 586 508 270 711
71 376 767 9 508 449 900 577 217 109
101 383 88 576 344 22 802 520 946 576
194 609 816 194 124 854 611 272 479 614
279 359 736 899 509 838 850 748 983 400
242 702 194 682 522 709 50 928 847 753
652 610 387 222 298 837 635 96 863 794
775 632 669 479 89 822 709 944 140 279
138 33 4 486 608 298 389 585 308 487
200 723 820 633 535 453 729 738 964 488
762 6 9
861 658 898 676 713 729 971 747 1000
894 597 42 82 792 412 991 596 756
1000 939 981 619 870 962 548 849 1000
988 284 330 974 993 996 607 256 971
1000 934 843 805 301 612 367 705 954
135 284 768 814 73 637 414 742 446
342 447 545 342 481 225 421 421 1
829 573 1 50 759 395 947 586 83
1 770 126 204 221 418 406 326 1
468 253 284 952 993 993 601 240 944
1 91 741 222 27 223 310 309 915
120 271 754 811 72 621 379 108 221
254 5 9
1000 190 1000 734 1000 441 1000 962 1000
724 286 601 343 984 320 986 945 768
587 629 137 370 960 535 846 828 889
895 598 136 48 894 357 893 866 521
1000 454 1000 358 1000 925 1000 852 580
1 144 1 12 1 409 1 464 1
413 272 56 323 293 312 405 923 532
46 612 38 350 830 524 40 809 41
421 580 40 27 402 345 779 840 454
1 206 1 345 1 101 1 811 21
566 5 9
1000 561 966 398 620 746 784 542 846
131 1000 566 262 549 95 712 879 308
909 261 510 401 284 901 675 433 155
229 689 774 343 676 984 959 950 635
130 313 582 147 178 654 259 972 837
1 3 139 290 474 207 132 37 190
78 1 413 147 36 25 435 809 6
520 184 237 189 66 68 389 260 26
15 153 480 169 57 25 890 161 340
58 176 353 57 79 391 174 853 308
