50
100 3 3
500 500 500
500 500 120
500 140 500
10 10 10
10 10 10
10 10 10
100 3 3
500 100 500
100 100 500
500 500 500
10 10 10
10 10 10
10 10 10
680 2 5
1000 324 244 318 151
197 1000 630 539 565
1 231 11 79 48
63 1 194 225 142
900 8 7
1000 940 1000 1000 1000 746 979
439 1000 31 1000 335 848 722
997 1000 634 1000 929 948 702
792 1000 743 1000 103 104 741
990 1000 1000 1000 108 90 620
590 1000 384 1000 328 204 888
477 1000 976 1000 478 386 622
522 1000 445 1000 56 257 722
1 48 890 1 1 627 941
438 1 24 1 316 90 701
991 1 599 1 909 304 501
772 1 724 1 78 60 477
943 1 1 1 65 68 487
549 1 364 1 290 186 551
463 1 965 1 464 359 314
501 1 415 1 53 216 144
594 6 5
1000 669 703 972 1000
583 830 748 54 781
1000 672 811 725 1000
822 685 395 517 189
1000 977 983 853 414
122 997 52 385 676
1 39 442 327 1
534 801 740 16 27
1 604 189 64 1
191 652 350 470 179
1 30 803 206 409
86 994 25 33 90
947 6 10
1000 987 1000 1000 1000 971 172 408 141 65
928 1000 134 1000 738 879 981 951 991 586
369 1000 217 1000 70 825 491 907 299 201
909 1000 79 1000 306 931 689 792 435 538
35 1000 496 1000 784 488 379 909 957 788
403 1000 1000 1000 698 177 562 865 957 815
1 128 937 1 1 827 169 384 131 57
922 1 97 1 710 534 966 908 978 544
334 1 191 1 37 288 442 869 287 155
893 1 67 1 263 507 17 276 407 494
13 1 472 1 737 458 366 678 362 599
387 1 1 1 665 149 558 835 930 683
211 10 6
1000 251 1000 1000 1000 605
693 1000 293 1000 741 871
68 1000 684 1000 521 553
804 1000 592 1000 594 805
679 1000 645 1000 267 623
571 1000 1000 1000 174 661
899 1000 401 1000 814 743
307 1000 492 1000 234 197
991 1000 556 1000 171 182
803 1000 607 1000 563 630
1 39 201 1 1 157
654 1 277 1 700 495
31 1 673 1 488 443
784 1 555 1 578 494
635 1 636 1 250 49
531 1 1 1 136 305
877 1 389 1 807 144
269 1 458 1 225 122
973 1 554 1 125 76
759 1 604 1 542 29
477 10 6
1000 517 1000 1000 1000 923
453 1000 416 1000 562 906
556 1000 696 1000 674 941
284 1000 827 1000 741 580
748 1000 1000 1000 264 727
680 1000 262 1000 608 703
383 1000 263 1000 390 689
671 1000 632 1000 909 761
439 1000 943 1000 993 649
553 1000 238 1000 17 411
1 58 467 1 1 855
452 1 398 1 558 133
519 1 669 1 643 262
253 1 826 1 705 364
707 1 1 1 231 322
661 1 254 1 591 155
371 1 249 1 358 598
626 1 631 1 874 325
394 1 916 1 992 59
514 1 222 1 14 109
230 9 9
1000 590 1000 986 1000 96 1000 908 1000
608 906 552 823 856 768 960 401 862
467 678 736 28 847 740 778 634 877
333 981 579 876 849 543 799 547 826
709 416 653 953 765 662 881 879 922
443 72 984 154 957 415 993 389 875
971 256 908 728 791 315 823 801 760
643 239 928 298 698 850 974 224 730
1000 597 1000 509 1000 916 1000 337 860
1 545 1 451 1 59 1 697 1
82 879 490 800 672 754 540 365 631
4 647 321 19 655 715 456 608 490
271 967 438 831 705 534 220 517 493
76 375 399 918 615 614 643 844 746
347 47 596 137 34 398 728 348 142
342 221 421 686 536 280 191 776 541
477 227 102 280 615 810 416 188 393
1 401 1 487 1 216 1 288 294
536 10 8
1000 576 1000 1000 1000 804 36 492
583 1000 278 1000 203 928 392 70
954 1000 851 1000 502 846 862 371
754 1000 134 1000 627 102 808 519
963 1000 1000 1000 771 504 795 205
913 1000 642 1000 276 593 707 215
856 1000 457 1000 275 902 861 833
653 1000 985 1000 901 981 583 957
967 1000 502 1000 319 992 175 980
810 1000 998 1000 769 864 790 946
1 183 526 1 1 608 33 488
577 1 254 1 170 53 358 41
917 1 826 1 477 119 684 366
727 1 102 1 616 78 487 504
955 1 1 1 762 462 657 200
908 1 639 1 268 579 619 183
831 1 412 1 258 866 644 778
621 1 939 1 857 972 580 398
932 1 484 1 286 981 151 836
810 1 949 1 744 840 782 281
52 10 10
882 938 515 790 520 891 733 744 1000 967
694 951 732 982 682 993 859 883 864 651
852 786 390 958 679 897 788 973 740 928
898 797 876 683 795 573 569 893 815 980
959 520 675 678 506 932 870 177 885 663
703 986 853 800 686 860 756 881 765 801
980 397 985 968 854 129 954 965 800 676
947 592 629 733 892 355 647 702 774 847
997 868 304 756 988 816 912 757 773 849
887 594 842 630 912 481 590 733 891 984
422 642 40 684 510 751 453 506 1000 829
419 350 545 886 455 224 592 541 217 560
161 549 387 679 246 817 155 543 497 907
336 559 133 217 679 345 483 608 638 959
849 412 645 605 86 92 793 52 757 463
485 703 722 16 467 594 626 854 312 410
920 170 507 556 465 49 176 40 413 608
79 563 558 325 201 17 199 657 711 708
933 667 212 709 638 392 23 181 370 350
885 338 457 268 909 113 436 245 605 700
452 6 5
836 1000 854 511 816
482 1000 692 563 542
570 639 703 976 542
821 735 783 865 895
963 518 643 960 714
988 702 692 692 821
203 996 401 84 221
423 1 305 216 27
282 67 204 269 181
366 382 201 392 204
27 433 170 179 582
269 225 378 336 123
740 10 1
943
740
740
740
740
740
740
740
740
740
564
640
640
640
640
640
640
640
640
640
673 10 8
745 691 928 639 647 472 989 1000
937 874 727 59 693 551 971 873
1000 643 740 895 917 278 481 1000
831 384 407 63 400 94 197 209
1000 153 841 676 859 369 241 467
758 969 924 988 972 892 103 608
610 65 874 391 143 853 982 91
382 724 349 82 543 705 973 424
632 974 82 895 456 964 919 373
95 101 963 322 738 757 872 712
594 95 31 358 160 365 256 1
716 839 699 15 678 540 929 589
1 587 104 475 213 165 177 1
121 345 399 36 374 92 170 197
1 124 811 629 840 330 231 446
207 652 626 294 815 689 80 560
575 31 866 384 131 429 574 83
336 690 347 60 507 668 744 389
614 972 77 889 420 920 551 355
50 56 949 318 702 745 647 30
817 10 6
1000 820 917 710 708 331
969 729 754 702 880 352
895 980 684 676 922 401
677 925 957 756 645 735
991 812 844 883 740 708
901 976 883 885 432 871
620 803 829 860 791 642
255 719 636 908 729 707
268 530 939 616 505 593
612 212 339 389 981 617
1 392 538 633 645 284
27 522 563 547 641 319
752 631 84 22 775 234
400 230 61 243 464 445
769 289 252 380 336 242
570 709 318 532 252 179
619 369 326 678 379 558
217 419 571 478 282 486
232 485 893 402 117 239
597 168 330 344 52 138
417 10 7
1000 889 943 948 992 718 251
888 932 623 455 886 337 434
591 672 814 466 731 949 106
640 906 767 988 917 903 410
925 627 762 838 665 428 577
356 956 843 899 732 988 745
876 554 985 867 437 769 806
965 857 923 964 320 945 825
907 485 140 815 748 568 861
951 870 177 532 634 562 766
1 154 381 888 665 679 220
449 562 82 427 632 306 426
413 70 509 389 284 922 106
560 359 624 111 41 889 365
104 400 406 662 209 109 574
328 350 793 708 299 241 364
845 515 532 41 93 585 470
952 829 889 325 86 5 672
878 464 113 652 95 315 597
940 830 170 522 547 11 406
842 10 10
906 237 744 467 428 902 991 748 950 981
923 984 963 612 755 899 974 871 201 999
441 843 987 842 910 923 428 971 832 553
454 804 552 1000 967 852 519 285 723 662
972 882 463 892 805 506 619 815 838 895
616 955 472 895 644 418 874 454 999 602
732 978 907 640 962 830 941 865 506 928
906 504 953 725 669 865 422 539 911 793
750 769 717 868 612 786 584 472 728 576
255 936 671 888 854 958 927 902 666 981
152 118 526 359 64 731 767 261 864 977
769 322 229 343 255 77 952 583 162 427
414 558 160 213 436 720 58 232 33 424
52 714 397 831 236 125 234 180 565 298
865 553 324 878 655 347 68 708 707 809
146 943 40 834 333 220 213 119 908 542
648 972 652 402 921 652 802 477 69 906
645 301 250 637 118 775 418 106 778 778
581 764 376 737 606 548 119 128 334 229
219 853 101 56 491 928 615 562 62 440
795 6 4
1000 993 376 818
919 959 951 891
903 880 961 657
945 983 764 953
959 974 988 685
246 985 654 408
1 433 174 796
11 454 151 879
816 668 645 47
117 801 699 178
664 906 579 185
238 532 343 116
832 8 7
1000 872 1000 1000 1000 961 749
668 1000 819 1000 970 968 317
826 1000 702 1000 238 626 345
387 1000 276 1000 253 790 867
859 1000 1000 1000 465 537 940
699 1000 114 1000 481 735 858
159 1000 785 1000 564 403 833
1000 1000 978 1000 82 737 818
1 156 822 1 1 885 748
629 1 795 1 923 242 284
805 1 692 1 230 394 304
387 1 243 1 209 344 329
833 1 1 1 444 515 593
667 1 86 1 462 716 382
152 1 784 1 533 376 546
1000 1 969 1 44 733 743
110 7 10
730 1000 75 513 314 929 879 890 843 1000
371 731 595 92 571 428 398 876 451 980
1000 791 687 624 889 866 865 868 547 1000
825 948 738 216 194 881 642 544 563 832
1000 688 732 346 45 26 705 513 150 287
725 793 995 625 251 475 598 490 811 600
177 39 257 623 839 667 887 894 948 867
512 1 15 25 224 167 788 199 631 1
216 730 547 73 567 381 392 866 423 842
1 554 345 241 558 545 781 62 9 1
457 945 729 214 190 837 593 509 544 797
1 670 728 341 13 3 657 479 108 239
302 615 47 547 225 456 574 488 781 558
165 19 211 564 191 499 40 670 571 41
754 9 10
1000 794 1000 1000 1000 968 990 494 76 313
855 1000 662 1000 711 941 66 999 924 682
404 1000 729 1000 434 822 673 324 458 701
723 1000 793 1000 650 911 576 49 772 984
561 1000 973 1000 451 177 989 624 461 784
861 1000 1000 1000 122 594 26 837 369 81
472 1000 227 1000 966 105 861 119 694 214
628 1000 854 1000 181 246 678 50 983 797
417 1000 435 1000 994 167 32 946 67 692
1 265 744 1 1 865 957 492 49 286
836 1 651 1 665 381 20 997 899 680
356 1 728 1 429 460 628 295 409 677
696 1 776 1 643 113 441 14 739 966
539 1 968 1 430 153 19 419 440 753
832 1 1 1 78 577 17 245 143 64
455 1 190 1 961 62 817 85 108 195
608 1 832 1 154 238 647 15 604 536
386 1 426 1 973 136 8 907 47 264
109 4 8
703 910 704 193 668 642 290 579
835 163 386 514 672 326 761 273
785 820 918 243 817 841 948 391
219 863 879 822 488 581 916 856
66 35 30 33 97 28 52 28
37 5 33 58 50 20 50 17
95 89 15 34 79 85 64 67
90 37 61 47 10 65 55 7
250 7 9
1000 443 1000 719 1000 140 1000 800 1000
934 288 883 510 802 707 642 901 979
964 194 963 620 472 483 867 743 880
985 510 932 116 883 994 894 471 541
874 318 960 599 589 651 593 990 720
667 73 876 651 726 795 313 708 778
1000 724 1000 710 1000 886 1000 927 974
1 434 1 622 1 124 1 603 1
702 247 546 487 88 702 173 888 123
383 162 433 601 2 458 147 707 392
754 476 843 90 300 990 321 446 70
274 291 717 553 152 633 258 988 351
8 62 667 642 381 785 238 659 564
1 266 1 708 1 274 1 884 719
741 10 10
919 978 349 461 988 867 962 497 836 704
638 689 649 872 937 796 628 538 340 980
678 883 809 688 808 756 972 705 829 996
963 647 924 435 541 507 929 634 288 996
465 1000 790 871 870 986 716 325 630 779
959 622 826 264 975 358 326 757 446 742
896 713 502 964 786 561 634 1000 916 357
904 457 591 740 776 985 910 986 323 913
749 835 875 383 742 763 442 834 425 468
308 963 998 621 998 88 902 593 878 967
775 492 17 379 942 831 771 338 558 155
377 275 493 426 526 480 530 489 13 960
513 311 384 212 324 573 844 351 374 986
738 374 282 338 140 457 235 580 261 941
301 988 656 199 615 983 125 205 106 321
905 301 140 169 919 335 325 715 364 122
801 681 404 787 785 329 296 914 860 130
895 350 546 552 681 238 311 985 273 70
540 801 699 269 149 41 326 614 157 199
133 669 989 509 128 21 618 502 536 283
917 8 8
1000 957 1000 1000 1000 945 216 562
566 1000 43 1000 217 980 126 253
849 1000 554 1000 756 926 13 918
337 1000 804 1000 254 968 565 688
145 1000 475 1000 156 998 904 453
500 1000 1000 1000 321 58 979 952
964 1000 771 1000 934 751 725 882
376 1000 293 1000 507 752 977 630
1 447 907 1 1 805 209 528
559 1 16 1 201 470 105 208
809 1 527 1 754 876 12 899
310 1 757 1 215 530 561 668
145 1 428 1 152 474 525 436
474 1 1 1 287 12 603 920
932 1 733 1 893 751 91 870
362 1 263 1 465 748 427 166
783 10 9
1000 823 1000 1000 1000 655 290 61 996
845 1000 875 1000 412 687 369 794 629
725 1000 266 1000 833 639 240 779 225
436 1000 998 1000 547 470 627 187 911
334 1000 1000 1000 689 870 979 195 409
92 1000 404 1000 800 826 940 511 581
825 1000 615 1000 22 81 522 565 118
140 1000 250 1000 330 184 409 118 826
924 1000 633 1000 277 473 962 936 455
27 1000 674 1000 952 110 378 816 934
1 711 773 1 1 506 248 13 985
802 1 865 1 368 95 121 756 619
683 1 238 1 821 635 31 751 209
390 1 992 1 539 461 172 152 873
314 1 1 1 648 865 466 154 363
77 1 376 1 773 782 371 468 580
805 1 613 1 8 62 234 537 106
109 1 209 1 286 170 72 85 778
888 1 601 1 275 444 109 576 433
18 1 654 1 945 86 356 727 720
167 4 5
1000 914 684 993 418
784 884 398 798 277
684 905 711 213 664
716 570 863 477 606
1 551 555 157 103
351 728 3 77 73
100 661 150 145 135
454 99 103 404 370
588 10 10
830 891 620 533 546 239 354 341 353 570
665 927 989 985 808 851 144 949 849 515
818 541 154 449 128 846 353 847 733 305
515 964 685 749 996 995 778 517 998 337
971 565 944 962 281 661 955 891 996 972
599 624 978 726 483 857 997 499 831 929
746 958 390 820 636 733 239 753 986 965
813 804 781 928 370 729 666 791 799 778
732 671 946 655 986 988 776 987 799 813
967 969 792 588 917 840 804 908 816 949
313 653 243 462 507 60 47 145 284 211
255 744 558 978 304 440 107 915 641 183
119 78 42 398 11 837 110 791 88 278
392 68 376 501 983 946 328 115 990 46
824 269 813 59 175 291 944 421 885 550
409 68 890 456 198 129 734 154 614 798
684 716 70 730 163 329 126 658 773 950
614 743 87 597 353 155 603 15 103 561
376 188 323 220 959 968 467 536 697 543
965 50 706 405 161 777 400 388 569 736
624 10 10
905 797 881 812 984 838 643 408 819 690
883 810 980 917 939 946 857 795 783 616
923 841 516 749 738 815 219 713 739 572
913 944 694 151 581 322 192 432 94 831
933 719 618 898 973 899 139 858 669 955
744 452 491 893 959 593 857 1000 842 311
905 919 692 813 944 927 843 914 938 301
748 605 968 897 988 257 712 1000 948 951
674 958 850 813 981 939 714 957 798 756
924 500 930 967 710 951 744 807 179 778
482 82 860 230 975 837 370 66 748 294
823 697 760 581 698 673 248 703 730 411
14 721 378 745 367 301 178 513 667 533
844 709 664 114 47 152 124 62 9 329
586 94 331 660 402 713 102 818 536 861
234 376 235 135 22 322 796 939 724 123
494 388 58 53 439 692 508 298 800 115
481 388 906 754 979 105 62 416 451 515
52 893 526 209 443 849 462 903 633 26
532 67 899 966 615 444 422 707 112 464
161 7 8
1000 468 1000 754 1000 459 841 117
753 505 618 638 954 362 595 535
839 700 542 353 915 114 473 1000
887 394 712 675 594 518 953 588
793 889 996 94 664 77 46 768
985 285 650 183 885 839 59 584
1000 721 1000 504 1000 864 1000 731
1 447 1 421 1 430 814 76
528 504 279 590 478 313 592 512
617 697 435 308 306 78 469 980
181 380 236 666 498 509 933 585
597 857 462 78 537 55 11 754
733 282 575 163 510 832 44 561
1 9 1 463 1 82 1 65
177 8 8
361 1000 330 611 228 826 910 232
207 1000 907 792 377 307 860 238
987 837 859 965 750 526 815 819
912 249 512 780 832 526 932 896
938 236 717 382 328 844 941 856
362 580 563 809 720 585 896 998
540 354 465 730 804 884 485 945
665 767 785 895 934 932 771 809
78 988 107 111 21 14 74 31
147 1 62 694 78 87 23 124
154 127 132 197 247 300 220 121
84 51 60 165 101 150 725 11
157 134 73 94 46 118 51 718
1 100 164 24 172 37 95 518
110 16 165 65 170 149 70 680
92 133 16 173 155 85 132 462
573 9 8
1000 613 1000 1000 1000 787 193 399
850 1000 48 1000 841 874 438 62
967 1000 294 1000 507 819 890 160
164 1000 80 1000 364 987 768 736
391 1000 914 1000 654 372 499 840
875 1000 1000 1000 795 496 529 767
136 1000 609 1000 918 412 498 765
539 1000 97 1000 544 995 939 680
984 1000 31 1000 800 386 152 659
1 34 563 1 1 487 183 356
815 1 4 1 819 726 422 40
959 1 271 1 469 385 849 146
129 1 80 1 324 287 434 719
389 1 877 1 626 347 274 840
829 1 1 1 769 469 353 745
92 1 582 1 907 384 141 731
524 1 94 1 530 992 252 438
982 1 2 1 793 338 135 555
702 6 7
1000 742 1000 1000 1000 948 90
693 1000 169 1000 156 607 541
216 1000 480 1000 342 649 264
591 1000 709 1000 747 947 973
423 1000 653 1000 743 925 171
853 1000 1000 1000 321 753 626
1 156 692 1 1 277 50
675 1 156 1 125 274 499
179 1 463 1 315 459 222
569 1 691 1 733 322 946
377 1 636 1 738 700 135
845 1 1 1 283 437 248
223 8 9
1000 112 1000 907 1000 359 1000 944 1000
951 403 934 251 940 57 648 810 723
685 548 953 629 960 611 684 197 683
830 620 800 281 957 355 800 436 829
887 439 691 727 971 257 663 630 985
386 183 611 398 888 824 753 729 793
366 621 916 594 582 322 795 965 909
1000 935 1000 500 1000 859 1000 873 894
1 92 1 380 1 348 1 291 1
144 376 797 214 573 17 342 764 68
529 526 716 584 250 586 330 170 285
460 610 246 251 795 327 57 395 11
185 398 164 717 786 240 221 611 561
174 170 526 393 429 797 562 692 612
123 612 247 577 294 287 140 959 574
1 586 1 478 1 760 1 842 167
556 3 7
1000 487 518 900 852 565 905
997 618 484 859 627 419 850
707 803 408 441 715 320 308
1 75 414 261 380 237 706
517 237 365 294 393 2 313
674 130 289 338 159 256 25
852 9 9
1000 892 1000 1000 1000 843 725 39 595
793 1000 635 1000 157 514 760 795 522
828 1000 455 1000 1000 770 569 728 84
461 1000 825 1000 634 112 923 820 738
682 1000 199 1000 111 764 774 128 741
823 1000 1000 1000 196 84 667 588 47
397 1000 214 1000 891 151 736 477 716
482 1000 243 1000 86 244 389 350 689
658 1000 940 1000 377 558 743 616 717
1 104 842 1 1 435 691 15 593
764 1 616 1 153 306 756 772 501
811 1 427 1 964 334 388 687 80
413 1 803 1 629 83 346 797 714
653 1 161 1 98 737 48 126 714
777 1 1 1 164 58 368 157 29
395 1 168 1 848 139 721 165 24
476 1 241 1 62 203 343 345 605
652 1 902 1 356 531 736 586 524
454 10 10
577 341 653 990 920 566 617 978 959 969
790 893 945 270 969 983 646 278 991 758
989 839 845 407 467 431 753 818 788 837
759 913 496 357 718 356 695 896 913 933
522 962 679 981 879 959 379 781 984 489
867 535 773 954 834 821 957 912 971 999
698 885 323 880 688 570 271 207 820 426
827 750 957 881 728 844 984 955 691 779
889 397 830 916 911 232 649 950 306 824
817 999 764 987 625 989 668 867 393 890
291 34 644 885 905 343 213 69 738 854
2 274 607 151 922 889 93 91 625 410
766 441 47 288 248 73 281 170 485 759
577 885 365 109 302 187 256 429 819 572
450 940 456 969 781 51 77 730 574 134
411 335 60 842 80 802 828 259 208 928
657 42 264 878 312 145 69 160 496 36
766 522 930 580 710 464 188 802 193 681
689 13 303 236 877 208 460 938 149 184
728 990 190 719 470 460 575 619 347 599
75 7 3
1000 53 271
51 1000 772
916 338 639
895 932 402
807 671 436
245 563 569
63 466 398
1 2 166
1 1 344
502 181 122
720 482 53
349 36 78
151 214 41
4 207 185
705 8 9
1000 745 1000 1000 1000 760 22 778 967
657 1000 676 1000 742 843 900 231 922
258 1000 977 1000 768 794 519 290 949
905 1000 650 1000 921 925 346 77 262
77 1000 1000 1000 874 832 45 152 350
585 1000 188 1000 427 935 767 991 81
672 1000 982 1000 257 825 803 905 944
552 1000 254 1000 353 426 102 956 702
1 238 695 1 1 141 17 752 955
646 1 652 1 706 690 891 204 874
238 1 939 1 744 46 491 261 938
904 1 640 1 872 353 298 68 257
48 1 1 1 825 633 13 118 344
545 1 140 1 397 224 540 987 37
645 1 979 1 254 776 543 50 14
548 1 237 1 314 425 84 931 29
611 5 5
1000 393 960 441 206
178 1000 995 895 606
451 788 790 749 875
122 417 786 962 925
530 193 662 369 980
1 105 773 206 131
91 1 442 58 290
125 58 204 410 37
34 27 158 699 811
401 54 234 83 505
812 10 10
862 658 647 998 942 508 965 947 936 660
393 970 820 794 769 794 834 960 520 921
783 881 660 830 729 889 746 389 838 631
589 886 834 951 875 765 933 855 950 428
775 772 315 867 956 342 827 914 934 871
922 542 434 462 976 502 484 867 873 570
929 268 535 649 552 931 852 738 822 244
926 874 970 736 851 804 925 828 340 800
684 997 566 988 982 778 778 871 669 344
988 585 953 957 756 986 947 839 961 898
453 383 230 429 561 233 964 298 868 232
305 761 580 642 300 395 473 871 511 879
713 746 19 284 671 470 88 197 201 238
256 283 41 289 805 31 528 544 818 417
198 55 260 150 792 16 374 724 803 17
636 123 413 408 745 41 134 372 49 556
467 238 221 303 480 630 661 267 770 6
369 807 493 246 818 733 724 13 190 121
149 983 51 937 961 685 339 831 581 183
582 385 777 953 390 977 922 50 726 245
326 6 7
1000 994 628 740 565 744 894
841 917 494 823 910 548 920
939 997 912 571 981 993 909
395 609 802 774 441 784 513
358 611 852 633 791 976 731
214 171 851 298 800 735 551
1 454 408 649 516 711 857
199 565 16 384 763 68 678
731 300 371 138 838 436 451
282 210 482 279 389 454 228
346 582 548 359 112 277 35
182 124 19 6 241 290 476
740 10 6
879 1000 684 429 249 933
543 959 968 640 131 441
902 935 855 483 519 401
323 350 233 777 941 694
255 776 354 656 562 366
785 208 979 494 141 387
692 924 912 972 801 322
569 164 853 793 412 490
747 544 361 879 924 734
355 410 427 63 862 889
68 982 81 92 175 416
493 75 616 80 74 269
794 346 104 164 301 182
34 72 134 392 422 8
83 565 296 332 167 224
159 89 475 282 6 253
524 465 823 29 189 167
127 79 685 734 279 84
508 461 213 439 58 600
16 25 137 8 102 668
914 9 5
1000 861 722 458 693
653 1000 614 804 631
233 806 84 907 614
830 895 566 614 484
800 401 575 700 411
286 655 744 730 907
635 894 58 851 791
856 743 573 877 874
662 731 850 855 744
1 178 366 204 442
102 1 302 444 93
114 318 29 290 293
16 376 266 211 60
515 66 293 552 118
121 65 521 463 612
423 55 3 520 677
173 501 479 436 663
289 623 17 393 533
933 10 10
983 776 981 748 753 87 912 531 959 740
467 786 831 870 491 990 970 884 876 312
824 676 955 718 920 651 977 958 752 700
613 946 907 500 991 651 898 353 710 543
962 281 804 844 778 787 201 988 714 991
494 422 443 921 862 932 568 492 710 877
955 615 360 915 990 845 828 464 504 815
973 425 378 719 638 759 765 760 748 380
945 948 713 668 938 854 203 875 635 754
923 627 614 962 663 398 509 814 364 747
497 547 953 619 329 42 889 348 954 34
11 357 114 157 480 653 965 818 798 39
749 344 714 143 377 369 874 76 641 493
574 913 374 159 167 309 628 256 695 41
925 162 254 402 465 649 194 635 441 763
342 226 75 531 231 98 333 305 293 347
911 210 207 36 989 707 535 356 368 766
809 104 364 512 622 472 690 590 547 264
877 251 460 94 844 776 167 497 322 481
570 201 394 891 620 191 79 647 103 640
482 10 10
898 627 881 564 375 967 864 595 943 924
871 663 748 739 838 942 541 875 843 870
944 645 943 351 578 901 998 937 990 581
685 787 936 818 762 604 704 801 978 866
623 851 733 578 975 979 729 742 439 853
361 173 775 690 985 820 981 888 920 587
878 784 935 942 842 667 580 981 736 957
774 998 967 796 975 730 687 915 735 296
952 493 462 939 908 415 955 559 964 703
73 440 805 964 812 467 913 880 957 965
575 234 309 421 370 119 159 581 8 832
101 537 25 462 480 457 171 57 390 830
867 421 511 179 433 294 32 876 926 299
318 150 870 634 387 60 455 630 846 848
170 820 316 12 937 106 299 94 165 600
246 156 166 690 945 618 395 60 836 110
692 730 173 154 254 593 425 132 651 953
492 998 710 562 692 22 589 899 604 154
508 381 198 874 899 318 747 83 26 179
18 107 477 71 760 284 674 552 312 330
491 7 7
815 771 688 879 729 913 737
544 546 958 894 594 555 884
906 696 804 699 720 801 907
863 775 681 988 948 717 672
592 837 567 940 721 586 939
809 690 751 801 967 661 934
587 831 884 858 923 545 698
185 55 361 412 119 124 422
306 297 335 189 150 45 380
199 143 167 330 111 461 391
338 490 358 435 459 430 374
23 262 254 325 321 177 27
382 450 74 486 358 246 177
56 486 147 405 274 435 15
523 9 9
733 836 940 640 675 760 640 647 958
633 713 781 781 768 767 880 957 650
600 612 614 900 875 630 946 985 655
806 754 834 954 808 787 669 962 808
934 975 613 931 653 576 613 957 605
742 862 827 794 754 990 622 988 594
920 946 867 599 621 633 637 998 643
866 610 842 967 881 779 915 854 629
673 919 930 734 644 783 847 869 986
337 428 489 23 190 158 224 413 315
150 21 104 145 417 212 453 209 403
32 358 192 519 404 233 247 219 509
216 50 454 325 138 216 412 441 320
467 376 428 395 173 270 119 516 446
281 158 485 287 473 96 312 290 239
477 51 282 512 135 420 280 157 300
141 345 266 65 185 446 402 238 378
102 249 201 147 28 247 274 390 330
474 10 5
1000 940 478 317 596
841 806 570 888 118
590 838 891 945 603
339 858 875 987 968
634 828 660 307 802
713 558 888 646 846
557 586 728 590 901
197 798 780 517 745
639 866 813 932 750
338 476 724 809 670
1 625 311 285 581
106 569 127 847 71
231 668 317 749 597
87 214 502 455 223
41 721 190 58 719
36 376 445 209 290
307 273 528 287 283
161 321 693 89 368
601 746 193 535 619
302 450 444 450 388
6 10 10
935 894 923 90 765 914 453 784 782 529
606 884 920 924 709 808 470 664 931 317
876 824 896 973 753 686 987 924 913 931
686 918 239 823 237 341 991 772 618 892
908 907 552 719 34 641 412 409 837 810
799 846 973 786 820 697 599 286 574 497
538 969 1000 876 996 564 955 150 758 949
419 906 523 978 887 875 911 855 912 795
930 537 666 488 897 438 840 778 953 995
973 974 916 993 986 893 952 992 395 543
791 479 459 5 673 732 143 247 479 389
576 756 735 807 277 663 104 151 705 131
319 40 146 687 83 633 904 704 308 536
355 837 226 723 67 96 714 328 335 730
888 794 444 213 8 256 248 163 566 157
449 277 865 672 342 652 467 60 157 274
389 366 981 615 836 307 938 149 540 85
277 814 448 356 827 746 825 603 703 663
340 174 295 430 846 67 784 216 770 107
641 810 235 973 981 827 386 949 25 392
