50
100 3 3
500 500 500
500 500 120
500 140 500
10 10 10
10 10 10
10 10 10
100 3 3
500 100 500
100 100 500
500 500 500
10 10 10
10 10 10
10 10 10
343 9 6
1000 383 1000 1000 1000 752
321 1000 353 1000 141 543
536 1000 812 1000 236 585
676 1000 203 1000 644 617
998 1000 1000 1000 999 551
374 1000 283 1000 322 718
291 1000 980 1000 998 603
260 1000 645 1000 625 874
837 1000 83 1000 650 902
1 152 333 1 1 227
280 1 308 1 100 311
517 1 765 1 215 204
639 1 165 1 630 223
962 1 1 1 992 466
347 1 250 1 321 218
242 1 966 1 986 509
243 1 619 1 605 548
806 1 83 1 603 821
885 8 7
1000 925 1000 1000 1000 663 545
639 1000 452 1000 875 572 242
313 1000 905 1000 515 522 154
120 1000 806 1000 743 867 199
192 1000 816 1000 923 799 657
820 1000 1000 1000 999 870 817
976 1000 809 1000 142 869 806
404 1000 527 1000 121 308 204
1 420 875 1 1 516 535
621 1 411 1 869 313 232
284 1 896 1 506 230 134
103 1 788 1 710 189 192
170 1 802 1 876 734 609
778 1 1 1 969 63 804
960 1 769 1 107 124 783
363 1 486 1 93 112 51
312 8 7
499 1000 935 556 648 480 852
342 1000 511 494 869 812 520
876 663 461 559 792 790 660
827 993 563 730 216 976 447
518 608 425 863 719 956 893
504 927 977 813 386 473 738
539 967 703 545 529 934 644
636 691 363 383 811 885 909
222 954 28 305 176 172 78
283 1 358 278 80 249 26
125 207 406 385 161 109 223
14 100 105 97 103 35 257
280 253 263 101 104 294 248
283 298 201 196 93 183 118
265 115 88 69 274 334 282
120 17 118 258 271 683 648
194 7 1
488
194
194
194
194
194
194
132
74
74
74
74
74
74
245 10 10
992 996 955 339 563 579 942 850 109 858
648 781 898 762 858 968 997 857 824 868
395 825 975 978 281 822 841 585 948 817
927 441 983 347 295 534 956 970 991 903
786 746 826 758 944 667 376 363 905 930
902 913 702 815 490 723 685 815 122 944
978 661 596 953 336 822 909 676 817 722
623 168 877 731 763 306 846 842 807 955
703 645 607 531 952 242 875 724 744 387
714 157 894 645 693 808 431 989 437 557
938 165 835 5 220 253 65 627 31 641
366 725 644 265 147 931 467 824 125 677
347 590 694 952 177 141 47 142 931 541
817 275 243 191 222 222 525 737 299 829
633 16 538 338 619 132 348 70 620 820
883 574 693 745 350 93 562 556 46 604
932 100 318 653 159 536 785 475 770 172
470 101 525 204 519 235 306 198 206 911
556 406 258 169 750 146 680 642 326 126
352 86 749 631 601 671 42 848 376 250
230 10 10
448 935 995 549 835 933 937 66 578 599
793 650 189 737 607 979 881 773 941 780
885 721 309 351 796 886 997 670 612 792
945 976 682 430 810 247 818 833 497 715
552 776 853 496 878 952 607 809 945 659
991 980 841 850 741 62 688 707 430 914
642 967 648 488 644 438 320 686 965 478
764 877 990 992 681 151 709 820 482 690
834 943 807 274 994 935 912 815 911 508
891 840 931 986 943 971 976 855 314 982
352 738 770 60 316 592 511 44 67 260
41 623 106 600 369 720 537 402 713 658
735 362 217 309 726 749 724 554 244 391
121 932 567 74 498 11 332 706 128 183
443 480 716 190 156 860 43 801 828 240
957 524 293 354 220 10 652 651 407 905
124 948 258 127 354 115 320 569 923 155
476 511 920 783 60 101 55 578 286 200
541 892 656 210 919 152 879 625 120 476
44 762 253 959 930 501 824 683 203 119
528 4 3
1000 957 906
815 977 736
950 982 894
904 946 884
1 230 723
242 640 396
399 490 796
158 39 380
261 10 8
1000 433 1000 934 1000 727 449 998
494 801 865 17 894 524 114 712
559 279 838 484 784 983 928 638
396 23 638 432 814 997 446 225
616 405 444 101 661 665 422 396
813 857 668 534 867 100 894 860
767 852 799 808 988 859 481 458
857 931 389 92 817 812 219 648
83 995 662 74 821 156 795 157
1000 520 1000 18 1000 984 1000 859
1 424 1 818 1 712 435 998
271 764 614 16 575 498 67 690
118 232 191 481 71 972 910 622
267 5 329 423 575 989 417 208
333 365 36 97 213 664 388 369
78 847 204 523 212 94 892 824
706 830 293 780 767 830 432 457
31 915 229 78 720 771 176 630
31 994 98 49 147 107 780 154
1 131 1 11 1 776 1 242
323 10 7
1000 363 1000 1000 1000 886 232
906 1000 421 1000 696 835 665
1000 1000 115 1000 728 804 618
855 1000 416 1000 165 777 925
939 1000 1000 1000 829 529 877
693 1000 727 1000 728 930 989
361 1000 988 1000 731 487 928
117 1000 46 1000 681 220 379
905 1000 717 1000 200 682 833
843 1000 852 1000 651 992 280
1 137 313 1 1 259 211
886 1 389 1 670 413 640
1000 1 68 1 711 497 613
832 1 396 1 153 519 107
909 1 1 1 818 502 289
652 1 717 1 681 895 769
360 1 982 1 725 446 303
69 1 40 1 670 219 252
887 1 672 1 200 657 154
817 1 827 1 635 973 122
584 1 7
724 713 879 677 909 831 750
276 317 11 457 141 306 225
219 9 3
1000 991 997
715 931 834
804 712 761
912 864 600
917 919 712
946 972 417
970 711 874
766 442 802
188 883 811
1 220 980
511 566 77
373 631 168
640 363 31
590 852 63
426 427 129
18 138 323
694 253 262
182 311 704
874 6 7
1000 914 1000 1000 1000 956 449
137 1000 528 1000 942 834 233
176 1000 480 1000 431 624 485
280 1000 400 1000 236 464 718
984 1000 1000 1000 36 294 993
640 1000 980 1000 244 157 819
1 27 864 1 1 700 432
89 1 480 1 921 494 213
162 1 458 1 397 253 483
266 1 365 1 234 44 676
946 1 1 1 33 43 55
618 1 939 1 227 147 436
485 5 5
1000 451 600 200 518
420 1000 831 842 758
788 635 549 924 967
269 859 974 485 830
435 508 788 939 869
1 220 504 148 368
226 1 76 659 112
424 307 456 113 700
59 195 166 262 253
224 197 558 265 674
438 7 10
1000 615 1000 998 1000 809 1000 526 1000 193
892 880 940 805 972 32 889 782 646 444
887 751 687 567 649 212 912 603 573 762
674 37 912 936 935 673 964 783 910 274
999 782 997 568 649 495 845 300 722 737
570 245 954 804 827 492 976 75 314 494
1000 547 1000 884 1000 960 1000 551 256 788
1 605 1 450 1 785 1 312 1 181
781 860 313 776 164 17 116 776 212 416
553 704 591 538 446 194 805 589 98 744
217 34 406 912 429 653 440 768 475 245
447 750 709 547 442 490 779 262 581 184
160 211 106 800 366 484 99 41 276 349
1 355 1 876 1 63 1 516 240 375
785 7 7
1000 654 943 857 441 884 489
940 803 951 784 809 305 588
591 631 924 881 821 613 609
125 673 949 905 544 464 608
300 823 848 748 531 686 979
555 641 293 665 588 450 998
530 927 449 962 554 979 814
1 18 690 23 410 855 466
369 332 403 175 288 305 541
241 143 844 658 148 570 584
125 541 349 688 386 387 578
283 312 173 350 129 7 557
541 370 132 580 313 295 543
488 908 215 40 104 312 537
13 6 6
749 190 192 888 232 414
430 757 172 565 659 865
539 403 475 759 879 352
906 590 492 430 184 230
294 938 151 264 431 71
238 637 469 693 165 265
7 6 5 7 12 11
13 9 6 4 1 10
9 11 13 5 10 3
12 6 7 8 5 6
10 1 7 4 11 9
7 6 11 10 6 11
537 7 8
1000 577 1000 1000 1000 999 61 504
821 1000 460 1000 340 988 780 412
65 1000 889 1000 813 998 958 995
688 1000 43 1000 341 562 684 905
791 1000 217 1000 627 159 500 918
932 1000 1000 1000 702 826 487 549
52 1000 803 1000 302 674 184 817
1 140 527 1 1 578 13 493
775 1 420 1 325 931 747 405
23 1 888 1 803 257 909 977
649 1 32 1 330 343 362 885
775 1 170 1 610 139 29 283
906 1 1 1 679 799 454 318
50 1 802 1 272 634 147 116
375 9 5
1000 736 1000 634 1000
823 591 644 640 735
883 991 873 7 936
910 457 871 763 812
821 48 814 412 760
670 298 874 576 852
653 221 637 167 464
118 446 808 733 923
1000 818 1000 752 933
1 691 1 313 1
76 549 380 594 75
655 974 571 3 91
189 437 467 746 669
370 44 741 376 525
563 249 309 564 27
48 190 516 164 283
47 423 176 702 388
1 445 1 706 308
662 3 9
1000 235 465 200 697 747 924 585 443
627 1000 931 555 653 449 291 894 881
286 984 881 752 505 966 730 456 859
1 126 192 126 203 182 101 354 292
195 1 87 349 386 40 114 88 42
160 645 608 351 7 262 222 169 352
1 10 10
705 937 593 749 729 620 365 817 820 449
651 695 886 975 902 993 866 673 991 455
655 799 859 988 911 181 863 975 952 995
934 493 793 979 919 608 580 887 760 482
411 948 776 969 907 494 1000 670 915 959
658 874 879 797 940 622 914 783 453 845
512 188 515 994 721 594 996 918 889 185
324 594 857 508 854 927 939 806 995 835
579 949 299 418 885 579 935 827 834 868
243 993 921 142 992 576 698 889 905 487
399 745 174 587 456 510 274 727 295 282
163 423 273 928 191 934 600 103 984 313
625 620 260 984 867 57 736 962 900 768
853 80 719 929 872 209 415 745 409 244
344 887 140 684 764 55 964 97 316 816
618 386 822 566 304 208 813 688 294 843
92 28 383 805 137 589 996 854 808 102
284 328 403 327 477 615 736 695 934 201
470 904 115 338 232 345 717 591 704 550
162 875 141 82 771 509 423 409 409 322
62 7 10
1000 561 1000 603 1000 295 1000 962 1000 276
943 107 867 384 830 761 744 241 772 552
786 302 830 474 679 565 495 46 364 329
767 387 916 992 836 275 619 159 693 775
629 200 912 225 624 48 701 192 254 999
877 734 926 288 663 626 679 181 861 977
1000 975 1000 688 1000 820 1000 237 660 645
1 535 1 266 1 247 1 323 1 264
213 106 695 349 606 747 70 241 309 504
574 299 239 434 14 555 434 12 183 320
537 375 775 965 26 237 174 142 90 761
565 175 230 210 555 25 32 188 136 990
514 690 103 264 155 591 403 161 22 193
1 132 1 661 1 769 1 192 654 426
651 2 9
1000 960 908 997 863 998 812 994 973
981 950 932 920 537 924 987 984 781
1 677 827 404 429 343 417 81 706
369 882 45 865 192 804 740 689 696
137 8 6
273 1000 841 296 520 502
167 1000 752 396 668 800
514 649 502 265 713 428
260 892 886 417 487 931
683 826 830 901 353 931
512 826 977 849 847 585
979 635 228 843 709 774
643 369 341 477 878 893
95 972 29 54 3 91
107 1 80 27 9 75
96 331 107 79 28 38
37 587 121 71 22 15
110 382 425 69 96 83
63 122 164 147 337 42
59 25 13 9 371 441
52 31 39 41 103 629
218 6 2
1000 1000
914 380
260 828
598 879
539 962
801 842
1 59
153 174
146 398
74 481
170 106
384 782
670 8 9
1000 710 1000 1000 1000 492 573 226 977
432 1000 119 1000 723 288 547 229 605
902 1000 607 1000 773 438 840 128 323
990 1000 176 1000 634 654 728 155 907
358 1000 1000 1000 912 168 841 315 122
759 1000 543 1000 860 356 680 402 524
499 1000 603 1000 587 313 815 853 496
209 1000 452 1000 682 871 357 120 750
1 275 660 1 1 391 23 209 934
418 1 94 1 704 277 424 185 560
869 1 597 1 765 389 461 114 314
942 1 170 1 590 606 3 134 876
333 1 1 1 900 154 429 313 91
711 1 495 1 825 307 191 313 10
462 1 603 1 546 278 775 836 225
166 1 429 1 664 867 328 94 51
129 10 10
332 750 734 716 397 304 451 994 603 692
899 890 585 927 965 678 784 471 732 820
681 950 710 519 727 550 756 993 878 797
640 863 315 911 563 904 672 976 795 654
999 104 906 967 646 698 996 981 491 974
854 557 757 955 370 657 999 679 492 379
840 938 803 849 710 944 983 834 988 861
843 881 895 904 976 835 691 856 807 745
849 535 582 575 305 998 648 604 780 788
674 904 779 813 986 812 999 768 867 895
251 28 245 576 334 265 301 383 574 221
468 841 493 367 362 673 140 311 63 205
213 779 420 377 416 16 576 956 248 13
356 734 272 262 344 434 183 755 725 650
919 78 872 913 467 41 961 285 264 918
804 478 267 643 135 311 956 251 297 1
792 816 298 337 542 518 514 386 915 621
319 806 423 804 924 449 221 171 716 148
465 306 331 403 71 997 415 359 471 26
326 904 89 499 933 414 998 521 540 419
819 7 9
1000 859 1000 1000 1000 837 708 495 803
129 1000 602 1000 877 272 804 674 947
965 1000 650 1000 318 317 532 488 210
219 1000 121 1000 279 459 568 731 987
258 1000 422 1000 322 688 755 378 795
990 1000 1000 1000 105 696 495 740 699
919 1000 513 1000 520 851 751 544 956
1 480 809 1 1 635 371 487 761
102 1 585 1 833 232 624 134 920
958 1 631 1 270 287 493 422 167
184 1 82 1 244 447 563 87 604
226 1 381 1 284 639 732 337 115
983 1 1 1 69 656 463 723 394
912 1 496 1 491 821 749 530 393
486 3 9
1000 534 896 904 956 964 838 731 879
991 983 733 856 883 344 492 945 717
997 907 901 687 558 603 657 603 774
1 51 34 738 531 756 493 171 613
326 246 654 164 179 172 104 423 508
753 263 553 282 391 497 229 267 291
113 10 10
584 819 525 954 954 668 246 915 744 883
655 918 926 920 110 960 996 892 822 866
991 926 782 971 954 993 445 827 960 927
817 834 494 905 243 697 558 855 559 960
904 703 888 927 682 1000 995 672 797 730
980 865 627 965 560 852 970 823 488 185
690 78 824 924 971 571 607 890 782 774
968 401 978 858 641 970 732 559 920 519
603 989 986 590 889 522 291 531 825 533
948 915 777 458 826 411 791 272 417 816
220 649 179 465 571 449 216 730 726 729
491 430 670 784 37 868 991 796 696 603
541 877 513 942 828 976 181 426 651 744
634 792 478 771 198 142 479 217 327 932
269 652 413 305 135 999 972 643 729 678
841 702 189 246 429 725 850 672 151 176
299 30 316 814 476 363 270 650 646 679
957 386 628 21 346 415 44 454 820 433
492 939 835 575 602 258 8 446 51 117
932 744 679 41 401 104 284 7 261 158
63 6 9
1000 660 1000 966 1000 174 1000 532 1000
998 550 986 560 798 601 709 280 886
599 664 994 72 806 371 857 751 462
778 551 967 362 646 358 886 516 463
950 816 690 457 904 985 846 79 571
1000 425 1000 217 1000 684 1000 442 895
1 659 1 650 1 135 1 26 1
322 504 550 552 379 592 26 252 228
438 631 641 24 287 326 410 739 140
203 517 548 346 264 347 767 479 118
589 795 185 419 218 954 366 47 294
1 9 1 190 1 117 1 434 244
235 10 7
313 284 376 299 381 928 1000
505 572 873 853 901 735 850
1000 268 253 887 629 911 1000
497 39 270 204 244 849 662
1000 923 886 365 190 96 442
485 717 431 568 672 97 305
669 186 414 211 601 998 151
178 925 527 281 650 988 419
896 261 343 649 900 896 757
570 550 754 368 720 985 701
68 177 208 134 187 148 1
281 561 865 821 872 723 155
1 61 100 135 466 413 1
166 37 222 167 208 821 618
1 604 32 291 187 58 433
475 674 422 148 658 81 303
648 147 394 64 37 231 104
143 907 498 262 641 547 376
867 246 302 605 865 801 734
534 523 724 348 712 575 130
376 10 10
976 839 478 823 841 859 972 994 796 935
996 902 688 922 982 525 384 998 997 963
960 908 987 997 797 160 678 836 890 964
403 641 848 956 927 972 950 916 805 967
367 743 807 730 746 603 676 973 849 884
995 945 952 624 835 619 581 902 934 640
748 516 521 858 457 815 646 722 908 987
954 489 480 783 470 979 623 715 717 806
600 341 432 641 609 590 432 936 659 821
808 935 224 220 930 889 855 789 827 820
446 368 130 740 656 453 882 430 638 442
869 868 193 906 748 479 59 991 996 795
378 642 391 313 368 23 548 345 745 881
295 317 662 138 741 906 285 727 448 41
145 10 304 488 425 532 279 955 571 538
885 779 580 540 248 546 75 787 910 50
586 115 205 594 267 437 70 375 72 883
846 414 336 488 122 109 169 277 643 216
445 115 218 576 403 311 239 525 335 348
518 455 205 140 138 812 710 654 767 215
843 10 8
1000 883 1000 1000 1000 450 652 761
998 1000 345 1000 787 508 501 358
969 1000 628 1000 411 632 562 746
966 1000 251 1000 818 678 667 620
570 1000 1000 1000 40 781 690 212
703 1000 144 1000 178 532 931 299
157 1000 954 1000 580 86 496 957
364 1000 804 1000 879 814 868 451
995 1000 457 1000 205 518 588 728
882 1000 736 1000 895 806 502 788
1 235 833 1 1 220 631 757
981 1 306 1 760 279 464 318
961 1 605 1 410 150 337 744
922 1 236 1 795 671 354 598
548 1 1 1 12 748 243 188
690 1 129 1 139 532 399 275
156 1 913 1 572 62 251 238
364 1 767 1 878 808 835 304
988 1 453 1 166 498 541 387
849 1 722 1 866 757 464 561
776 9 6
1000 816 1000 1000 1000 942
625 1000 119 1000 364 946
833 1000 848 1000 580 973
953 1000 39 1000 920 940
397 1000 952 1000 289 972
941 1000 1000 1000 799 994
680 1000 251 1000 428 983
526 1000 415 1000 758 975
422 1000 814 1000 764 960
1 88 766 1 1 869
601 1 113 1 349 290
829 1 799 1 568 708
929 1 34 1 880 817
397 1 916 1 241 589
901 1 1 1 780 232
675 1 246 1 408 761
509 1 366 1 742 664
373 1 769 1 751 617
681 7 9
1000 721 1000 1000 1000 915 796 607 192
403 1000 905 1000 864 23 552 560 880
377 1000 695 1000 752 969 551 95 50
483 1000 160 1000 923 846 666 545 876
632 1000 1000 1000 856 507 962 945 641
907 1000 691 1000 852 984 629 992 838
20 1000 680 1000 109 978 138 462 578
1 422 671 1 1 666 351 603 150
366 1 856 1 845 6 141 511 869
370 1 658 1 745 926 247 83 12
465 1 140 1 885 842 492 513 857
622 1 1 1 811 484 587 828 609
871 1 675 1 828 960 597 406 527
7 1 659 1 72 947 120 418 170
949 10 10
999 521 699 899 948 425 726 977 898 683
937 704 655 903 684 787 286 560 784 969
853 857 895 941 969 832 921 779 323 946
578 933 906 642 463 555 1000 742 287 707
889 829 458 843 682 945 579 487 156 802
705 938 864 925 327 511 796 928 960 827
185 787 876 700 978 648 676 580 905 943
878 835 986 613 798 945 967 944 610 704
631 697 421 299 250 905 903 253 640 832
986 422 993 831 834 535 325 917 983 863
277 36 507 613 902 131 638 686 517 606
431 194 134 782 542 73 22 337 510 878
769 716 693 235 844 761 746 686 302 944
135 6 827 210 359 33 976 318 234 136
792 821 201 767 677 343 429 318 101 294
671 904 744 796 149 418 530 828 788 288
7 626 448 41 350 44 430 370 821 855
799 260 894 410 384 545 841 118 538 436
606 135 29 264 21 818 434 147 284 182
957 345 974 582 496 503 149 839 493 516
72 10 4
1000 66 144 181
57 1000 220 749
951 645 856 121
904 393 915 220
994 607 803 756
973 244 717 379
472 995 1000 123
394 401 771 463
894 83 999 486
717 549 387 630
1 7 7 88
3 1 54 446
118 78 239 60
809 340 542 156
264 292 286 96
243 26 397 317
77 131 663 24
290 201 710 167
116 14 317 68
15 32 161 55
612 10 5
1000 968 961 581 401
910 932 620 928 792
574 967 790 902 152
664 280 653 900 220
952 680 713 873 538
109 766 726 559 852
229 864 982 955 991
179 878 692 611 842
528 999 637 842 731
296 677 778 965 643
1 917 755 547 385
474 123 203 658 770
26 449 96 544 152
206 24 261 681 208
886 423 268 50 511
71 154 587 428 844
182 674 400 826 344
178 569 151 94 630
499 464 413 488 209
262 637 462 439 479
2 10 10
589 181 882 324 904 652 671 826 994 741
746 922 922 979 913 673 937 585 753 606
757 769 656 522 996 901 800 398 939 659
975 182 778 772 972 376 692 615 710 841
263 193 674 839 861 354 763 658 582 996
543 259 748 929 880 352 452 916 415 954
974 743 785 980 843 353 712 478 791 546
938 780 897 948 990 972 786 948 297 589
980 881 942 764 581 997 529 833 153 881
956 979 985 763 540 570 964 857 776 799
354 43 716 62 208 489 256 761 950 361
353 763 886 837 603 518 246 172 521 388
145 146 128 194 843 686 673 193 44 541
966 135 673 279 891 273 140 389 446 736
211 56 572 143 103 298 742 510 462 959
297 39 737 899 399 210 110 843 181 649
967 164 769 826 58 126 200 142 751 340
378 461 447 521 938 493 614 678 32 484
980 794 387 206 328 989 411 264 104 837
936 648 688 27 511 511 925 304 497 151
880 2 5
1000 380 447 776 133
234 1000 551 936 463
1 102 54 430 53
141 1 462 236 39
642 8 7
1000 682 1000 1000 1000 996 758
923 1000 272 1000 493 989 944
678 1000 998 1000 793 968 656
772 1000 426 1000 237 86 772
648 1000 1000 1000 865 775 615
326 1000 121 1000 188 500 980
405 1000 637 1000 982 371 956
145 1000 167 1000 84 139 995
1 147 632 1 1 869 742
874 1 266 1 467 262 907
676 1 992 1 786 408 285
743 1 381 1 204 67 485
633 1 1 1 834 755 406
297 1 112 1 155 490 383
380 1 592 1 964 323 900
119 1 158 1 71 113 257
184 10 10
875 951 566 152 894 642 671 831 815 890
891 845 949 880 470 975 936 973 490 241
842 551 465 995 426 804 463 776 888 990
366 279 350 899 889 993 760 514 983 910
926 875 668 905 750 248 491 747 784 842
781 53 276 710 771 715 763 992 673 847
980 538 991 181 783 741 979 997 781 595
920 853 714 673 971 957 996 938 889 210
403 612 856 340 917 838 928 932 922 261
649 666 916 767 631 998 295 214 625 376
466 910 391 62 881 31 368 707 656 305
662 651 835 851 334 949 827 965 477 120
136 551 17 983 103 626 296 550 802 712
187 38 222 121 680 56 742 13 567 782
634 65 616 211 522 26 487 448 665 759
512 6 123 84 716 710 606 983 406 235
924 526 975 25 38 613 746 360 708 261
920 476 604 573 907 290 801 751 842 30
347 545 701 311 680 535 892 846 465 208
559 612 716 720 322 346 112 111 48 110
356 10 8
1000 396 1000 1000 1000 909 805 122
701 1000 470 1000 685 497 482 886
666 1000 751 1000 442 290 873 877
810 1000 175 1000 980 175 739 743
966 1000 575 1000 77 329 816 936
271 1000 1000 1000 748 647 637 299
339 1000 997 1000 501 49 454 740
907 1000 31 1000 800 573 680 981
723 1000 918 1000 439 935 471 589
629 1000 873 1000 187 228 141 541
1 166 346 1 1 644 27 104
701 1 441 1 650 491 303 864
624 1 745 1 416 264 274 845
770 1 171 1 942 130 185 720
936 1 539 1 63 283 336 931
270 1 1 1 705 645 280 277
297 1 979 1 476 39 118 367
873 1 2 1 775 561 642 271
681 1 901 1 393 887 468 465
589 1 870 1 179 207 99 53
266 5 9
455 643 409 921 618 964 957 785 411
400 748 621 570 829 938 399 954 956
409 693 944 606 903 780 437 569 631
775 461 745 330 731 811 844 820 444
705 491 381 861 647 628 389 675 518
261 158 197 168 16 216 93 245 100
243 139 116 170 210 111 246 200 225
236 249 27 241 11 186 180 13 54
184 15 264 25 72 222 196 210 17
164 142 263 126 11 69 108 129 220
571 9 10
1000 922 943 954 801 867 778 571 556 1000
459 552 686 446 651 44 758 794 156 992
1000 989 667 610 935 741 939 390 436 1000
578 627 36 434 886 723 998 145 464 582
1000 539 489 280 127 761 335 466 709 219
178 652 475 826 621 751 860 796 47 61
111 146 464 791 867 373 241 358 426 859
288 834 385 442 374 305 389 489 830 521
814 987 522 992 553 301 750 940 926 854
1 453 685 487 332 423 144 488 107 1
410 505 646 398 637 22 711 773 114 635
1 344 64 492 432 648 293 300 102 1
41 597 18 402 864 702 983 129 416 573
1 21 148 113 127 717 323 425 682 175
153 618 429 129 597 705 839 750 44 40
104 118 421 455 129 350 223 358 417 846
286 810 374 423 38 150 27 260 347 499
767 948 518 992 516 300 740 926 420 715
942 9 9
1000 982 1000 1000 1000 587 600 39 212
629 1000 534 1000 97 857 922 868 516
207 1000 248 1000 305 965 983 818 646
838 1000 341 1000 839 266 734 937 607
116 1000 1000 1000 827 381 941 674 409
70 1000 733 1000 226 305 965 457 448
582 1000 713 1000 327 208 994 796 491
767 1000 517 1000 560 356 420 610 953
649 1000 611 1000 549 365 857 689 897
1 36 932 1 1 477 552 9 172
629 1 494 1 94 194 897 863 495
159 1 203 1 294 672 323 816 635
795 1 299 1 820 252 627 913 590
71 1 1 1 779 367 164 658 402
61 1 729 1 218 298 865 455 436
565 1 668 1 309 197 467 331 490
734 1 494 1 544 326 379 455 936
603 1 567 1 504 323 849 176 173
84 9 4
868 1000 213 709
462 903 250 583
757 761 220 882
224 873 809 550
790 931 629 258
787 633 581 94
879 571 861 134
612 753 899 319
242 705 849 961
150 995 138 416
412 125 12 168
499 333 139 495
121 581 462 81
566 510 265 172
580 502 496 14
726 139 69 5
78 131 785 113
47 487 698 534
699 6 7
997 1000 677 604 873 629 1000
769 717 201 631 60 543 890
1000 911 876 702 788 881 1000
974 424 811 183 373 109 426
1000 924 716 887 943 849 862
539 603 814 636 468 844 921
931 1 316 233 117 336 1
636 691 177 608 19 519 333
1 759 271 567 50 296 1
382 408 764 143 324 66 393
1 131 658 51 725 780 779
518 577 781 593 434 836 368
