10
20 1 2 3 4 5 6 7 8 9 10 11 12 13 14 15 16 17 18 19 20
20 120 266 858 1243 1657 1771 2328 2490 2665 2894 3117 4210 4454 4943 5690 6170 7048 7125 9512 9600
20 45435 80764 84860 38953 45619 5696 36018 74513 95734 46392 37828 49477 41263 53956 4327 87808 73030 61211 86968 47768
20 21714 49660 60902 59750 89082 27828 68279 73689 95458 76210 64096 19320 22512 48857 54466 26818 51279 82919 49344 75015
20 95154 24610 30930 2984 80800 54598 18789 76084 5927 32247 26199 77826 93802 78967 67709 88863 85479 52261 31855 55918
20 2706 4982 3636 904 4068 2960 3024 2212 2962 14 2400 2834 1450 2158 1430 43384 3882 1054 41679 708
20 359 3096 1494 4742 3075 607 3551 3638 48959 4531 3666 1748 370 3279 3029 3517 2367 2006 1011 2873
20 60644 91937 65622 74294 70506 82016 78391 79507 66519 64926 95474 75126 16616 17141 87959 31594 76466 32976 77646 88432
20 88647 14951 56254 93137 58745 74398 12266 10217 25783 62558 95924 40195 92897 100 24653 48815 91958 69434 73781 56336
20 41620 4228 516 2140 2650 42 1892 1688 296 3192 1406 36771 3602 650 2964 2278 2438 3808 3212 4618
