20
977365070 59489
8 5 9 999966210
497151700 96511
9 7 6 999919625
164 96
76 2 193 164
714311129 39521
9 5 9 999998192
73 26
5 8 4 54214
110 53
7 7 1 64417
78 51
3 5 5 51230
693840425 90561
2 6 7 999957328
640834505 28785
3 9 1 999946125
66 39
35 2 589 66
1000000000 100000
99999 1 99999 100000
254 99
1 8 9 74990
220 88
1 8 3 58265
131 74
1 9 10 78736
22 21
1 4 869 22
46 18
7 11 9 46
1000000000 1
12 7 74 12
97 39
34 37 656 97
1000000000 100000
100000 1 0 1000000000
1000000000 100000
999999999 1 999999999 1000000000
