100
10
10 10 24 72
71 17 96 34
21 50 39 87
16 27 30 98
43 11 56 56
23 40 61 80
19 49 30 71
70 21 96 25
69 83 92 91
4 69 33 92
10
59 69 94 91
7 1 16 96
14 43 46 87
48 56 71 66
1 43 37 63
26 62 58 63
28 42 57 90
24 13 48 65
51 49 62 56
82 3 82 98
10
45 60 63 70
55 1 58 96
73 2 73 97
69 16 97 41
17 38 56 39
61 13 95 38
25 64 57 83
85 30 99 85
54 52 74 67
26 83 45 92
10
24 31 46 95
42 62 46 86
14 2 34 61
49 50 63 90
12 38 33 81
44 14 63 37
78 37 99 65
21 67 55 83
49 24 69 80
54 3 60 98
10
51 28 77 81
30 83 51 83
23 33 60 71
58 70 93 80
25 44 59 78
33 8 56 46
9 1 39 38
69 52 99 98
51 56 74 77
68 26 91 73
10
3 1 16 85
56 43 62 54
80 55 95 95
21 3 46 57
66 67 96 78
76 52 97 65
9 25 36 52
41 12 71 12
27 3 29 98
42 17 53 94
10
82 39 98 76
6 5 13 76
52 20 88 57
35 7 68 13
82 76 90 86
44 38 78 61
60 44 90 82
87 4 88 99
39 49 75 76
54 2 57 97
10
57 4 65 99
70 27 79 43
56 2 72 89
52 14 66 98
30 69 60 95
39 54 73 87
2 22 35 63
34 95 55 96
50 62 86 65
50 31 75 74
10
58 2 80 68
14 33 53 51
41 51 44 70
49 6 86 21
2 4 20 82
37 53 46 57
52 1 58 96
65 84 86 85
53 67 64 74
6 10 13 88
10
9 4 22 99
5 2 14 97
49 60 54 64
45 10 66 73
63 59 65 63
33 22 61 52
80 14 88 72
40 13 69 29
7 63 34 81
67 37 91 94
10
54 53 90 68
37 36 72 73
50 63 73 86
82 6 91 79
50 55 89 74
32 15 48 53
14 2 18 94
59 31 84 80
6 52 17 98
56 34 65 65
10
45 8 55 91
18 80 57 83
23 45 38 73
78 3 91 78
36 1 44 96
71 82 95 86
9 30 30 72
32 54 64 75
53 70 82 90
25 22 60 35
10
44 35 67 85
94 30 98 38
72 23 89 95
83 1 92 96
57 66 95 84
43 61 74 61
19 1 28 93
6 2 15 97
6 5 11 94
20 25 58 31
10
51 41 88 69
22 36 60 75
61 55 82 82
64 4 64 99
62 20 69 91
26 28 51 43
53 15 57 55
37 19 52 66
11 43 41 47
3 10 33 39
10
82 63 99 98
90 2 94 97
10 51 37 66
60 27 71 50
30 68 67 94
38 19 76 57
66 79 99 86
29 1 32 96
94 1 99 96
19 64 48 94
10
15 48 45 78
8 81 46 93
14 5 40 31
19 22 43 84
60 8 88 16
41 8 56 64
42 12 70 63
74 26 92 91
28 1 33 96
54 64 92 65
10
71 55 83 66
30 12 68 48
15 12 33 52
19 9 34 44
7 90 33 92
23 4 27 99
61 49 86 80
74 3 81 97
45 84 83 91
66 21 70 94
3
2 3 2 4
5 1 5 1
2 2 4 2
10
85 62 91 71
29 34 55 40
38 39 63 43
17 9 30 82
66 2 68 97
43 52 73 84
56 37 87 77
5 11 37 18
44 8 80 34
74 51 80 70
10
24 68 51 79
93 10 94 55
64 1 64 96
30 8 60 29
82 4 98 81
69 32 90 88
3 47 40 59
49 74 82 93
29 15 35 52
43 3 48 98
10
60 5 65 35
57 53 96 67
13 7 17 10
70 7 88 56
73 1 74 96
71 82 98 86
66 13 89 35
92 3 98 98
58 31 92 40
35 26 68 28
10
73 56 73 56
24 37 24 37
62 19 62 19
73 69 73 69
24 52 24 52
22 44 22 44
8 40 8 40
75 53 75 53
54 61 54 61
3 12 3 12
1
1 100 100 100
10
41 2 77 5
41 28 56 68
21 16 48 60
12 42 49 72
92 1 94 96
46 3 50 98
51 65 66 90
17 1 20 96
59 14 71 22
54 94 93 95
10
43 8 58 67
21 21 51 49
15 4 47 12
59 56 91 61
63 2 65 97
45 5 61 40
52 4 62 99
32 78 60 78
18 47 36 58
1 46 25 58
10
8 3 8 8
3 3 8 3
3 13 8 13
3 18 8 18
18 3 18 8
3 8 8 8
3 23 8 23
23 3 23 8
3 3 3 8
13 3 13 8
10
35 38 55 44
10 24 41 66
46 21 75 55
10 2 10 97
75 4 78 99
69 50 73 82
9 33 38 73
1 9 16 34
24 13 40 89
23 40 54 84
10
47 8 86 15
6 51 40 86
54 63 82 84
70 22 99 38
3 3 15 98
8 58 37 64
10 1 18 96
52 1 53 96
27 48 31 68
29 36 44 39
10
18 28 51 51
79 28 93 92
39 53 71 78
44 39 70 79
1 39 34 68
42 52 69 93
39 40 48 43
21 71 35 79
13 6 42 41
75 3 84 98
10
14 46 23 70
49 79 83 93
74 39 94 99
4 13 24 30
22 30 38 83
13 5 36 22
62 68 84 91
91 3 92 98
27 40 41 53
63 3 74 98
10
56 3 66 98
22 2 25 76
35 60 61 70
42 67 73 86
8 53 29 98
34 25 55 53
82 2 98 33
30 8 49 73
9 25 30 54
18 3 18 98
10
1 24 29 72
28 22 58 26
3 52 16 88
15 22 49 51
45 10 64 44
76 16 95 72
33 25 53 48
70 27 99 38
48 79 82 95
72 1 82 96
10
62 70 94 73
49 31 87 64
42 45 67 94
37 41 53 47
55 2 57 97
78 1 79 96
14 56 29 99
44 29 52 81
33 3 42 98
26 3 35 98
10
30 28 68 34
28 10 43 99
76 1 98 68
62 13 80 96
14 17 38 63
56 50 79 92
79 2 80 97
81 6 86 12
83 3 93 68
15 43 27 55
10
28 87 63 92
44 66 77 94
8 4 20 99
22 21 58 47
14 31 20 91
28 34 63 64
42 20 75 46
1 38 29 86
66 2 66 97
69 11 75 93
10
52 3 61 98
12 4 12 99
78 4 84 99
32 6 63 38
6 2 44 33
41 45 58 71
2 2 8 97
46 62 55 82
28 31 65 62
77 1 83 96
10
89 4 89 99
91 17 96 94
68 4 68 99
9 2 9 97
31 74 45 77
35 2 37 97
8 26 39 53
11 37 25 43
50 44 86 73
38 31 68 60
10
37 11 50 15
52 4 81 31
59 64 98 66
61 41 89 81
13 46 31 69
53 59 75 93
24 56 49 80
3 7 18 13
73 3 75 98
17 2 25 97
10
2 41 28 92
35 13 70 48
63 13 92 15
51 34 60 88
57 23 71 79
15 24 44 67
67 48 85 96
25 25 43 54
65 32 67 99
19 22 30 80
10
94 1 96 96
68 16 95 38
77 7 88 97
52 4 59 99
57 5 92 28
28 28 63 52
71 4 75 99
74 4 83 99
35 4 39 99
13 37 51 52
10
4 26 25 77
3 47 29 80
32 44 47 92
16 4 20 99
38 5 50 96
6 7 30 56
29 40 54 45
24 5 36 98
68 28 94 56
68 51 85 85
10
65 69 90 87
24 5 41 89
28 2 31 97
1 8 34 42
10 3 13 98
20 4 24 92
61 65 99 78
12 2 22 84
3 65 26 88
31 40 66 77
10
54 53 86 96
18 2 30 97
7 58 27 94
44 69 75 86
44 89 65 91
30 16 57 43
41 43 65 57
8 24 36 71
60 2 87 51
65 40 71 93
10
40 50 79 82
91 24 98 56
11 4 21 99
14 41 21 68
16 70 35 72
46 61 76 79
24 6 45 19
30 33 47 99
33 8 48 62
74 2 76 97
10
31 12 51 34
24 38 60 40
48 21 63 52
45 75 74 93
74 45 95 88
51 2 51 97
7 24 34 35
63 34 90 60
21 2 29 29
59 28 86 53
10
3 11 31 46
54 29 63 97
23 47 51 65
44 55 71 94
36 4 51 99
32 13 56 57
78 25 92 98
13 40 34 75
51 42 79 91
34 33 61 61
10
20 11 39 90
77 7 93 97
60 33 81 81
8 39 24 53
71 3 73 98
45 1 60 48
1 29 26 80
50 31 64 75
1 38 10 45
81 3 83 98
10
3 66 36 98
51 17 70 46
52 25 74 63
74 2 80 97
41 8 63 49
19 77 54 86
48 24 86 52
62 93 90 93
56 4 61 99
20 37 37 78
10
23 4 30 99
12 40 40 58
46 4 54 99
80 3 98 45
53 33 80 57
55 40 79 91
1 51 5 99
35 12 66 34
15 57 38 91
29 27 51 82
10
10 91 42 93
54 15 76 83
64 3 70 98
1 56 39 96
7 29 34 76
96 4 97 99
41 7 77 43
55 2 90 3
18 1 18 96
58 64 90 77
10
44 4 54 99
16 2 52 38
13 65 44 79
38 13 45 20
32 14 53 84
74 23 85 98
48 5 66 6
57 3 61 98
28 89 63 91
34 41 61 94
10
38 5 50 93
28 4 32 99
15 14 53 14
73 26 83 53
5 2 10 97
91 4 93 99
86 1 88 96
28 1 32 96
41 69 77 71
2 6 13 91
10
46 3 54 93
1 4 3 99
48 30 72 48
1 2 3 97
39 8 64 67
3 58 39 88
49 25 82 65
74 2 76 97
29 36 57 89
48 60 82 61
10
37 52 72 56
41 18 44 84
72 45 75 89
61 1 68 96
70 1 73 96
82 3 90 98
64 43 91 62
53 62 67 82
17 21 37 95
68 23 97 64
10
58 3 61 98
52 44 77 99
76 61 97 61
22 38 24 39
7 51 35 66
68 40 84 94
69 32 90 34
25 39 56 86
68 25 88 72
58 93 97 96
10
13 2 18 97
40 9 62 25
66 44 97 93
46 40 80 53
60 37 84 79
10 1 11 37
17 16 36 62
48 28 74 63
42 1 51 96
38 50 75 54
10
2 3 9 98
39 17 54 43
23 34 45 60
77 4 79 99
25 30 63 43
29 14 49 31
30 47 59 64
55 1 60 96
69 3 74 98
49 3 58 98
10
2 5 12 96
44 47 76 77
38 17 76 51
5 56 23 94
70 55 86 66
51 22 68 75
24 15 50 34
57 1 96 33
58 8 85 14
64 43 91 90
10
30 35 61 72
67 66 94 69
87 1 95 96
7 16 23 65
91 4 92 99
64 3 68 98
28 13 47 87
30 3 31 98
39 42 75 56
74 3 83 98
10
46 12 72 68
53 80 91 89
66 22 93 28
22 18 49 57
14 20 26 99
39 30 50 33
92 22 96 24
35 15 40 89
15 64 53 98
26 3 38 98
10
52 1 54 96
75 71 93 74
28 1 50 3
44 16 58 96
21 59 39 79
58 16 86 46
69 47 98 88
26 47 40 63
50 1 57 96
31 24 60 43
10
64 19 87 40
76 63 87 70
50 34 65 42
41 79 70 99
56 27 93 61
15 4 32 85
10 2 33 32
68 11 81 27
42 12 58 97
16 27 46 41
10
65 6 87 47
2 26 27 59
67 33 90 92
61 11 78 64
47 12 71 12
39 3 48 59
54 41 92 52
40 81 67 84
66 1 89 58
43 4 43 99
10
28 30 52 81
10 1 12 96
10 36 28 64
25 34 33 97
53 59 92 68
93 3 98 98
68 4 90 25
2 3 2 98
34 3 47 98
21 53 43 81
10
36 4 67 8
61 4 96 36
11 69 21 93
55 34 90 44
33 9 56 43
69 5 91 70
6 1 14 96
11 2 19 68
81 21 96 79
24 1 59 41
10
3 69 30 76
21 47 60 62
35 2 70 43
35 4 38 99
71 8 94 40
72 3 78 98
28 7 43 94
50 4 62 99
3 35 18 82
36 60 69 69
10
10 19 45 40
30 28 57 79
35 44 66 78
5 47 17 92
68 18 81 69
5 10 39 25
38 24 71 50
2 2 23 31
2 39 21 85
81 3 89 98
10
31 26 62 44
28 36 45 83
61 62 99 78
76 11 95 77
75 10 82 78
30 4 32 99
33 6 71 46
63 7 74 39
24 3 24 98
51 60 65 81
10
81 4 85 99
3 32 26 92
14 15 49 54
47 62 60 65
29 37 60 86
76 10 88 46
84 2 91 97
73 64 89 89
6 4 34 43
23 1 33 96
10
16 39 35 43
59 1 59 96
71 35 76 86
17 3 30 91
52 25 72 80
53 46 67 86
51 43 59 70
51 4 55 99
65 32 83 57
56 28 68 68
10
17 8 34 89
89 37 95 92
9 46 36 91
71 77 92 88
80 6 93 89
18 19 32 76
40 3 45 98
18 5 32 90
3 33 25 80
52 27 69 98
10
45 4 75 31
47 38 79 66
57 66 82 89
12 40 49 66
14 51 28 98
17 23 38 93
47 70 66 86
34 17 66 18
72 56 99 90
55 34 82 34
10
19 48 38 87
42 19 65 58
18 42 57 78
2 37 14 47
27 44 39 78
65 70 89 89
48 42 77 46
39 33 60 82
83 59 88 95
3 1 4 96
10
27 73 50 80
34 37 58 43
61 64 76 87
59 29 83 68
16 43 44 63
53 67 77 72
7 49 30 58
58 15 76 39
80 30 92 33
84 2 94 97
10
50 9 60 68
10 5 45 9
85 66 92 94
99 3 99 98
53 15 69 48
75 72 83 99
56 88 72 92
22 64 34 88
72 14 82 60
25 16 58 32
10
48 17 72 54
53 17 56 92
62 79 95 84
7 1 8 96
8 42 34 88
3 48 21 72
8 4 24 57
11 75 44 93
42 82 74 98
38 5 77 28
10
64 14 97 58
9 66 44 88
43 11 68 65
67 43 92 67
28 65 51 93
45 1 49 96
13 43 50 64
46 73 84 74
55 34 66 53
37 20 70 44
10
43 1 53 96
8 37 45 40
5 2 15 97
18 45 47 75
83 3 91 98
34 14 41 39
67 52 96 71
76 65 94 95
43 19 69 46
15 4 22 99
10
46 11 68 74
28 75 59 98
71 22 81 94
65 26 74 80
1 80 4 87
6 16 33 60
67 35 99 41
39 72 68 84
6 59 37 77
9 20 36 41
10
2 62 7 98
72 1 73 96
28 56 54 73
9 38 42 53
64 41 95 60
76 1 85 96
26 23 55 66
55 39 83 85
35 12 73 31
56 50 90 86
10
48 8 50 98
57 61 73 79
23 39 62 52
9 2 20 97
47 43 86 72
62 48 96 67
27 1 29 96
55 4 61 99
82 24 96 94
30 72 54 78
10
22 78 53 86
35 18 55 41
32 3 32 98
66 40 85 54
3 36 31 80
65 7 89 19
52 28 79 72
33 71 66 80
9 36 46 77
73 7 95 64
10
42 15 72 53
79 22 99 49
34 17 58 43
4 3 6 98
43 7 79 44
45 53 68 87
44 8 69 39
22 22 46 75
35 4 43 99
54 54 77 68
10
23 20 41 32
6 51 29 53
17 44 50 74
23 58 56 60
29 3 30 98
8 1 11 96
70 3 82 98
28 8 56 31
94 3 98 98
45 18 78 49
10
31 30 48 63
11 12 41 26
15 22 36 85
17 29 27 74
25 66 64 81
29 32 42 53
23 30 36 80
47 61 69 70
25 30 54 78
55 39 87 41
10
75 1 75 95
24 42 57 72
11 49 41 75
47 27 58 68
37 80 61 85
16 63 52 93
46 12 62 41
44 71 57 89
64 3 68 98
78 25 84 37
10
18 33 48 77
62 2 70 97
50 3 58 93
33 17 70 26
72 65 93 75
38 20 66 58
66 84 94 97
46 4 49 99
81 28 92 64
64 38 95 79
10
36 15 73 15
41 47 78 88
60 32 79 99
15 5 32 73
47 43 85 76
30 9 60 47
55 20 85 67
2 3 10 98
55 47 66 72
21 25 44 38
10
31 37 31 53
81 32 81 48
30 43 46 43
96 83 100 83
92 14 100 14
40 5 56 5
77 32 93 32
48 1 48 17
100 76 100 92
99 9 99 25
10
77 45 97 90
33 7 58 30
41 32 65 43
10 2 24 97
14 29 35 42
8 66 36 96
38 23 73 23
29 2 33 97
44 22 67 38
28 42 58 88
8
7 10 10 13
13 4 16 7
16 1 19 4
13 10 16 13
10 7 13 10
7 4 10 7
16 7 19 10
10 1 13 4
10
26 55 58 75
63 2 73 97
82 1 90 96
85 1 97 96
30 4 31 99
52 39 67 78
34 6 47 63
39 42 77 59
5 2 7 97
43 59 78 94
10
43 23 59 28
21 3 27 98
66 19 75 84
15 83 48 96
50 4 54 99
4 30 12 39
36 5 67 53
52 29 91 58
11 4 11 99
48 13 67 53
10
83 44 96 94
35 68 54 80
76 4 85 99
58 4 97 39
69 3 79 98
9 40 20 84
16 16 32 91
16 3 19 98
47 50 67 68
18 40 47 87
10
40 53 79 79
28 17 38 76
36 12 71 50
33 1 45 96
55 55 79 93
34 32 42 80
18 11 56 30
66 52 99 63
16 43 26 83
47 2 53 97
10
22 44 30 99
46 4 54 99
49 92 77 97
29 1 36 50
63 7 73 98
34 36 64 80
63 1 70 96
61 26 92 71
79 4 79 99
16 22 46 50
10
84 29 97 78
19 1 34 61
71 29 94 86
67 23 94 72
47 2 58 97
22 20 41 60
54 50 68 64
17 2 25 97
16 1 26 50
71 7 85 97
10
59 1 70 96
30 32 52 86
56 18 77 35
41 41 61 83
40 47 58 91
76 6 87 99
43 87 80 94
9 33 30 79
7 2 20 97
19 2 21 97
10
27 45 48 45
58 2 59 97
50 38 79 70
41 1 51 96
42 17 71 26
59 82 92 92
44 28 67 81
34 2 37 97
62 3 68 98
42 2 47 97
10
78 12 92 82
25 41 54 44
53 80 74 87
39 57 74 84
59 52 84 75
42 12 73 21
22 27 60 44
74 20 99 34
63 54 88 97
17 17 23 23
