100
10
27 42 58 82
12 5 26 15
18 11 33 89
65 2 65 97
21 28 59 48
30 54 56 65
25 43 45 69
10 3 22 19
56 40 92 60
26 3 30 98
10
57 40 74 87
77 73 90 96
38 66 76 70
71 60 98 70
89 3 90 98
32 19 63 65
55 32 84 73
66 43 91 50
36 25 59 29
52 2 54 97
10
66 10 96 56
1 64 40 97
57 2 63 97
44 12 71 17
40 24 76 34
19 46 44 56
52 19 83 65
7 36 29 45
32 1 39 96
37 11 65 20
10
32 48 62 70
73 13 88 39
31 3 63 11
63 76 91 85
97 4 98 99
74 26 98 77
46 59 85 62
61 13 74 14
41 37 77 70
47 14 52 84
10
39 71 67 73
56 7 88 39
36 17 64 68
22 61 46 93
49 59 77 83
38 2 44 97
31 52 50 68
52 48 78 80
45 49 74 64
4 46 37 81
10
49 13 57 70
13 10 37 69
85 5 97 25
41 31 77 38
35 60 69 97
18 9 54 19
13 43 45 52
37 5 47 54
69 15 83 92
25 1 35 95
10
5 1 15 96
56 30 78 66
33 27 52 59
57 25 73 43
36 5 50 83
61 24 98 49
1 5 19 5
8 36 18 68
59 39 94 82
3 8 32 46
10
48 14 68 16
34 12 73 33
3 3 5 98
10 6 22 99
46 7 50 82
11 26 19 98
16 68 51 72
70 66 90 78
46 7 82 16
70 12 81 55
10
67 2 68 97
59 41 91 66
26 2 40 97
31 3 35 98
63 7 86 30
57 12 87 53
60 33 66 98
2 18 41 43
40 33 74 66
35 49 54 92
10
28 36 57 72
61 39 82 44
52 36 90 64
70 33 91 96
98 1 98 96
24 42 61 80
69 13 85 89
81 80 93 84
84 4 87 99
48 40 78 85
10
12 23 37 61
92 3 97 98
22 22 46 78
32 56 57 99
35 6 45 28
49 1 54 96
32 1 66 43
37 17 49 24
33 1 34 96
19 24 45 49
10
17 1 28 94
65 32 98 73
49 10 78 51
47 32 52 45
9 1 23 3
22 6 53 23
82 2 84 97
66 1 67 96
19 28 29 29
23 27 58 64
10
26 33 50 35
55 1 65 96
36 24 50 41
65 90 89 98
26 7 33 16
21 18 37 65
63 49 79 88
52 23 76 47
32 58 70 97
6 21 25 86
10
14 15 29 76
20 15 57 21
63 29 91 60
53 45 80 69
39 18 74 36
65 14 97 45
26 67 53 93
8 17 36 21
18 6 37 52
63 48 90 71
10
60 29 81 75
63 67 86 81
2 19 10 64
46 90 78 97
24 42 57 71
31 1 34 96
21 14 32 97
41 20 73 58
83 2 87 97
15 33 44 80
10
9 24 45 49
51 2 66 97
42 38 77 73
47 49 54 67
77 86 83 98
61 16 74 85
38 30 57 78
26 4 31 99
32 68 68 71
13 24 49 52
10
78 37 99 81
30 8 69 11
61 78 98 85
78 38 95 98
37 11 45 44
37 22 64 48
10 22 45 62
31 2 38 97
61 55 81 86
37 40 64 82
10
20 38 44 92
59 77 91 97
2 24 39 65
13 11 33 85
39 17 54 80
35 15 43 45
1 12 19 95
39 3 41 98
12 17 44 64
13 26 48 63
10
42 29 67 72
51 19 72 65
18 68 46 71
67 47 83 95
54 4 89 10
16 33 33 98
4 6 41 36
31 3 34 55
4 50 24 87
65 51 99 72
10
62 28 79 71
58 6 74 17
47 14 84 39
33 2 38 97
58 72 87 98
30 24 67 54
29 11 48 84
59 36 98 58
63 2 68 97
92 1 97 96
10
4 7 19 99
50 3 64 98
23 24 49 65
45 1 54 96
10 46 31 85
30 4 43 93
82 17 96 28
69 4 79 79
25 17 46 57
23 48 62 49
10
30 23 49 59
15 41 27 81
22 10 33 97
41 13 71 45
17 30 40 74
27 46 62 86
60 33 69 50
84 20 97 89
54 4 59 99
8 19 30 26
10
2 40 26 99
8 25 37 51
5 49 15 69
73 3 82 98
28 31 58 49
62 39 93 87
28 15 44 99
15 12 39 49
58 12 97 46
85 64 96 79
10
69 1 80 93
23 2 31 97
21 40 44 44
9 65 43 83
5 3 5 98
76 2 92 89
32 38 50 46
69 54 77 94
27 32 58 78
19 74 58 98
10
86 29 96 66
57 21 88 45
61 63 87 87
39 71 78 93
67 45 99 48
8 4 8 99
27 94 38 95
13 30 34 85
16 4 19 99
28 71 65 85
10
88 3 91 98
80 9 99 61
81 13 85 94
27 4 28 99
55 11 86 50
26 11 51 62
53 6 73 60
46 13 66 55
52 87 84 94
19 4 26 99
10
35 62 60 89
54 39 57 85
48 28 80 51
45 39 76 80
82 7 97 96
60 2 70 97
17 43 48 65
17 4 18 99
51 41 52 77
7 42 37 77
10
32 89 32 89
95 38 95 38
15 12 15 12
27 53 27 53
13 29 13 29
10 34 10 34
28 24 28 24
65 38 65 38
47 27 47 27
6 12 6 12
10
44 7 71 31
33 4 70 31
38 6 66 24
23 58 57 89
76 4 81 99
66 1 76 96
23 25 61 57
8 8 33 59
65 92 96 93
40 40 59 93
10
13 1 15 96
47 28 60 99
70 23 98 75
83 4 96 96
25 2 36 97
26 3 32 98
10 2 13 97
83 2 89 97
58 35 78 72
7 44 42 85
10
35 10 48 95
18 38 56 75
45 1 57 96
52 24 73 65
8 2 36 44
48 4 83 38
28 14 50 45
5 27 37 71
57 17 71 33
73 43 96 97
10
2 4 16 20
54 31 60 43
62 1 73 96
73 4 80 99
86 4 87 99
54 56 74 93
27 4 29 99
70 7 76 96
62 97 88 98
62 3 62 98
10
2 22 21 98
1 31 37 71
60 1 71 96
49 71 80 75
5 42 40 42
57 43 96 57
60 15 70 61
8 39 45 68
76 13 96 81
77 12 86 84
10
22 84 49 85
6 41 42 62
94 1 96 96
27 28 55 58
2 35 33 65
48 49 79 72
37 84 50 96
44 68 83 96
79 4 82 99
12 88 33 89
10
9 30 25 34
40 38 61 72
40 5 58 51
74 2 87 97
30 53 51 90
42 30 76 42
76 2 77 97
60 32 71 82
56 37 77 63
35 25 62 35
10
55 9 62 97
13 83 46 94
15 4 15 99
23 47 31 67
52 46 75 89
55 14 80 24
44 43 78 47
39 1 57 82
45 17 63 85
39 31 50 83
10
18 9 18 14
3 19 8 19
23 9 23 14
3 29 8 29
13 9 13 14
3 9 8 9
3 14 8 14
3 24 8 24
8 9 8 14
3 9 3 14
10
41 15 73 42
12 29 45 57
18 40 55 42
8 31 21 86
15 4 15 99
67 1 67 96
9 10 32 63
82 36 94 76
6 69 37 96
86 2 89 97
10
70 11 97 49
55 20 73 50
94 19 99 76
74 42 89 86
31 12 37 86
36 11 57 57
36 37 60 60
52 20 71 80
31 14 65 49
19 64 55 71
10
46 44 74 91
20 42 44 97
3 40 18 96
4 25 17 96
30 16 64 57
22 41 48 78
56 21 95 39
92 8 94 57
70 86 88 87
26 92 60 97
10
19 37 46 64
56 32 71 92
21 43 48 85
44 3 50 98
57 12 72 97
36 68 54 87
16 67 51 90
63 24 89 53
4 31 13 78
34 6 60 39
10
69 8 97 36
62 7 94 34
4 4 10 99
1 59 7 93
20 4 20 99
22 27 40 75
79 36 91 45
56 15 68 95
4 3 11 98
68 25 86 47
10
73 3 82 98
56 4 65 96
39 38 75 67
21 49 45 94
81 24 96 29
21 32 54 52
12 25 48 57
80 19 93 75
6 59 42 86
11 19 30 91
10
61 28 80 85
52 32 86 58
3 1 6 96
20 3 20 98
49 68 81 83
20 1 30 96
18 12 37 72
20 4 23 99
23 8 40 88
31 8 52 66
10
39 1 54 92
45 41 51 48
1 92 27 92
43 10 53 82
67 41 87 93
26 6 62 43
12 18 25 80
25 47 54 51
25 36 64 70
21 25 57 47
10
17 31 52 60
83 51 93 62
58 4 61 99
33 6 62 52
42 1 43 96
23 75 53 75
58 17 71 39
13 67 38 90
6 2 11 97
76 3 85 98
10
21 41 45 95
59 64 98 84
63 7 98 37
40 8 58 35
16 29 29 93
53 38 84 87
19 39 58 71
24 39 39 70
74 46 84 85
54 5 71 6
10
61 9 69 37
10 18 40 22
54 47 66 69
8 3 11 98
60 3 64 98
9 24 27 79
71 23 87 32
60 29 68 79
34 1 37 96
32 2 42 95
10
73 61 81 84
70 53 98 96
84 16 90 69
62 46 75 69
24 3 36 98
5 1 5 96
63 15 72 16
54 47 88 64
73 1 83 96
29 96 35 98
10
54 52 58 89
16 7 34 83
34 3 46 81
72 7 88 68
33 11 49 63
12 1 24 96
8 5 16 67
46 38 82 71
9 20 24 74
32 62 64 94
10
44 43 72 74
45 33 78 55
13 1 20 96
55 8 89 45
12 46 48 65
25 4 64 4
85 4 86 99
26 79 40 86
36 73 65 92
61 41 74 85
10
14 16 31 26
45 32 64 66
45 4 51 99
65 14 92 60
58 39 86 46
71 85 84 93
41 63 72 81
35 18 55 64
13 19 30 96
23 18 44 70
10
28 80 65 91
68 6 89 41
37 20 74 29
13 8 42 8
60 55 69 87
61 3 63 98
60 21 80 95
12 39 31 43
91 1 91 96
21 29 47 50
10
8 57 42 67
67 19 82 29
46 11 73 18
88 42 96 88
33 36 51 72
55 4 68 44
31 16 69 37
33 3 38 98
30 20 40 70
41 4 43 99
10
27 9 51 11
56 1 56 96
36 3 39 98
54 55 84 79
18 29 34 32
82 29 98 50
51 8 80 8
71 3 82 98
17 12 33 93
20 3 33 98
10
52 3 69 85
5 1 10 96
59 3 65 98
69 1 73 96
84 4 89 99
59 32 92 71
77 24 93 96
8 10 26 28
37 3 40 98
73 35 97 77
10
62 36 99 40
13 19 41 68
31 20 43 21
23 31 50 43
75 35 96 72
36 31 61 83
57 7 84 36
45 68 59 78
44 36 62 89
45 27 77 55
10
18 10 40 77
49 70 64 77
67 1 71 96
26 2 31 97
54 2 60 97
47 22 84 50
8 69 46 92
43 3 51 98
60 59 87 77
5 47 41 74
10
58 12 73 83
36 3 40 98
87 2 88 97
28 51 63 54
3 4 12 88
43 6 62 70
61 44 80 59
5 32 35 52
34 56 54 89
33 60 69 92
10
89 7 93 93
73 6 92 77
41 9 75 40
45 27 72 48
21 67 50 82
23 65 44 87
3 80 25 96
44 29 72 67
36 25 57 25
14 12 36 73
1
1 100 100 100
10
58 30 82 30
48 25 74 31
52 10 89 49
3 1 26 43
45 23 48 62
47 48 57 78
47 3 52 98
82 23 87 33
32 72 61 79
31 17 69 47
10
5 11 31 27
70 18 89 89
47 48 82 61
45 2 47 97
77 36 94 96
7 1 8 96
49 1 49 96
29 5 57 58
16 36 45 75
7 14 35 25
10
6 73 43 89
51 3 58 98
8 66 44 85
33 9 65 27
32 9 59 42
61 4 61 99
16 7 20 95
64 5 75 97
33 11 47 32
39 72 57 88
10
45 51 72 55
78 2 80 97
22 45 45 80
52 29 76 54
67 28 87 67
67 11 81 13
56 65 89 88
75 50 85 98
45 1 57 96
65 28 95 74
10
40 16 74 30
34 3 47 98
76 57 85 96
20 33 54 73
75 79 94 80
6 83 35 84
12 1 24 96
23 43 50 99
75 20 86 65
52 29 87 50
10
64 25 90 64
33 18 63 65
53 1 56 96
46 3 56 98
58 6 68 87
4 9 43 44
13 24 45 62
43 49 64 84
12 62 21 87
58 26 93 47
10
53 13 80 47
27 1 27 96
27 49 64 79
78 2 89 97
44 6 59 84
37 13 76 29
49 2 51 97
74 24 92 39
58 18 84 27
15 6 32 79
10
36 15 55 75
26 10 43 74
18 44 36 67
26 70 40 87
63 14 78 92
11 1 12 96
11 28 45 66
16 69 44 75
8 48 18 68
72 1 83 96
10
78 3 85 98
28 16 63 45
95 4 97 99
48 70 83 89
38 11 64 67
62 29 87 51
12 1 15 96
57 25 80 78
85 5 94 97
32 4 40 99
10
50 56 89 57
15 1 24 96
8 4 11 99
52 50 83 85
39 42 41 56
15 35 44 72
68 5 88 34
70 23 91 87
46 22 66 97
28 6 35 86
10
22 11 51 43
5 53 39 64
39 4 41 99
44 51 73 54
83 80 93 86
84 89 99 90
27 2 36 97
72 2 72 97
1 57 38 88
19 34 53 38
10
92 3 92 98
31 78 64 98
9 31 28 46
68 61 99 99
76 14 94 70
47 32 77 82
21 42 45 43
70 4 97 17
25 44 39 97
11 15 18 96
10
64 63 89 83
41 1 49 96
78 52 98 85
28 65 52 80
48 85 83 90
58 50 93 76
66 6 99 35
65 78 92 81
80 14 99 66
35 3 54 82
10
87 19 91 39
74 58 99 85
60 23 87 33
24 74 60 89
19 48 52 66
65 1 71 76
1 11 33 37
12 61 30 80
87 3 95 98
75 4 76 99
10
29 47 68 52
79 1 79 96
37 64 75 91
1 19 38 23
83 3 90 98
43 4 80 6
65 3 80 77
34 6 62 51
5 52 39 80
11 1 46 35
10
41 4 63 51
39 1 42 96
35 36 52 92
42 5 81 20
5 4 17 99
58 28 82 32
31 23 60 44
42 41 79 82
37 12 58 66
55 20 63 25
10
60 62 76 62
64 36 64 52
60 41 76 41
8 56 24 56
64 47 64 63
84 42 100 42
72 50 88 50
20 47 20 63
91 32 91 48
80 44 80 60
10
2 6 39 29
48 65 85 76
77 2 91 97
69 19 90 67
48 63 77 86
1 36 24 69
15 39 37 99
59 9 74 10
60 50 83 98
65 6 82 66
10
28 23 63 63
31 37 57 63
38 63 57 68
52 3 54 98
45 24 75 66
57 28 78 90
71 16 89 85
57 39 61 86
47 75 70 99
61 50 87 87
10
39 4 51 99
21 80 46 95
61 48 73 49
24 48 34 61
2 28 32 64
46 65 76 99
49 13 85 47
37 4 37 99
25 9 32 96
50 46 65 82
10
53 25 83 75
48 17 66 75
12 53 31 70
6 60 33 64
7 24 31 79
47 30 79 50
5 17 20 43
50 27 59 49
81 4 91 99
30 46 66 63
10
63 22 97 57
56 20 87 66
62 5 78 93
69 2 72 97
60 32 87 83
72 3 73 98
5 4 18 99
19 52 30 58
1 2 2 97
34 61 69 69
10
6 4 17 99
61 3 69 30
56 5 71 90
28 63 38 78
37 11 56 75
75 6 87 41
29 22 48 82
62 10 82 34
6 46 16 98
3 3 12 98
10
60 74 78 88
12 32 32 92
89 45 90 46
28 25 51 87
1 1 3 96
42 2 52 97
67 18 94 52
48 20 87 31
61 5 75 87
10 28 29 74
8
9 11 12 14
15 5 18 8
15 11 18 14
6 14 9 17
12 14 15 17
9 5 12 8
6 8 9 11
12 8 15 11
10
28 34 53 74
67 75 77 88
70 2 83 97
58 27 79 48
48 1 52 96
48 10 60 31
26 3 35 98
60 2 61 97
50 4 53 99
19 13 48 38
10
18 7 56 35
57 44 79 71
79 2 89 97
26 1 58 39
25 11 37 60
50 52 86 86
78 75 96 93
6 1 21 67
12 80 35 96
63 33 80 90
10
60 60 99 86
80 17 96 73
14 36 34 75
35 49 49 78
71 13 81 52
14 84 37 87
34 4 36 99
45 75 79 96
12 34 32 62
45 2 50 97
10
25 12 60 42
21 46 47 51
57 39 77 86
3 78 17 96
59 7 84 63
16 8 41 34
51 30 87 53
51 26 79 77
5 17 10 55
7 71 44 98
10
79 92 89 96
8 28 31 57
16 28 55 43
58 39 77 91
71 23 88 48
6 8 25 81
84 49 95 65
8 24 26 56
60 58 91 64
51 31 81 37
10
25 26 54 37
12 4 19 99
23 55 43 71
38 10 76 23
18 34 49 55
48 73 87 73
56 53 86 76
15 74 35 90
39 9 73 30
49 1 52 96
3
2 2 4 2
2 3 2 4
5 1 5 1
10
12 39 31 74
17 59 43 68
47 17 85 26
6 5 32 26
19 65 51 77
50 12 66 69
43 34 81 38
46 25 71 70
45 2 77 45
57 3 91 38
10
62 67 90 74
62 52 92 90
76 3 82 98
72 33 81 94
65 27 82 53
28 3 65 32
19 4 26 99
3 25 15 37
76 5 88 58
5 43 26 73
10
67 1 92 33
65 68 99 86
37 8 54 60
33 3 38 98
37 27 66 58
54 2 62 97
20 17 40 65
74 20 79 98
60 28 70 58
62 59 91 66
10
6 64 22 75
73 11 89 26
53 1 80 36
8 43 26 55
60 88 99 93
18 71 45 90
70 7 84 94
36 1 45 96
52 2 54 97
89 3 90 98
10
12 14 41 41
66 45 94 77
28 10 49 13
44 22 61 96
19 4 31 99
30 56 56 83
39 14 69 23
27 1 41 96
20 52 59 86
12 2 22 97
10
38 1 46 96
29 2 41 97
2 35 34 42
18 13 34 38
76 60 99 62
37 28 65 69
90 52 92 66
21 3 23 98
34 41 47 93
9 12 41 49
10
9 69 18 74
45 22 67 27
81 34 99 97
57 52 67 97
1 49 15 56
51 49 77 63
84 4 88 99
54 3 58 98
54 48 80 55
34 1 34 96
