100
2 3
0 20
20 0
-20 10
40 20
0 19
2 2
5000 5000
-5000 -5000
0 1
9999 10000
2 2
-6368 5368
2956 3786
790 5872
-4818 -5669
2 2
-6254 99
2726 -6330
4337 4018
-8997 2288
2 3
-1124 249
-3560 6857
6153 -2017
5828 7081
1452 -5424
2 5
1451 704
-5096 -4950
-4222 -125
-7849 8883
5268 4639
5924 7600
-6800 -9683
2 2
6382 1061
4966 5461
-2119 -3623
9342 -2678
2 2
1340 -3500
-2086 4174
9991 5835
2898 894
2 8
-3787 -1581
4070 -712
3938 2632
1371 -8155
-9018 -2775
-8482 -6924
2732 4666
-4574 8103
-5765 5595
-3374 -1551
2 2
-7158 1361
666 -4562
-7298 3193
7926 -8543
2 8
5714 4561
-5219 1786
-8350 -430
169 -5197
-9507 2923
5361 -1072
7855 4438
1224 5050
-2390 -8548
-3503 -5505
2 9
4994 -196
-2392 -4968
4761 -2563
90 9743
-86 -4629
-5088 5634
6610 -5586
-5738 -5729
5539 -5720
4544 -7357
-6340 -7359
2 10
1579 -3797
6712 5011
-3581 9334
1818 777
6238 4299
-917 677
-4447 4611
-4280 5411
-7571 -6942
-4363 7321
310 -5926
4518 -2588
2 2
1160 -1392
2567 7446
-4711 -2979
5262 -1010
2 2
84 7010
-680 -1803
9908 -1441
4449 731
2 7
1155 -5882
2606 6789
8280 -2636
-4874 -5920
3377 5970
4791 719
-866 -3301
-778 -7485
5789 9107
2 2
-990 -7236
-4176 3743
-892 9851
2197 -1241
2 4
-1387 2858
-2794 5462
-163 2781
-3365 -8533
795 -6579
-9890 -8544
2 2
-4549 4260
2095 -5780
752 -9996
-1724 9215
2 2
-3929 2908
-2143 1565
9138 -8173
7164 -2570
2 7
-6618 -5472
-3114 -6091
-52 3593
-20 -5292
8526 -4397
4139 1175
6942 -3266
2148 8532
-9133 -7922
2 2
4327 2461
2649 6212
7300 1482
5665 1273
2 5
4589 -6089
-4668 4982
-1541 3175
7998 -8486
-2994 -3105
5337 3520
-4877 -3655
2 8
3443 -1591
1912 -1067
1284 9569
4502 4936
-2596 7512
4736 -5200
3861 2264
4095 -5789
532 9994
-2905 407
2 6
-5475 -4528
-5910 -4417
3460 -2339
5476 944
8237 -2513
-1300 -9625
3099 4640
-7565 1193
2 8
5680 4104
-645 -5161
7196 -549
-3493 -2273
3165 7323
-8146 2623
-9343 -4414
1794 -1781
-5813 -5371
5854 9674
2 9
6456 -4654
-1284 -2126
-2818 -2617
1161 7133
1664 -6438
1345 6495
5222 7280
9590 -475
-3125 -954
-3185 -7260
-1663 2405
2 3
6956 1079
-6787 -2198
60 -6556
-7219 -3688
8093 4164
2 3
1766 5299
-5553 50
-6222 -2707
-4894 -4874
9875 495
2 5
3044 5477
-7257 504
-8799 -4358
7026 -1843
7413 -7987
-4143 6818
-479 -6198
2 6
-2764 -759
1824 129
2072 -4505
-848 7015
4610 3056
8790 2701
5538 654
2566 2669
2 3
-1323 -6775
-5928 -3989
-8826 5550
-8048 -5582
2589 -2782
2 4
1966 -6223
5711 1987
-3889 2738
1531 -7443
1615 6974
-2864 1278
2 10
-5486 -3591
6057 -1009
-6170 -5780
-8526 9528
7903 8116
-8786 -4917
7481 4700
-9380 3548
6665 -3733
-7638 8617
4937 7099
-1160 -3173
2 2
5270 -614
1484 -5430
6309 444
6426 2546
2 3
488 -3160
2949 1568
6906 1673
-5654 -7422
6091 -9345
2 4
-2956 -4495
-520 1421
7217 3705
7298 7021
-2987 2648
6637 -5302
2 8
6588 -5925
-6404 4922
-7183 -8753
-7224 7897
-733 -5442
-7622 -9796
-415 -8943
-6513 5232
1470 5541
-8739 8757
2 3
2656 -1900
973 3370
3247 8717
7207 9749
-4972 9020
2 2
-5675 1500
-4365 -7143
-3202 5489
-8293 122
2 7
-6733 4281
5526 6167
-69 4851
-2746 -1674
-1309 2535
5857 4624
9816 -2969
-598 1176
5303 -9850
2 7
6318 -354
-2748 -4962
-3836 -1142
-9967 -1879
6345 2454
2217 -557
814 4652
-5643 -3270
1583 -564
2 7
-5537 -5277
1235 -5079
-4101 -7117
6155 5744
2519 3325
5993 -5773
1149 -56
6353 6886
-5371 8298
2 6
5648 -3212
-5088 4872
9239 6714
-9291 9287
1643 7912
1514 9748
-9447 -1024
8578 -3631
2 6
-1361 338
-2390 -1022
4178 2262
-3500 5258
7485 576
2011 4035
8418 -8109
-7781 8340
2 9
-3676 -3924
4896 -2565
-5785 -7633
1716 4160
3557 -3501
3689 -475
-8952 2170
-9318 4859
5634 597
-9770 -5734
-3770 -9440
2 2
-4376 1029
147 -4499
-6160 2663
-574 -3731
2 4
1626 4972
-7455 7094
9663 3698
-2554 -4999
-8174 -7983
-3832 -2965
2 9
6867 -45
-3808 -3050
1993 9500
443 -2064
8639 5965
-2812 -6419
2081 9208
9060 938
5843 663
6338 -85
1976 -39
2 3
-565 -596
-3124 -5116
-1037 -948
9805 3309
1630 5896
2 6
5354 -6722
4038 -4584
-4927 9590
159 -9564
-8778 -4606
-9817 -8225
4370 -7518
-1856 9866
2 7
-4880 2493
-4993 6154
749 -3848
8991 -6397
6572 1934
-3882 2360
1040 -8788
5623 -4291
2650 1339
2 8
7476 3514
-1559 -250
6747 3568
-8963 -92
-1920 -2027
-2227 -182
6427 -1287
-1993 -6734
5080 -1980
8062 -9240
2 8
-572 1543
-3163 3875
-4353 -3309
2054 -7691
-2713 6020
-9813 -6758
5957 4334
-7090 2703
-2099 -2332
-3668 5981
2 2
-5184 -1410
6907 -4975
-1521 -8322
5449 -2869
2 5
-5856 6782
-1906 6326
-9233 -1037
3051 3466
-5427 5751
-8296 6932
8994 6279
2 6
-2424 7405
4548 -2673
9049 -4050
4002 9795
4107 1414
-8193 9965
1952 5050
-2513 3128
2 5
-1106 724
536 7353
746 -2364
-3758 6524
7511 -1607
9127 6500
-3247 5050
2 9
2155 81
7395 -4083
9503 -1371
-6059 -2597
6298 273
-2895 5660
-5623 6624
5169 -2806
7871 -8335
-1188 -2863
-3776 1190
2 6
2051 2523
-1729 -1970
493 9927
-2820 -4898
2983 -310
7803 -1480
-9657 4089
-5091 -2390
2 4
4153 6133
6497 3220
-1368 -2648
-5504 -6976
-4345 -5505
9244 -304
2 3
-835 2627
6276 -2395
4081 7399
-8652 -1139
-8333 752
2 9
-7395 -2338
2943 -1843
2654 7236
9876 -5165
-471 1137
-8580 2961
8033 2323
-5936 2914
-545 5728
6476 -5479
5943 5419
2 3
-7401 -7453
4904 -5946
2855 7666
4471 7961
-3487 4345
2 4
3000 1401
-5601 -4896
1911 67
2331 8424
-1868 -5494
-1745 -7132
2 6
2466 -5286
187 991
6858 2259
1511 -160
-8052 3035
-7920 -3988
-2877 -3010
7343 3164
2 7
5757 -880
-1372 1434
8224 -8897
721 1914
7519 -1508
-642 5275
9932 -5886
9290 9801
7397 2629
2 5
5174 -4412
-6235 651
-1022 1890
-7300 -5482
2359 -6757
854 6248
-2382 -7635
2 6
-7077 1698
5484 340
8843 -4054
5974 6671
-8920 -8499
-9645 3033
6551 -2158
-119 -5536
2 5
5453 5095
-858 -3645
-3045 -1951
-8734 7701
9406 -2492
4224 -9363
9623 7071
2 2
5753 -3787
3551 -1586
-3839 -9603
-2346 3148
2 4
3211 -3406
6809 -6608
-6111 -9346
-2209 -5546
-2173 -8576
6407 3939
2 4
7010 3312
1631 7255
662 3423
-6658 -1544
-2332 8939
9106 -6701
2 2
-2602 -6715
6034 -880
2528 -3027
-6115 -4756
2 9
-2518 -5165
186 -1567
-1702 5479
8858 6636
-2117 -4601
352 -8687
-97 -3274
-7731 3499
5283 1799
-5364 6703
-1520 -3611
2 7
6694 -1069
-5700 6917
3339 286
-5543 4002
-9260 -9675
2533 -8393
-3876 -4085
3449 -9751
1709 7825
2 9
2572 2029
5873 4352
-7786 -6905
4303 -405
-4264 7291
2145 9292
-8131 -9919
-8341 7306
7962 8937
-6196 5372
2182 -1427
2 2
5746 -5381
2659 2277
-3257 -6585
348 -5384
2 2
-6469 -6875
-1894 -621
1353 -5046
1343 6866
2 2
-7069 3644
5402 -5642
-5446 -3398
-6543 -7791
2 7
5748 -6800
5331 -1035
5717 -6835
-5398 -3470
-8462 -1041
3261 3121
8395 120
-8440 -6190
-4068 -6440
2 5
-7108 -930
-865 -5463
-665 3831
-4823 3823
-7207 8228
-2712 1088
7699 -1008
2 5
6725 -6234
-6814 3813
-9952 4930
7203 2228
-1896 8921
3742 8831
-4184 2799
2 2
5458 2981
-1170 -2293
-5218 3842
-566 -5216
2 2
-3257 -2630
-6004 6499
-4753 3627
-5950 -9052
2 8
-6962 -7047
-7254 5476
-9855 2322
-1137 -2245
7495 5361
5971 6269
-6288 6810
9422 -8630
3162 792
-6785 4144
2 2
-1910 -4861
3451 6519
3100 2268
-7835 -6382
2 2
-3592 -6811
-3617 -1197
-7580 8727
7962 7930
2 5
1100 -888
-548 -2999
3105 -4607
2488 3321
8612 -5160
-5606 -6893
1586 49
2 8
2645 -5251
4924 -4971
-3160 -3634
6292 1075
-8040 -7082
-6756 7920
-1375 -9380
-1988 -1230
6663 6875
-9755 4157
2 2
7089 5325
-5664 -5649
4671 -720
9096 9833
2 8
-3190 1199
-4863 6100
-2438 4881
-885 -6086
1766 7465
-4068 3475
6536 6144
2702 -2181
9433 924
-7246 557
2 4
-5129 -2980
-1683 -4335
-9680 -3833
-6746 5803
-4481 9040
-3608 9077
2 7
5831 -4094
23 7120
-5624 -18
6697 -5809
-9267 -3902
5367 6037
-30 6416
7772 7444
4036 1440
2 9
2330 4000
1583 4690
3486 5538
6068 -8035
-8074 -1186
8231 -5051
4737 224
-1831 -4821
8160 -3193
-8857 -932
4109 3225
2 2
-3434 3850
335 2052
-1190 -8041
-3831 -1018
2 2
-747 -2471
5142 2407
-6578 -3037
-2673 8453
2 2
1045 -2730
6276 1681
-596 -5786
2774 5971
2 2
-1161 -6764
-1717 4000
2532 4648
-2338 -8616
2 4
6336 -5316
767 7495
-4791 -3977
-4257 -4971
8829 4206
6996 6045
