100
2 3
0 20
20 0
-20 10
40 20
0 19
2 2
5000 5000
-5000 -5000
0 1
9999 10000
2 2
284 4192
-3363 -5083
3839 -3513
1250 -72
2 4
5580 -408
-863 -3968
-4052 7370
9169 -645
-4213 -4186
-9311 2987
2 2
5765 -316
-4624 5006
-1417 -58
892 -2773
2 8
-3613 -4068
799 -3249
8002 8459
8154 6353
2573 6569
-6242 5766
1243 4984
-3141 5280
-1463 -4653
-9494 4630
2 2
3277 2284
-6718 2285
-3914 -9311
-8952 -5723
2 7
-5755 -3732
-2565 -3273
7831 7820
-5613 1030
5879 -8497
-7836 -8322
-2933 -3789
9496 8881
216 7872
2 3
-6926 -2595
-5142 6623
-7382 -4644
3930 -8625
-6219 -2097
2 4
5187 1563
2590 -4977
-3812 924
-7106 4257
-9916 8840
6463 -3968
2 9
5816 3603
5764 -6017
-9828 -8807
-7758 3846
9682 7655
5886 8615
-6855 -5274
2305 4893
-8489 -2688
-7078 8627
1732 951
2 2
6393 6186
2926 -4497
-8236 -7183
-976 -5483
2 6
-2392 7024
-105 2224
-6272 2515
-9003 7684
-8483 8644
-3587 -7126
7104 1043
-3260 9790
2 2
95 -6680
-6827 3881
-1421 -1819
3851 5840
2 2
-6047 -6974
-6224 162
-5913 9496
-559 4632
2 10
770 -6669
5643 3786
4873 8010
-5889 -9776
604 5567
-5336 -142
-8939 -6223
1120 7700
-6030 -2857
-8290 -73
6412 -8600
1963 4996
2 6
4169 5584
-5949 2287
-2472 -6787
-415 3738
8893 -3920
-4940 1765
-7203 -9161
-5235 7741
2 2
5052 2013
-5634 7108
6359 -5461
-670 -9732
2 3
-1135 2892
-3376 7441
-9907 -8982
-9653 8550
1479 -4265
2 6
-3504 977
2446 397
-195 9501
-7183 4246
1945 -9325
9510 5431
-4727 -1716
-4070 -9065
2 8
2406 155
-4484 -6533
6233 -2289
1062 -1644
-3650 -6221
3559 4901
4621 8825
-5751 7061
-232 -9641
-9611 9799
2 3
-2792 -7154
-716 5910
509 -2452
2445 -3987
-918 -565
2 9
1143 7239
6778 -4389
-8027 2980
-4639 7778
-1103 -9762
-7834 -6572
-9654 -8693
-5399 -7198
2181 3005
9985 8482
-2224 -1779
2 3
-2896 1936
6048 3535
-9809 -2574
5037 8425
253 4161
2 8
-2211 -4452
2961 6113
-7847 593
6178 -8855
-3441 -3694
-5056 -1904
-6284 -3905
-7577 -6331
3806 3485
5747 -6124
2 8
-2621 3731
-3787 -5155
8523 -4429
-312 -9103
9545 -3607
5845 3806
4297 278
9311 3464
1571 -6185
-5112 -8070
2 5
6680 -5111
-811 -4046
7916 -7412
-3129 -4529
5894 5303
-6505 -459
3643 2444
2 3
-4004 6053
1568 -4864
2727 -8984
4736 -3260
-4612 576
2 6
-1037 6274
-6965 4854
-8474 -8946
-9727 -9803
-3237 6367
-893 3311
-9054 5757
7037 -7244
2 4
-6285 -6934
-2364 -2344
-2801 6329
7350 3377
8976 -373
-2349 4046
2 4
1524 -653
1809 2048
-2335 7735
8884 -9651
2640 -3424
6938 -9046
2 6
-4147 -6776
-2944 -1997
-4563 -1130
6929 -5671
8671 -8012
6094 -4811
-3452 -9141
-7071 -9995
2 3
-447 1944
6918 1395
-9309 7758
-3495 9933
1096 8962
2 5
3550 -1881
-3184 204
2131 -8387
-8974 7296
-4869 9729
2044 -3312
-1485 1631
2 2
1693 -4012
-2275 -6257
5504 -8466
3270 636
2 9
-7297 -3893
-2514 -268
-4881 -30
1747 6786
5008 -5691
3395 -5580
-5692 6100
9977 -2024
2609 6459
1112 2995
204 -6448
2 6
2165 761
-558 -3206
-3976 -7924
8590 1263
-5560 -1277
4137 -8457
9766 -5402
-4947 499
2 2
6590 -695
-1047 -6331
7391 2295
548 -6348
2 2
2418 5486
-1606 -3977
-7306 -7806
449 6059
2 2
3986 -5126
-2131 -4573
6951 -9572
9526 -1331
2 5
-4137 -314
-2884 2607
-9950 7659
3956 -997
7647 -4992
7637 4739
-5370 -6134
2 2
-532 206
-3189 -4070
4136 -6347
-4714 -7667
2 6
-1927 -6194
1565 6317
-8832 7129
-2464 3113
7804 767
2265 -3203
9051 8195
1454 -442
2 2
2398 5836
-1613 -1533
-7169 8859
8509 -5519
2 3
5844 -5601
-5166 -2865
-9106 -7277
5521 3339
-1264 -1677
2 2
5294 6307
7056 -5338
6274 6148
-3209 9663
2 2
-3992 5362
-1441 5684
-8228 -9948
-8137 -3967
2 9
3731 7148
2004 6391
1887 3759
-5950 -4189
7311 -6352
2806 -1126
-4566 2979
68 1397
545 3470
-948 151
2084 5918
2 5
-5305 4030
-7073 5745
-3539 -2298
-2064 8593
-684 -1038
9609 8168
2411 1653
2 7
2612 5258
3111 -5920
-5274 -808
-1704 -3750
9959 -9440
6769 9009
-7525 -1778
-1434 3326
-6199 4068
2 7
857 7170
-5362 5659
-1472 2900
2311 7895
2779 -5489
824 4655
5425 -542
-6071 -4522
-5675 -8241
2 7
151 -2861
6845 5555
7657 8675
-1705 -5277
-1394 1511
-2676 8823
-617 8507
2051 1827
213 -5700
2 2
4476 -1395
16 654
-5431 -3669
4776 -1510
2 4
-1867 -7252
-5892 -2788
266 -7102
-3006 -7758
-9513 5061
-317 -265
2 7
2241 -1577
3578 1791
4993 -4296
-6323 -7139
6234 -1444
-2234 -480
3200 4339
7117 1135
-4200 -8158
2 9
6737 -6166
-6301 -5422
5421 7453
8736 873
-1597 3461
-3699 1051
-1763 -8092
-5191 6008
-2281 -4159
9656 -5754
4715 -1190
2 8
-5702 -2124
-6115 4351
3782 7271
6961 -4648
-5194 -8151
-2717 7353
6512 5101
-3440 3014
2124 8640
2718 -8518
2 2
-3140 -7484
-6767 -606
-5953 -3917
5297 4651
2 2
2462 -3485
-3609 3815
-8448 -4199
-7162 -4503
2 9
-188 -4540
-5899 3610
695 2126
413 -7809
-5933 4524
8497 -1704
3795 -9357
5902 3592
-8775 -1404
8054 310
-1061 7727
2 4
1847 -2878
-6111 -4623
1349 9337
-6466 -73
-6096 -311
-3451 7237
2 7
-4 6736
-1281 5501
755 3019
5881 -3821
-7524 9810
5378 522
-8432 -3884
-7046 8079
-988 -5669
2 8
-1916 2425
3735 -4310
-3788 3922
-3149 -6202
5219 929
-2064 1332
8631 -9805
2099 -9648
8655 3973
6705 4948
2 3
-3525 5389
-4034 107
8045 -8678
7914 -7888
9873 -607
2 2
308 5898
3964 -3879
962 7040
-8381 -8994
2 7
-183 -5887
1322 -3298
8488 -8494
-7628 -3540
-2578 -5123
-9652 4564
4416 -2746
7586 7576
-9643 -9583
2 2
-1356 2449
-6104 -906
-2541 9349
-5869 5150
2 4
-6804 -2884
-170 -939
-4473 -2604
-4477 -7458
-5624 2423
-6662 -740
2 9
2774 5045
3215 6558
8984 5557
-6332 6510
2762 9415
-9615 3746
2441 9163
3071 -5709
-4091 3178
-370 6736
3673 4768
2 2
-4166 -2944
-369 -200
1720 -7753
-1466 -8758
2 8
6367 326
-6846 -4616
9168 -8708
-9216 -2296
-3361 -4989
-7667 -4112
6661 -8161
-4516 -7128
9482 2335
391 8421
2 2
-6343 1421
-1330 -262
9248 -7993
1964 -7518
2 5
-3629 -2166
-1253 -1891
-3533 -3973
-7805 -1746
-8609 7194
-9777 -9264
-9873 784
2 2
6831 963
4904 -6306
7869 1474
-887 4249
2 5
-2733 4136
2293 3471
-6165 -415
-1568 8025
3648 8341
-1052 6542
6318 -968
2 3
-601 -3334
-1144 1265
5609 8083
3295 3260
-6822 -9204
2 5
2929 -5793
5604 2108
5961 -9175
-8873 7597
-6587 1719
-6933 9308
742 283
2 6
2620 1269
6304 5999
4332 -9817
-237 -5480
-3790 1959
2774 -2399
2873 6718
2059 3001
2 2
7205 2918
6898 -6027
2120 -4469
-8910 -5450
2 4
-4724 2617
-2880 -7387
-389 -5931
8735 3204
3462 303
-4078 325
2 8
967 2522
2764 -1806
-7561 944
2390 9609
-3691 -9952
-9959 1789
-2727 8002
5286 -8945
5272 2246
128 -9923
2 2
3941 1218
3138 6976
6504 -3758
6300 -8892
2 8
1210 -2892
-362 -3763
1851 -3253
6386 -8382
-2894 -9505
-4863 4956
-5353 -9556
79 -3200
1037 -3744
-2055 -8683
2 2
-1256 -1452
6965 475
4707 5703
-9706 8713
2 4
-5595 3418
-1163 -2931
-1685 521
7546 -4206
9525 -2015
-9546 8832
2 5
-264 5036
2954 -5328
-1047 6268
1053 -5087
7093 5901
-3770 -5774
-2380 -703
2 7
4582 -6289
3340 -2936
2539 -9901
-2099 -4358
-7673 -6327
7469 2540
-2027 -4084
8785 167
-6579 -461
2 5
-5271 -33
-7126 -3076
-8213 1644
1278 -1752
9346 -7066
561 2382
1896 3891
2 2
-5061 3797
3778 378
5990 -9236
1517 6719
2 5
4155 3052
3702 4541
-4835 9798
4982 1028
-8444 -4935
5866 -778
-3480 8471
2 7
1376 2173
-1618 1855
-7168 4817
-6376 -1879
-9067 299
-80 3666
4631 393
8415 -2594
9473 4675
2 10
-1982 -1855
-4283 -3301
-9178 4425
8820 -239
5872 -9813
2022 -7648
4112 6503
7826 -3521
4072 79
1155 -8111
4475 -2238
-2157 4716
2 7
401 1022
6318 -7421
4656 -1418
-6987 7131
6804 1579
456 -5675
-633 9880
-1520 -791
-8124 -2807
2 4
1958 -5416
-2483 5408
9308 6363
-5015 3393
-3304 6788
7704 -9317
2 9
6947 -6038
-5282 3507
-7854 -6116
9797 6862
2695 -9259
-4636 6623
9673 1058
-398 -4966
-1164 -7781
-1007 4723
-632 -661
2 8
-7486 7390
-2364 -6331
6502 3303
2080 5984
-642 -7530
8125 6343
-5482 -2123
-4322 -6959
7169 5366
-6062 -9567
2 6
7265 1623
2884 807
-9646 -4225
2574 -2883
-7859 -4599
-5852 -3191
-8842 -5095
-435 -5356
2 9
7440 -1018
4951 -5682
-5520 5474
-1353 3849
-1467 -5324
-2182 -5605
6608 -7767
6521 -2980
-5576 -5691
-4736 -7080
2605 9059
2 2
-246 -4308
7318 7266
-193 5044
-4851 -9981
2 2
-4996 3844
6775 -7332
7150 7243
9858 7283
