10
100
3
5 75 25
200
7
150 24 79 50 88 345 3
8
8
2 1 9 4 4 56 90 3
542
100
280 536 193 584 941 952 123 861 5 434 885 780 273 221 465 687 450 230 994 563 213 880 27 663 73 906 64 930 363 32 843 232 658 483 315 550 31 85 356 716 619 344 113 417 470 370 20 361 177 152 203 441 311 40 471 712 578 516 171 146 831 292 563 602 19 896 363 321 424 966 297 592 536 570 492 82 747 440 420 152 683 617 326 212 829 759 243 651 470 864 859 742 587 34 846 418 178 684 857 251
789
65
110 284 145 427 568 717 606 694 769 233 662 443 880 321 636 62 982 464 560 377 685 626 770 942 656 612 211 162 709 773 651 495 104 678 598 622 6 410 171 865 21 173 614 150 370 568 507 603 42 268 941 977 306 4 248 33 973 61 247 982 752 767 605 962 56
393
96
895 155 586 625 374 464 943 443 629 504 240 570 788 641 673 135 372 898 242 962 588 620 577 492 984 291 924 376 548 77 249 759 295 459 336 152 649 535 63 206 312 161 558 391 381 135 485 982 277 93 901 937 233 392 581 163 616 673 257 259 734 805 217 912 373 713 33 603 909 624 646 50 312 109 585 18 227 847 370 693 407 995 462 42 501 351 677 358 119 728 514 893 852 463 607 222
460
89
976 107 446 430 742 111 663 979 864 833 841 126 167 341 123 959 911 501 354 708 576 422 338 372 616 419 377 490 863 136 656 660 829 953 45 652 195 773 634 863 919 917 114 252 31 316 94 957 811 168 439 326 462 282 120 522 128 830 78 293 454 787 333 826 754 78 5 128 36 289 715 704 416 588 397 475 955 832 955 375 883 109 653 949 793 997 253 727 831
600
59
32 258 631 824 706 973 359 551 332 312 869 875 619 711 708 746 525 242 501 791 285 340 878 534 302 441 26 359 694 268 892 213 572 296 862 307 983 705 731 370 134 112 286 343 597 207 427 256 752 338 552 919 756 618 57 194 962 994 517
544
96
809 890 32 262 767 719 797 872 8 60 993 250 556 926 690 467 781 265 910 746 445 799 407 241 109 388 255 449 55 444 696 498 168 4 585 192 900 14 910 314 32 753 80 809 978 716 417 631 64 436 41 101 53 308 547 573 220 698 116 295 301 139 42 129 907 250 813 693 827 506 685 814 283 841 619 209 835 63 588 560 416 485 469 273 394 485 51 959 249 948 427 61 498 312 21 342
982
36
503 560 84 551 360 865 104 109 902 451 41 935 946 233 557 867 789 219 814 765 710 263 213 259 899 259 802 874 231 345 551 65 733 139 751 998
