25
2 13
2 2
2 0
2 2 2 2
2 0
2 0
2 0
2 0
2 0
2 1 2
2 3 2 2 2
2 1 2
2 1 2
2 1 2
2 1 2
3 20
2 4 3
2 2 2 1
1 2 2 1
1 0
2 4 2 3 3 2
4 0
2 0
1 0
1 1 3
3 0
3 1 2
3 1 2
4 1 4
4 2 2 4
4 4 3 4 2 2
3 0
4 2 4 1
4 0
3 1 3
2 1 2
3 1 1
3 20
2 3 3
1 2 1 3
1 0
3 1 2
3 1 2
1 0
3 2 2 2
4 3 1 1 1
3 3 2 3 1
1 0
3 3 1 3 1
2 1 1
3 2 1 1
4 1 2
1 2 2 1
4 2 4 3
3 2 3 4
1 0
4 5 1 2 3 2 2
3 1 4
1 1 4
2 9
13 13
13 1 13
13 0
13 1 13
13 0
13 1 13
13 2 13 13
13 1 13
13 0
13 1 13
2 20
4 3
10 2 10 12
13 2 6 20
18 3 20 10 4
15 2 3 2
4 1 9
1 2 9 16
9 3 2 17 19
14 1 8
16 2 7 5
8 1 18
17 1 7
3 4 19 11 6 20
7 2 1 12
12 1 1
2 4 3 6 16 14
19 1 13
11 1 15
6 1 14
5 1 17
20 3 6 10 15
2 20
1 2
1 2 2 2
1 4 3 2 3 3
1 2 3 2
3 1 1
3 2 2 2
2 2 2 2
3 2 1 3
2 0
2 3 2 1 3
3 1 1
3 2 2 1
3 1 1
3 2 2 1
2 1 2
3 0
2 1 3
2 3 1 1 1
2 0
3 2 3 1
3 1 3
1 4
1
1 0
1 2 1 3
2 0
3 1 2
10 20
1 2 3 4 5 6 7 8 9 10
9 1 9
5 1 5
6 0
1 0
2 0
10 1 10
7 1 7
4 0
7 0
4 1 4
10 0
5 0
3 0
9 0
2 1 2
3 1 3
8 1 8
6 1 6
1 1 1
8 0
9 10
2 2 5 2 5 3 6 4 1
4 1 3
5 4 6 6 2 2
6 5 2 4 4 6 2
1 2 1 2
5 1 3
3 3 5 2 3
4 1 4
4 3 6 3 3
2 3 3 3 4
3 2 4 4
1 15
1
3 0
1 1 3
2 1 2
3 4 2 2 3 2
1 3 1 3 3
1 1 2
3 0
3 1 1
1 0
1 0
3 1 3
2 3 3 2 1
3 1 3
2 2 2 2
3 0
1 1
2
1 1 1
3 3
1 1 1
1 0
1 0
1 0
2 20
2 2
2 1 1
3 2 2 2
2 3 2 1 3
1 0
3 2 2 2
2 1 2
2 1 1
3 2 3 3
2 2 1 3
2 1 2
2 1 2
2 1 3
2 1 2
2 0
1 1 2
3 0
3 1 1
1 1 3
1 0
1 1 3
3 20
3 3 2
2 2 1 1
2 1 2
1 1 2
1 0
1 3 3 3 2
1 1 3
2 0
3 1 3
2 1 3
1 1 2
2 1 2
1 3 2 2 2
3 2 2 2
3 2 3 3
3 2 2 3
2 2 1 3
2 1 2
3 0
3 1 3
2 2 3 1
1 15
2
1 2 2 3
2 1 3
2 1 2
1 2 1 3
1 0
2 2 2 1
2 1 1
3 2 2 2
3 1 3
2 1 2
1 1 1
2 1 1
1 2 2 3
2 2 3 3
2 0
3 5
1 1 1
2 2 2 1
1 1 2
2 1 1
1 1 1
2 1 2
1 20
13
9 1 15
11 3 19 4 9
6 1 11
4 1 6
8 1 4
19 1 8
20 2 9 19
5 2 2 20
3 1 5
12 1 3
2 2 7 12
10 1 2
17 1 10
16 2 16 17
15 1 16
7 1 15
18 1 7
14 2 15 18
1 2 16 14
13 2 14 1
1 1
2
2 0
1 2
2
2 0
2 1 2
23 5
1 2 2 3 1 4 3 2 1 1 4 2 4 2 2 2 1 3 2 1 3 4 2
1 0
2 1 2
1 3 1 1 1
1 0
2 2 4 3
3 19
1 1 1
1 0
1 0
1 0
1 0
1 0
1 0
1 1 1
1 1 1
1 1 1
1 1 1
1 1 1
1 1 1
1 1 1
1 1 1
1 1 1
1 2 1 1
1 2 1 1
1 2 1 1
1 2 1 1
1 1
2
1 3 1 2 3
1 1
2
2 3 1 2 3
20 15
5 5 1 3 1 1 1 2 5 2 3 4 2 4 2 1 4 5 3 1
4 0
5 1 4
3 1 5
2 0
1 0
2 1 3
4 3 5 2 1
4 3 3 4 2
1 3 5 2 2
4 0
1 3 1 2 4
3 0
1 2 5 5
1 0
5 3 2 1 5
3 10
2 2 1
2 1 2
1 2 1 2
1 0
2 2 2 2
1 2 2 2
2 1 1
2 1 1
1 1 2
1 3 2 1 2
2 1 2
