40
10 1 4 1 2
4 6 1
6 9 2
12 1 2 4 1
6 12 1
20 1 3 20 5
0 4 5
4 8 4
8 12 3
12 16 2
16 20 1
12 1 2 2 1
6 12 1
12 1 2 3 1
6 12 1
12 1 2 5 1
6 12 1
12 1 2 6 1
6 12 1
100 3 7 5 1
0 100 10
100 1 10 1 20
0 5 40
5 10 50
10 15 40
15 20 50
20 25 40
25 30 50
30 35 40
35 40 50
40 45 40
45 50 50
50 55 40
55 60 50
60 65 40
65 70 50
70 75 40
75 80 50
80 85 40
85 90 50
90 95 40
95 100 45
1 26 69 1 1
0 1 56
100 1 3 1 1
92 100 3
100 32 49 1 20
9 10 92
12 19 80
19 21 68
21 24 26
24 25 6
25 26 8
33 35 48
35 36 13
38 39 12
40 43 44
43 48 16
51 53 39
53 59 41
59 60 7
60 65 45
74 75 41
78 83 88
83 85 41
94 96 6
96 97 71
100 17 18 4 20
10 11 18
16 19 20
24 26 2
27 32 83
32 33 56
33 34 67
34 36 36
36 40 9
40 41 18
45 46 52
54 55 75
57 58 78
64 65 52
68 69 84
70 77 40
77 78 37
85 86 51
90 91 8
92 93 27
96 100 36
100 1 3 45 20
5 7 4
7 10 3
10 11 3
13 14 3
14 17 3
20 26 3
33 38 2
42 45 1
45 47 3
50 52 1
67 68 2
71 73 1
74 79 2
85 88 2
88 91 4
91 92 3
94 97 3
97 98 2
98 99 3
99 100 4
100 4 5 100 20
1 3 5
3 4 3
7 8 4
11 14 2
17 19 3
19 20 2
28 31 4
31 32 5
32 38 3
38 40 3
40 41 5
41 45 3
48 51 4
51 54 1
67 77 2
77 78 1
79 80 4
82 84 1
91 93 3
94 96 3
80 1 2 33 13
6 7 1
11 18 1
18 32 2
32 34 2
34 38 1
38 41 1
41 42 1
42 45 2
45 50 1
55 61 2
61 65 1
65 76 1
76 80 2
51 43 100 1 14
3 9 16
13 14 94
14 21 83
21 23 39
23 24 37
24 25 44
25 27 64
31 34 37
34 36 6
36 38 93
38 42 99
44 47 87
49 50 69
50 51 31
100 10 12 5 20
7 8 83
8 10 52
10 11 87
17 18 72
18 21 26
25 29 11
29 31 54
34 35 84
35 37 88
41 42 42
43 47 21
53 54 2
54 56 90
60 61 75
66 68 2
68 70 94
72 77 5
77 80 31
91 95 7
95 100 36
100 1 4 21 20
1 2 1
7 13 10
18 19 5
19 21 4
27 31 7
31 36 8
42 43 2
43 45 1
45 54 6
57 58 10
58 62 2
62 64 6
65 67 7
67 69 7
72 73 3
75 76 4
82 83 4
89 90 10
95 96 7
99 100 10
100 2 3 34 20
13 14 3
16 21 1
27 28 1
28 35 1
35 37 3
37 40 2
46 47 3
47 51 2
51 53 1
54 55 1
57 60 3
60 61 3
61 66 3
66 68 3
77 78 2
81 83 2
87 89 1
89 95 2
95 97 1
97 99 1
100 1 2 100 20
8 9 1
10 11 3
24 29 3
29 31 1
36 37 4
38 39 3
39 41 1
41 42 2
42 44 3
44 45 4
53 55 5
55 56 1
68 69 1
69 71 3
71 73 3
73 78 5
81 85 1
85 92 5
92 94 1
94 96 5
56 1 2 21 19
0 6 2
6 8 2
11 13 2
14 16 2
22 23 2
23 24 2
27 28 1
33 34 1
34 39 1
39 40 2
40 41 1
41 42 2
42 43 1
43 44 2
46 47 1
47 49 1
49 50 2
50 51 2
54 56 2
79 40 100 1 12
6 7 22
7 14 27
14 19 25
40 44 30
44 46 58
46 48 100
59 61 36
61 63 95
63 72 85
72 73 33
73 74 95
74 78 28
100 53 58 1 20
7 8 8
8 11 32
11 12 62
12 13 68
13 14 37
14 17 34
18 25 32
25 29 24
33 36 79
36 37 18
38 39 79
39 41 28
43 44 53
46 47 77
59 61 45
61 63 38
74 75 31
75 82 1
82 84 2
92 97 29
100 2 3 25 20
8 9 1
10 12 2
20 21 4
21 22 3
22 24 4
24 27 1
27 29 5
31 32 5
32 44 1
52 56 1
58 63 3
69 70 3
70 74 4
74 75 1
75 76 5
76 77 5
80 82 3
84 87 5
89 91 1
95 100 3
100 3 4 23 20
9 10 3
11 12 4
12 14 1
14 15 2
17 19 5
19 20 5
20 28 3
28 30 5
30 31 2
31 36 4
36 42 1
42 53 1
61 62 2
63 64 2
65 66 4
66 67 4
67 68 2
75 78 5
78 80 4
86 88 5
100 1 2 100 20
5 8 3
9 11 2
16 17 2
17 18 3
20 22 2
23 24 1
31 36 3
36 37 2
37 41 1
44 52 1
57 58 1
60 61 3
61 63 3
63 69 2
69 71 2
72 74 1
74 80 3
85 87 3
94 95 1
95 96 3
89 1 2 40 6
6 15 1
15 27 1
27 32 2
32 48 2
48 50 2
50 89 1
64 57 100 1 8
8 13 94
13 14 33
22 24 8
24 27 63
27 38 34
41 42 84
42 49 50
60 64 68
87 1 2 27 8
1 24 2
24 30 4
30 32 1
32 34 1
34 36 4
46 69 2
69 82 4
85 87 2
85 3 4 17 2
17 22 4
45 85 2
65 4 6 8 13
4 7 11
7 12 7
12 19 2
19 20 10
20 22 3
22 29 12
29 31 6
31 36 10
40 45 2
45 48 12
48 49 5
57 63 1
63 65 12
90 3 4 15 14
11 15 7
15 27 5
27 28 6
28 30 8
30 35 2
35 38 2
41 45 10
45 46 1
46 59 7
59 60 5
60 62 1
63 70 9
70 72 2
79 80 3
75 3 14 7 3
51 54 1
54 58 10
58 75 3
81 2 4 16 19
1 2 5
6 12 3
16 18 2
18 19 3
19 23 5
34 35 3
35 37 2
37 38 4
41 44 1
44 45 4
45 46 1
51 53 2
53 55 1
58 59 5
59 66 3
66 69 4
69 70 4
70 71 5
71 74 4
73 26 76 1 10
3 6 7
6 24 73
29 32 58
32 33 26
33 34 75
34 40 40
40 43 10
43 51 63
54 71 69
71 73 8
66 1 2 20 9
0 1 2
1 6 1
6 13 5
13 28 3
28 32 5
32 35 1
49 50 1
50 62 5
62 66 5
67 1 2 29 4
12 13 3
39 40 1
40 58 1
58 67 1
100 70 71 1 12
4 23 55
23 31 69
31 32 57
32 39 70
39 45 4
45 61 3
61 63 10
63 69 41
69 78 64
78 79 67
79 87 23
87 93 63
52 1 4 14 9
0 1 3
12 13 2
18 24 2
24 26 1
29 30 3
30 32 2
32 33 4
33 36 2
38 48 2
