40
10 1 4 1 2
4 6 1
6 9 2
12 1 2 4 1
6 12 1
20 1 3 20 5
0 4 5
4 8 4
8 12 3
12 16 2
16 20 1
12 1 2 2 1
6 12 1
12 1 2 3 1
6 12 1
12 1 2 5 1
6 12 1
12 1 2 6 1
6 12 1
100 3 7 5 1
0 100 10
100 1 10 1 20
0 5 40
5 10 50
10 15 40
15 20 50
20 25 40
25 30 50
30 35 40
35 40 50
40 45 40
45 50 50
50 55 40
55 60 50
60 65 40
65 70 50
70 75 40
75 80 50
80 85 40
85 90 50
90 95 40
95 100 45
1 1 6 1 1
0 1 41
100 5 10 1 1
2 100 33
100 24 50 1 20
5 11 17
16 17 48
17 22 43
22 23 53
23 24 6
25 26 21
26 29 11
40 42 5
42 43 35
43 45 8
45 47 42
47 48 17
63 66 37
70 71 38
71 72 46
72 73 14
76 80 14
80 81 40
86 91 41
93 94 29
100 21 28 2 20
1 2 40
4 5 46
5 9 16
15 17 9
17 19 29
27 31 15
31 34 24
34 37 17
38 40 45
40 46 25
46 48 54
48 49 48
49 50 1
67 69 56
69 71 18
83 85 47
85 86 26
86 95 41
95 98 29
98 100 36
100 1 3 52 20
7 8 6
9 10 7
10 11 1
14 18 5
33 35 6
35 36 6
42 45 2
45 46 8
47 50 3
50 51 9
51 58 6
64 65 2
65 69 8
70 72 2
72 75 5
75 80 7
83 84 2
84 92 3
92 93 6
93 94 1
100 5 6 100 20
1 2 12
2 3 4
11 17 16
23 25 2
26 27 5
31 32 1
34 35 7
35 41 9
46 48 13
49 51 12
51 52 7
53 54 1
54 58 2
61 64 3
64 65 18
65 66 17
72 73 6
74 80 8
83 90 14
90 92 5
90 1 2 42 3
15 32 1
32 46 1
76 78 1
64 15 100 1 12
10 12 20
17 18 57
18 19 41
19 20 66
25 26 19
26 28 29
30 31 79
31 32 88
32 41 62
53 54 57
56 59 93
59 60 77
100 7 11 6 20
0 4 10
4 6 8
6 8 11
8 11 6
12 13 4
17 19 11
20 21 9
21 26 6
30 31 5
34 36 9
38 44 4
44 51 8
51 53 3
53 54 3
64 65 8
67 69 4
70 71 10
71 72 8
96 97 4
98 100 8
100 3 4 20 20
1 2 2
3 7 5
7 8 1
8 9 1
9 15 5
15 17 3
18 19 1
19 20 3
20 21 2
30 33 2
33 34 1
44 47 5
51 52 1
52 53 5
55 56 3
71 74 3
74 79 5
79 80 2
80 82 3
83 92 4
100 16 93 1 20
13 16 20
16 19 50
19 23 25
23 24 50
28 30 2
30 33 14
33 34 69
39 41 16
41 45 58
45 46 75
52 57 47
64 65 88
65 66 97
66 67 46
68 74 41
75 76 13
76 78 93
81 84 48
86 95 3
96 98 69
100 6 13 100 20
5 6 3
6 11 6
11 12 1
16 17 6
18 20 11
20 21 4
24 25 3
34 41 3
41 43 9
43 46 5
46 47 8
50 54 7
54 61 12
61 62 2
62 63 2
64 65 7
65 67 13
75 80 2
98 99 10
99 100 8
77 1 2 25 20
0 2 2
2 5 1
5 7 2
7 11 2
11 12 2
12 13 1
13 21 2
21 23 2
27 32 1
36 37 1
37 40 1
40 42 2
42 48 1
48 52 1
52 56 2
56 58 1
58 65 1
65 67 1
71 72 1
74 77 2
80 45 100 1 16
0 4 40
9 11 64
22 28 42
28 29 7
29 39 70
41 43 47
43 46 80
48 50 49
51 54 33
54 56 89
56 57 55
58 59 90
60 64 74
64 68 50
68 69 36
77 78 80
100 3 8 4 20
5 6 14
11 14 11
14 15 23
26 30 15
30 31 27
36 41 7
41 42 26
42 43 1
43 48 24
48 52 22
52 58 11
58 60 17
64 66 15
75 76 15
76 79 2
79 81 24
81 83 13
83 85 27
94 98 4
99 100 25
100 1 17 8 20
1 5 14
5 6 23
6 11 13
12 15 14
24 26 9
26 27 20
27 30 20
39 47 2
47 51 18
53 54 6
56 57 1
57 58 8
58 59 23
59 60 17
60 64 2
64 76 9
79 81 11
82 85 1
97 98 23
98 100 12
100 3 8 21 20
6 8 1
10 12 5
12 13 8
13 15 2
15 16 3
23 34 7
36 37 4
37 40 8
45 47 8
47 49 8
49 50 2
54 55 1
55 59 8
59 64 7
69 75 2
75 77 5
77 78 3
87 92 5
92 93 8
97 100 4
100 5 6 100 20
2 7 5
7 8 6
8 9 3
9 10 6
31 32 4
35 39 3
46 49 4
49 51 6
51 52 6
52 60 4
60 61 2
61 62 7
62 63 3
65 69 3
69 71 6
71 76 5
81 83 3
87 88 7
88 95 4
96 98 4
100 1 2 38 7
17 21 2
21 23 1
41 70 2
70 74 2
79 86 2
86 96 2
96 100 1
61 98 100 1 16
1 7 27
7 8 53
10 11 72
16 17 10
17 18 20
18 21 64
33 34 56
34 41 5
41 42 64
42 43 53
45 47 13
47 48 84
48 49 45
54 56 1
56 57 54
57 61 60
70 1 3 19 7
11 15 4
23 26 4
26 38 2
38 40 2
40 46 2
46 62 4
62 66 1
81 4 11 9 19
2 5 8
5 7 5
7 9 1
15 16 8
16 17 6
17 21 10
25 29 10
29 30 3
31 32 11
35 38 4
38 40 4
44 47 3
49 50 3
50 52 4
52 57 1
60 62 2
63 65 4
68 73 3
73 75 1
86 31 33 1 8
0 8 41
8 10 45
17 24 20
25 29 4
29 42 25
54 56 27
56 69 25
69 86 15
90 4 7 9 18
1 2 10
10 11 4
11 12 6
12 13 8
13 19 9
19 25 13
32 35 1
35 40 1
53 56 10
56 59 3
61 65 9
68 71 13
71 76 7
82 83 7
83 84 10
84 85 1
85 89 12
89 90 13
88 2 3 24 3
7 24 2
40 63 1
73 88 2
95 10 23 3 7
36 39 36
39 43 31
43 44 33
44 48 10
63 71 26
71 93 36
93 95 35
66 3 4 15 1
57 66 2
50 1 2 8 2
1 22 5
22 50 6
92 2 8 9 17
4 7 6
10 16 4
16 20 1
20 24 4
26 37 5
37 38 10
38 44 10
44 49 6
66 73 7
73 75 1
75 76 5
76 77 9
77 79 1
79 81 1
81 86 8
86 88 1
90 92 4
50 2 4 11 4
2 10 3
10 26 1
26 34 2
34 50 4
57 11 77 1 20
3 5 43
12 13 6
13 14 77
20 21 36
21 24 82
26 27 79
27 28 6
28 29 1
29 30 30
30 31 73
31 32 47
32 35 91
37 38 90
39 42 84
42 43 42
43 45 40
53 54 77
54 55 37
55 56 20
56 57 68
