20
6 7 2
1111111
1122271
1211521
1329131
1242121
1122211
3 3 7
123
234
345
10 10 56
3421710797
0031783476
7784364580
3137345648
4335625735
8243753344
3553526558
2257264440
8945625484
7393345963
10 10 93
6802194045
9305651594
8322482479
6378798114
8178666835
2114555722
7076967999
5805881666
2005752256
6295001892
10 10 64
2850912743
0374027161
4449917192
0227617209
5752472192
3480658778
1935674193
1428663615
0618696695
5070857278
10 10 64
8458469567
5125014114
6346347346
8457558578
3134024114
6256245246
8468569468
3134113124
6355346255
8457468479
10 10 79
9659098514
5610470003
7395345495
2019938001
4787024046
3195821363
8031056059
2160884288
8427102260
5631038853
10 10 19
2602300825
2236349807
5324093429
4564994176
6190746626
6998629962
9097688018
9898074658
4393257355
5676336168
10 10 49
6556265936
3642835677
1337294398
4473313495
8418284408
2464835432
9954645647
4245359301
1243175470
6699354128
10 10 57
3854816728
1642235550
3358334140
7802485077
0945180855
8883638243
4234694291
1927637832
3104789724
2665046685
10 10 83
3733524534
7747957856
2402412502
5634635633
5847757846
1511412311
4723625634
6956846847
2502512411
4625523625
10 10 75
0706329441
7260259665
5950103685
1446788572
5409939496
6949399045
2758876441
5863010595
5669520627
1449236070
10 10 67
9491934524
5979257983
6423242558
3444839211
6635751661
1453809257
0036412433
7210707086
1907509634
3567200464
10 10 74
9789756704
8975232627
3794322417
7057222092
4913566928
6577219450
1538252574
9333609493
4791532670
9052179346
3 3 88
000
000
000
3 3 38
301
535
446
10 10 88
4761161856
1739558060
3696388499
1499506891
6210167293
2414044103
2291142943
3154382021
6787384714
2482508913
10 10 100
9999999999
9999999999
9999999999
9999999999
9999999999
9999999999
9999999999
9999999999
9999999999
9999999999
10 10 93
1225579521
3984802502
8169228569
5475575823
1685230747
7470325861
3285755745
9658229618
2052084893
1259755221
10 10 100
1630689067
4255393393
5202868473
2015093091
9366995245
7199395344
6647156677
9815424068
7318247773
3597424001
