20
6 7 2
1111111
1122271
1211521
1329131
1242121
1122211
3 3 7
123
234
345
10 10 100
9170693244
7267908649
9690238378
9998978412
8844556330
2294537567
3884693934
8134809462
7076449497
3351942385
10 10 68
2529990746
3738266179
7706823177
8942032218
8453490007
1061645982
8612138369
1656098010
9205592080
3986190928
10 10 99
5784774695
0331230150
2353462572
4584785574
0140240251
3452472562
5585684685
1341331350
3463353463
4684684675
3 3 24
000
000
000
10 10 96
6895554527
3235456431
7946775735
0652343258
1436775741
3746254548
7964475432
6467947487
5348305024
0957376549
10 10 25
0293542368
6206583598
9838450480
0742028272
8740309249
9429030478
2728202470
0840548389
8953856026
8632453920
10 10 86
1718608372
9832393183
1498030564
4211800347
9752609003
3009062579
7430081124
4650308941
3813932389
2738068171
10 10 99
5806299373
5877425590
1896935623
6916537666
1448302963
1722535299
5787350239
8434584790
1105558189
0361218532
10 10 85
7377000640
1525617651
1317497134
4094564380
1137645634
7252676353
4066212466
0751676452
5038283733
6255425625
10 10 100
9999999999
9999999999
9999999999
9999999999
9999999999
9999999999
9999999999
9999999999
9999999999
9999999999
10 10 45
1312795200
4306889887
6169198530
2643134656
9299897977
7615545410
4360873449
0512411201
1974548080
2558546902
3 3 35
626
925
351
10 10 53
4723511018
7103198456
7407647421
6701282384
2774293131
7257113875
0622750989
5265796229
3939642920
6469756764
10 10 37
7386638307
0674695997
2916879321
1163813823
0486777868
8687776840
3283183611
1239786192
7995964760
7038366837
10 10 1
5852553642
9645446569
5456445247
4474354745
3635553562
2472643448
4634555668
9756335479
6931807277
2235488012
10 10 77
3488534950
5540905012
2371074633
4674457963
1105118811
1640768153
5924489395
8060691685
7913109126
5967525575
10 10 19
6486355192
8651482814
4208384528
9170171745
3535638615
1168365351
7471710717
7254838021
6182841563
9258639181
10 10 11
2329456558
8923444706
4332323546
5620867412
2016360950
5048490944
6038216958
1005653748
7003863169
7490433021
