20
6 7 2
1111111
1122271
1211521
1329131
1242121
1122211
3 3 7
123
234
345
10 10 40
7373436311
3656244632
5744665657
3224944439
3757151738
5322744357
6382649461
3756244537
4363437363
1475783388
10 10 95
9922752939
7798141960
0866436445
1343435253
8253468644
6883922473
1135458544
8794351444
5476552454
5278048367
10 10 100
8154599135
2571699542
1255535230
4141894709
2569830084
2187653196
4398779161
3869954952
5965942281
0279249175
10 10 83
8837206654
7848098771
3075218182
3963845274
0885011535
5351105880
4725483693
2818125703
1778908487
4566027388
3 3 61
000
000
000
10 10 51
5105462987
2221862809
7192211871
0442981279
1243541722
6958499598
8933423543
4550104486
6681420499
4717070626
10 10 10
4412403342
1488018186
0147373074
6464726585
3564164555
6515455575
6635551641
6455755316
2937374309
8648364498
10 10 16
6111951226
1311045944
0432239446
9395071397
5825690999
9990965285
7931705939
6449322340
4495401131
6221591116
10 10 47
5575675585
0251241140
2462563553
4594785675
0250151140
2563552553
5684594794
1231141151
2573462353
5695785695
10 10 54
2572623334
9472545466
8854554624
3534367334
9656436566
5565255445
0375526345
5882547440
0566722062
3972559291
10 10 61
6107725524
9119284978
3299070264
2484476940
3414544134
9668686804
5405842739
7859505920
5381469271
8478983358
3 3 98
631
620
303
10 10 71
0171217454
7385293738
5643568766
4554342777
5325566529
6245455602
5374155422
3534691145
0978734296
6201524089
10 10 40
4585584575
0251141140
3362472562
4695785585
1241130140
3563562362
5584574674
1140241241
2462563453
4795595695
10 10 67
4305544540
1955333456
7953556434
3837453473
4345653454
7353356436
4564246345
5093555543
8274860292
9407938686
10 10 77
5271327358
2735030211
3766316443
9422949207
6181748562
9755755798
6584718160
0294922494
4461366736
1203053726
10 10 97
7742457540
3983556363
8375649535
7554413184
4194569724
0414544464
9324547458
7116514080
8872688792
4188759734
10 10 100
9999999999
9999999999
9999999999
9999999999
9999999999
9999999999
9999999999
9999999999
9999999999
9999999999
