2186 617539284
2187 175392846
3311 763594218
3312 635942187
7547 462351897
8669 457618932
10551 495182736
12768 576813492
16546 395648127
17807 783126549
23573 758496231
23575 849623157
25366 293758416
25538 573649812
27470 291465783
27471 914657832
27472 146578329
29094 632175894
32230 571382964
32458 967514832
46343 527436819
47404 397145628
58571 961837254
61202 217986345
61203 179863452
61204 798634521
70980 581642739
74181 269584137
77262 524736189
77263 247361895
77554 321645879
85677 914736825
86841 415298763
86842 152987634
87565 627349518
90415 142386597
95153 451762893
99402 762318495
102655 362875914
113930 149367825
114917 975283641
118890 247869531
120854 917563824
121361 975236481
123511 863572149
123813 314759826
129416 984163572
129754 147368925
130238 176493582
131902 218396547
133933 587631492
134784 496357128
135448 927641583
140559 421573869
143593 738125496
144333 572694138
151151 369175428
151152 691754283
152272 829143567
158873 137628495
160613 382417596
161866 957412386
162686 915273468
163750 932841567
168535 327145986
168538 145986723
168943 928751364
173757 841697352
181112 794156328
181502 246375891
181503 463758912
182684 129746358
184216 758694213
184650 213549678
184651 135496782
186839 428567139
190267 942765183
192231 276345189
194967 328591746
200343 931586472
203161 936485172
203319 728961453
209322 695418372
213849 287169435
220573 641975328
221295 652489173
221578 291483675
224212 675291384
226617 781456923
226882 953276418
231083 568437129
232415 546132789
232869 782916543
232870 829165437
233330 752683149
235146 287961354
237693 867452913
240314 693148572
240315 931485726
243552 678213945
244619 962481375
245599 347165982
248115 836179452
251816 861792435
251817 617924358
252679 862479351
257288 176253984
261103 326975841
261638 397418256
261913 891357624
262595 615943287
270343 586417329
271600 698214753
274507 483927156
276383 751842369
277318 924375186
280090 823491756
280091 234917568
280898 128376549
281463 312965478
281941 987324561
285267 296548137
287959 712835694
291533 892514376
297776 349675218
298593 732619548
303175 438629715
305782 548961723
305783 489617235
306955 167435289
310737 527816493
318307 596417328
318699 649572183
320372 184629735
320373 846297351
322766 317428596
326791 178356942
328051 532176984
328655 159682437
331867 642751983
334170 678321549
337473 352987461
339594 682739415
340075 785319462
345691 194687523
351750 953174862
352530 468257193
353178 257198643
362447 539624817
363917 985376214
366185 186759432
368948 469752381
368949 697523814
381527 546319782
382301 865197234
384128 647952381
384636 754612398
387498 927631584
390813 379546281
391040 186927435
395729 312845796
397841 136584927
403573 736219584
407160 263581749
407389 657213489
408892 632178459
408893 321784596
410010 632987541
412370 572893641
415411 893724165
420234 467189352
422427 781425963
423789 928137465
424345 542689317
425842 731842659
429164 397185624
430368 983416257
430969 219678534
430972 678534912
432102 468531729
432293 194567283
434392 456927138
435547 183967524
435669 812365479
436423 274395168
439013 534289761
443399 896325741
450264 276531984
460107 214597368
461323 253479168
462692 762834159
468442 615783294
468582 429351867
470592 342896571
475777 653842197
483308 917623854
484097 927136854
484537 815629473
492619 628915473
497535 415937286
498758 618349527
502259 241739856
502668 264789315
509305 927463185
511776 281579364
512524 982513746
513966 327168594
514734 796385142
521728 697483512
523489 726518943
523490 265189437
528090 695217348
531082 921386547
531085 386547219
536839 361485972
540840 519743826
549723 892641537
553276 178246935
555827 527936418
557063 472389156
561366 267198453
562385 341259867
564297 786935412
571286 726814953
575564 397164285
588554 724381695
590768 926435718
592662 361892475
595622 267584913
608529 625748319
609548 512638479
610981 581932674
611270 938416752
611905 694827135
612232 852364197
612351 235784196
617330 928673451
622142 917468253
628306 835297146
628955 427953618
633168 523781649
633713 968127345
635509 168472395
638647 157842639
638777 567239148
638863 365198742
639199 753468921
643130 352678194
654373 257649831
655530 945732186
656888 178349256
661903 742961538
663077 918245736
663078 182457369
666578 312749586
667282 463982751
667505 198237645
669445 768429135
675468 671258349
678112 465372981
679445 749615238
681244 356974128
682471 916584732
682737 817935264
691787 384726159
691977 453612978
695667 273651984
698967 183927546
700630 396745821
700807 827961534
712207 394718256
713921 139628745
715754 154937862
721859 742681593
722813 826391547
722814 263915478
724958 574982163
727400 486259137
733735 254168379
739538 428571396
741267 518642793
743230 754238916
743786 836412579
744115 147968235
744269 896347125
744271 634712598
758102 142897635
760654 596187234
766091 578492631
768018 819634275
768450 952186374
769231 368521794
772606 548637921
776518 648195723
776519 481957236
779068 876359241
782249 485926317
782890 621954387
783948 394521786
791518 168794325
791519 687943251
792482 315469728
798097 269514837
798098 695148372
798420 816972534
804268 945786213
806447 534168927
809070 253984671
809071 539846712
810673 238941765
812963 685394712
814641 948372516
816258 869527413
816371 591768324
820122 239165487
822489 943862175
825679 517398246
825680 173982465
829157 274638519
829158 746385192
829180 482153796
830782 456128973
839158 741658923
839159 416589237
839478 346982157
839479 469821573
840476 568234197
842055 385142967
847181 413859627
850341 698254173
851596 167943285
851955 461329758
854781 285976431
857769 124685739
859397 593426781
861806 985372146
869601 753214896
871326 386215794
872758 921684357
874588 213978645
877592 637159824
878503 824913675
878504 249136758
878505 491367582
879297 425913768
881052 174869352
883621 783492516
885216 983162457
885903 146598237
888822 296731845
889029 961285734
895453 876425139
896811 132658749
898084 287654319
898811 625149387
898812 251493876
902215 247615893
909902 398214576
914388 728519643
916245 943271568
918597 418675329
927894 732195864
927895 321958647
927896 219586473
927967 938645721
930367 864321759
930368 643217598
932489 417523869
933694 128659347
934945 278469351
938269 475961823
942919 926874315
942921 687431529
944184 496385721
944185 963857214
944475 418359267
944608 724835916
945716 459361728
947916 127536849
948100 273964185
948101 739641852
951633 864259137
952937 312845796
958181 379428561
961386 381259764
963659 785639412
966690 618542973
966691 185429736
968269 853621749
972266 583927416
974414 142586937
974421 372951468
979608 395247618
984685 674158239
985858 897413652
990727 892641537
991095 241563987
994699 526791483
999193 642971538
