10000
8 3
5 50
8 20
10 19
1 80
5 1
7 17
4 19
10 11
10 1
8 19
6 12
6 75
8 57
4 2
8 49
6 17
6 54
2 29
2 52
5 16
6 73
3 70
4 92
8 73
4 96
1 60
10 24
6 9
2 59
2 38
1 74
9 97
4 78
4 54
9 46
7 73
1 50
1 23
2 48
9 32
2 50
5 94
10 16
8 65
9 1
9 69
8 64
10 52
5 25
1 41
8 65
8 77
1 48
6 0
4 80
3 24
7 50
2 58
8 73
5 98
7 89
5 99
6 60
3 18
3 64
5 4
10 5
1 27
7 26
8 20
4 33
5 5
6 51
9 60
9 89
10 15
10 48
8 10
10 95
3 60
10 3
3 0
7 23
3 15
9 91
2 34
9 22
8 35
8 28
5 10
10 54
1 28
5 55
7 14
4 78
3 86
9 16
1 83
6 5
2 24
4 97
10 13
2 39
7 16
4 91
9 71
10 0
5 34
6 60
6 83
5 41
5 22
4 47
1 6
4 89
1 78
4 36
4 29
6 38
5 53
8 61
9 17
1 98
5 31
7 78
3 63
9 36
1 91
3 82
4 57
6 12
3 79
1 51
2 32
3 47
2 89
8 42
10 52
8 36
9 16
2 10
8 46
4 83
3 46
8 86
4 26
6 72
4 24
6 18
7 89
1 47
1 9
4 67
4 15
6 66
9 29
1 4
2 18
3 97
10 51
5 5
8 97
1 90
7 74
3 44
10 80
2 75
8 32
4 81
6 88
2 34
2 84
1 59
7 16
1 59
3 3
4 14
3 10
1 46
8 75
3 46
1 30
9 69
5 64
2 20
2 47
1 88
6 66
9 77
9 67
2 48
6 59
6 24
3 20
1 92
1 39
5 26
4 6
5 92
6 31
4 29
10 3
8 76
10 48
7 92
1 8
2 15
2 80
3 44
1 21
7 41
9 99
10 2
8 76
4 4
9 39
2 12
3 55
3 85
3 75
1 6
9 85
2 8
8 71
1 54
2 13
6 91
4 26
1 2
9 1
6 56
1 80
5 73
10 38
1 28
3 66
8 29
5 98
10 82
10 29
5 61
8 0
8 18
6 68
4 9
3 46
6 88
5 10
3 2
5 27
2 19
4 33
4 53
1 68
3 22
6 45
10 4
8 1
6 64
1 31
3 69
9 4
2 93
1 75
1 29
10 89
8 9
7 21
10 48
3 36
6 16
4 19
1 11
10 20
6 11
8 80
3 12
2 85
9 33
3 28
2 52
1 38
4 53
4 62
2 54
5 81
9 38
5 10
2 43
8 29
6 79
5 42
7 91
2 74
7 52
8 87
10 44
6 42
6 78
3 96
2 65
8 65
5 85
5 37
6 68
3 96
6 81
10 82
3 60
10 42
4 88
6 12
4 26
6 32
6 45
3 16
6 27
10 94
1 76
4 81
10 73
4 13
3 26
6 0
3 27
5 67
2 68
5 18
5 8
2 31
10 15
4 30
10 31
1 1
2 59
4 87
8 84
1 89
8 0
10 76
8 87
10 82
8 38
6 18
9 100
1 37
4 94
2 99
4 31
5 14
7 82
9 57
1 74
5 56
6 58
8 60
9 32
5 4
1 77
2 10
8 46
7 95
10 16
7 74
5 47
7 11
7 78
8 23
9 99
3 42
10 88
2 12
4 18
4 1
2 59
5 85
7 70
9 59
8 63
1 73
2 22
9 88
9 22
8 7
10 8
2 82
2 47
8 9
5 38
1 16
7 14
5 83
4 8
5 7
7 50
2 76
7 31
7 77
6 11
4 58
8 45
3 5
7 55
8 79
9 95
9 88
8 81
6 15
9 97
4 33
1 51
9 94
3 80
9 20
6 95
6 30
10 0
6 76
4 21
6 23
2 57
5 18
10 16
10 76
3 24
9 2
4 51
3 41
10 46
1 70
1 99
10 74
5 40
10 86
4 47
6 40
2 97
5 50
2 20
10 79
10 58
2 68
8 38
3 36
3 34
10 45
5 42
4 46
8 71
4 4
4 47
3 42
3 49
2 8
7 66
5 27
3 61
4 73
4 83
8 92
7 81
9 59
1 92
10 78
2 36
3 76
2 11
8 86
1 68
1 94
1 63
10 45
3 24
10 5
6 0
10 17
5 24
10 84
4 0
10 82
8 98
4 36
1 28
3 64
3 23
8 91
8 85
2 24
10 24
1 90
2 54
3 83
6 30
3 82
10 37
2 20
10 11
8 89
9 60
9 1
7 6
6 91
9 27
2 57
5 75
7 82
10 76
10 14
1 83
2 69
6 30
8 41
5 42
9 72
6 16
7 48
6 39
2 47
7 44
2 7
1 41
9 16
2 8
6 83
1 78
5 53
6 61
2 21
5 62
6 11
1 93
7 56
10 11
2 64
2 12
4 59
1 10
3 14
10 74
1 51
1 87
1 75
1 11
7 66
5 32
1 46
10 8
8 70
5 69
10 73
2 62
9 62
8 30
2 79
1 8
3 62
8 29
5 74
6 66
6 5
5 86
4 18
4 7
8 46
1 53
1 57
2 24
8 2
9 68
1 25
7 85
7 71
1 26
4 9
3 60
5 38
8 39
2 48
5 92
7 44
6 60
5 57
9 63
7 28
5 71
1 73
4 84
1 12
4 97
4 60
5 8
8 48
8 19
8 70
5 31
2 77
8 41
5 44
3 3
7 34
2 55
4 45
3 19
10 42
6 51
5 78
1 56
10 21
9 19
1 1
1 91
9 85
8 84
8 86
4 67
1 86
4 37
5 81
6 31
10 17
2 66
5 24
7 54
9 99
9 43
5 8
4 71
5 46
3 74
2 8
3 52
1 56
7 89
1 67
9 38
3 62
7 29
5 5
4 99
2 90
6 57
1 71
5 60
10 48
4 96
9 63
5 87
5 49
3 16
5 3
1 29
7 78
1 14
9 98
5 2
8 69
4 49
2 17
4 79
4 14
1 52
3 97
2 96
1 8
7 80
1 82
10 79
5 41
2 47
5 63
5 2
6 31
4 98
9 42
8 2
6 93
9 35
3 18
10 19
4 91
5 15
7 35
2 80
10 92
5 11
7 31
9 39
9 82
9 99
5 57
5 84
3 65
5 98
5 3
9 1
1 98
8 15
9 3
5 18
7 36
8 35
8 12
4 96
4 25
1 89
1 54
10 14
6 31
8 85
2 52
9 69
2 37
3 90
1 82
2 20
9 23
6 48
10 32
1 64
8 25
2 11
9 38
6 10
4 94
3 6
5 67
6 14
1 42
1 75
1 92
6 98
1 25
9 67
9 40
9 86
9 97
7 2
7 21
10 99
8 53
6 41
1 83
2 5
2 93
3 9
2 60
10 93
10 16
4 32
4 17
7 71
6 25
6 84
8 8
1 40
7 86
2 75
4 54
1 92
7 95
8 29
2 78
2 74
7 33
8 92
7 49
9 8
3 85
10 31
4 60
6 94
3 46
6 15
10 39
4 56
7 15
4 61
10 47
9 29
10 43
6 89
4 35
6 86
9 40
1 31
4 97
4 56
4 11
3 75
4 78
8 44
7 31
3 9
1 63
10 99
1 11
4 94
2 16
2 94
8 47
9 37
2 35
6 68
8 33
10 96
7 56
8 44
2 69
6 25
2 11
3 19
4 53
5 6
4 49
2 49
1 63
9 59
4 75
5 59
2 58
1 73
4 11
9 54
10 63
3 82
9 42
5 17
5 71
4 40
3 43
4 84
1 17
2 43
6 28
10 29
5 87
3 91
10 11
10 85
7 68
7 30
3 87
10 26
9 36
4 41
2 71
1 33
9 95
3 79
9 52
10 34
8 40
7 49
5 8
5 78
7 33
4 50
3 50
8 40
6 87
6 45
3 77
10 49
3 6
8 12
3 50
7 24
8 24
3 88
7 44
6 37
7 67
1 87
8 50
4 59
5 63
2 30
3 51
5 11
1 24
4 0
9 84
7 75
4 8
2 77
6 49
9 50
7 53
4 25
8 62
2 11
5 10
6 41
2 81
1 65
8 16
6 91
2 39
3 17
7 0
3 70
10 42
6 81
4 14
5 24
6 58
4 72
8 68
8 1
9 51
6 86
1 42
5 24
1 59
10 49
3 55
3 46
1 23
6 75
3 26
8 13
10 21
7 65
6 61
4 76
1 45
4 55
9 22
4 54
4 61
9 27
10 43
5 4
10 13
3 84
7 1
10 99
2 80
2 96
3 10
4 17
7 93
10 91
5 27
4 8
5 32
2 39
10 92
1 98
9 18
7 91
7 46
5 27
4 54
7 91
4 31
2 6
5 65
2 90
10 19
4 26
1 28
4 36
1 83
7 53
1 67
1 25
5 7
8 0
1 67
2 79
1 22
8 48
9 30
6 66
3 8
1 0
8 42
1 97
5 14
5 52
5 31
2 4
5 44
4 77
4 98
9 89
10 88
10 0
10 58
9 4
5 19
7 33
8 14
10 21
9 52
2 42
3 43
10 58
5 81
4 3
7 70
8 2
3 94
5 59
7 77
5 68
4 7
5 26
7 59
3 72
8 2
8 73
10 5
1 79
4 0
3 44
2 49
6 66
6 1
1 16
6 79
4 66
2 16
6 48
1 91
8 85
3 9
4 52
6 23
5 60
9 46
1 69
4 31
10 100
9 17
7 95
6 64
2 29
4 26
2 8
5 16
3 87
1 54
10 33
10 84
6 77
8 61
7 7
2 17
6 48
3 37
7 85
1 15
7 57
8 24
5 76
8 30
5 92
10 75
1 93
1 31
7 80
4 79
3 76
1 27
8 71
8 74
5 93
9 9
4 88
2 69
3 63
2 2
9 71
10 88
10 53
4 14
6 67
9 60
5 27
2 7
5 9
6 54
5 84
2 91
6 34
8 50
4 49
4 25
3 85
7 95
1 17
9 31
5 98
9 66
7 72
5 15
4 98
3 8
1 26
5 24
8 11
1 78
4 38
2 70
10 23
4 10
7 78
8 94
7 99
2 60
1 90
9 12
1 3
3 5
10 98
7 90
4 21
6 60
4 69
3 28
1 53
1 34
1 75
1 39
1 38
5 36
6 49
8 2
2 63
9 21
4 74
5 69
1 2
3 14
4 77
10 40
9 88
8 78
4 48
10 47
5 84
7 3
2 8
3 96
8 98
8 40
4 68
9 50
3 62
3 1
9 73
6 7
8 99
2 36
1 32
8 79
4 78
7 8
8 11
3 38
5 95
8 5
4 90
5 17
8 55
5 17
6 61
1 70
10 5
9 79
3 69
3 75
4 27
7 4
5 34
3 75
1 65
8 92
5 71
2 44
6 15
9 1
4 98
2 61
6 41
8 18
3 48
3 51
3 16
5 29
5 74
1 17
2 31
10 12
6 94
5 34
2 59
9 56
6 2
8 73
6 53
1 39
1 65
5 77
8 81
1 85
8 23
9 25
10 39
10 91
7 96
1 18
7 57
4 9
3 9
5 24
1 22
7 8
4 41
7 49
7 18
6 75
6 43
9 15
8 13
8 65
7 5
6 75
10 98
6 38
2 92
6 58
9 17
8 97
4 96
10 72
5 53
5 65
8 34
2 17
2 25
5 18
8 57
4 91
1 88
3 18
3 80
4 39
6 6
10 31
1 1
9 21
6 22
3 61
9 57
4 25
9 2
6 15
5 82
1 89
4 98
7 47
9 27
3 76
4 70
5 95
4 6
10 72
8 29
9 14
1 33
5 87
6 45
10 77
7 20
2 52
2 62
2 95
1 99
10 87
3 52
5 47
4 60
4 34
4 46
4 91
7 64
4 76
6 53
4 23
3 68
4 58
3 80
7 51
2 69
6 4
5 55
7 14
4 32
5 39
7 96
3 26
7 15
3 44
9 93
3 2
7 90
9 53
3 89
6 10
5 99
3 81
2 21
8 60
8 91
4 57
6 99
9 44
5 29
8 51
10 27
1 70
5 5
6 42
5 33
3 71
3 88
7 2
1 45
4 87
4 67
2 8
7 44
1 96
8 29
6 83
4 4
4 85
2 35
9 88
3 4
2 3
8 41
9 15
6 17
8 11
4 4
8 65
3 73
7 37
4 30
7 1
1 40
9 21
1 10
4 71
10 54
8 84
9 10
8 0
1 78
2 82
2 22
6 96
2 25
3 66
3 47
7 39
3 34
2 21
3 51
9 92
3 39
7 0
1 99
2 97
2 34
4 38
8 27
6 9
1 96
2 82
4 22
10 90
7 38
10 94
8 31
9 94
1 45
5 51
3 90
4 93
1 95
8 3
7 84
3 78
7 55
6 36
10 86
9 87
8 27
7 30
10 33
9 96
8 49
7 31
10 86
5 24
1 32
10 21
10 88
7 25
2 16
5 85
3 76
9 36
7 56
9 99
9 49
4 53
5 68
3 4
9 69
7 34
10 31
7 29
8 71
8 53
10 92
9 97
3 23
7 61
4 98
8 95
8 65
6 53
4 92
8 92
8 5
5 4
1 38
4 63
10 53
1 83
7 70
8 56
3 38
9 99
2 99
7 68
3 22
2 12
4 64
4 73
6 93
2 62
5 77
10 49
3 40
10 71
4 16
2 78
5 26
2 23
4 5
9 12
9 32
9 36
7 9
3 54
5 40
5 2
7 64
4 35
6 64
7 19
9 49
5 74
10 10
9 59
2 44
5 7
4 35
1 22
8 64
10 50
3 64
8 12
5 58
8 64
10 47
1 92
5 95
10 6
3 2
4 70
7 72
8 74
5 51
6 85
2 73
7 39
5 36
6 76
5 97
4 11
4 81
6 90
3 70
7 88
1 61
4 33
3 16
2 94
2 36
9 93
5 73
4 90
3 27
2 54
9 63
7 95
7 32
7 19
4 30
7 89
1 59
8 98
5 98
1 5
10 19
3 3
9 48
1 41
3 15
3 87
10 100
3 25
5 97
6 88
6 0
5 51
4 99
8 81
8 100
9 88
1 95
1 93
10 64
7 95
1 41
3 99
2 31
3 12
10 60
10 67
10 65
8 11
8 96
2 24
3 93
6 43
10 61
6 45
4 99
4 52
1 76
3 25
9 89
8 87
9 97
4 30
2 70
5 27
1 66
6 81
1 60
6 12
6 50
3 56
7 84
5 95
9 94
2 45
1 7
10 11
6 47
10 86
10 2
5 89
8 26
7 46
1 55
2 91
4 39
8 27
4 69
4 8
7 39
7 42
8 70
6 98
2 55
1 87
5 91
8 100
9 34
7 40
8 55
4 64
6 46
7 55
5 57
9 4
6 91
1 83
1 92
8 20
10 30
6 33
7 31
9 1
8 8
10 67
7 2
9 6
7 98
8 84
9 73
9 92
10 54
8 74
1 76
1 17
10 48
3 34
9 97
1 41
7 34
4 17
4 36
4 37
2 98
10 55
9 86
1 92
2 97
1 66
10 19
8 41
8 58
6 8
1 23
4 95
10 57
4 30
5 24
1 85
7 62
6 27
4 53
7 11
10 85
9 77
4 97
7 22
8 65
5 14
2 13
8 11
3 99
7 74
4 7
4 52
9 60
1 35
5 89
3 27
7 4
10 77
1 62
5 67
5 90
9 89
6 5
9 37
3 23
3 30
3 19
10 27
4 77
6 3
2 97
2 22
5 51
1 85
8 39
1 72
9 8
1 22
4 5
10 40
8 1
10 46
6 16
5 9
6 76
10 53
9 67
7 43
8 83
9 15
6 76
8 8
6 40
4 81
4 46
5 59
7 2
9 10
3 58
4 92
8 14
5 27
9 22
2 80
7 96
7 66
3 76
2 79
6 53
1 99
9 8
7 73
3 76
9 99
6 51
9 43
10 88
5 17
4 65
6 53
3 29
2 9
4 21
6 94
1 25
9 0
10 30
10 20
4 15
4 78
7 82
10 64
5 89
4 23
9 72
6 57
8 58
6 8
10 30
7 25
4 1
8 44
6 5
7 36
1 26
8 100
2 77
8 36
7 49
8 51
7 77
10 34
8 27
4 1
5 92
6 41
5 74
10 60
3 71
6 18
2 68
7 14
2 5
1 8
8 72
10 31
2 20
4 97
6 67
8 36
3 94
1 53
9 98
1 11
8 87
5 18
4 50
5 74
1 62
8 33
10 80
10 74
5 22
4 80
4 84
6 72
6 21
4 22
8 69
8 60
8 19
5 60
5 3
4 46
4 74
8 21
6 78
7 53
9 53
2 48
5 42
5 72
8 85
1 77
10 92
1 11
9 30
3 71
6 68
9 92
9 88
2 38
7 43
10 24
4 34
1 20
2 35
4 44
4 69
10 51
4 24
4 72
2 77
6 60
8 35
2 69
9 32
5 20
9 99
4 90
8 14
8 44
2 5
4 44
2 54
10 16
9 36
4 95
1 2
1 95
3 50
9 26
1 87
3 33
8 30
8 35
2 11
4 59
1 31
5 58
7 78
3 98
4 85
6 35
2 73
10 43
3 58
8 94
8 30
9 97
7 80
8 83
1 77
4 33
10 63
9 59
4 29
4 24
8 81
8 27
10 90
8 21
3 2
3 100
9 25
8 100
5 72
4 100
1 73
7 93
1 57
3 85
2 54
1 81
5 77
1 12
8 100
10 49
3 35
1 31
7 52
7 45
6 75
6 14
1 27
4 52
1 24
7 43
8 78
4 98
9 76
9 4
6 97
7 38
8 57
10 31
7 67
4 10
10 41
9 68
3 17
2 76
2 55
4 12
9 70
8 68
7 43
3 95
6 57
2 44
6 62
2 79
5 79
4 15
1 41
10 94
10 62
9 98
8 84
10 64
6 82
6 63
3 40
8 76
9 86
8 77
2 45
4 43
2 31
7 7
2 74
6 89
6 9
4 23
2 18
7 69
4 68
9 3
3 68
6 60
8 46
7 8
5 92
9 26
8 38
2 75
3 28
7 85
8 70
9 25
4 8
6 31
8 64
3 12
9 45
1 24
5 18
10 96
4 42
6 69
10 21
2 9
1 41
5 90
4 15
1 21
6 38
2 55
3 83
8 6
7 12
9 93
7 100
9 43
7 4
7 7
6 95
2 94
4 56
1 46
3 84
5 51
1 21
4 95
10 50
4 89
3 44
10 83
5 90
10 52
2 88
8 86
1 69
6 31
6 64
10 60
2 59
9 56
4 13
1 82
2 59
8 69
7 92
10 35
8 73
5 2
1 2
8 24
2 77
6 14
10 32
5 98
5 84
9 11
8 21
5 16
9 55
8 68
5 7
8 38
5 36
8 10
10 58
4 34
10 39
3 59
5 92
4 28
1 98
10 13
2 20
2 38
8 42
4 91
1 12
2 67
9 39
8 21
4 39
5 72
5 43
9 46
7 93
10 99
10 43
10 100
8 24
6 44
4 21
5 57
2 30
6 16
6 86
8 65
1 46
10 56
2 20
10 30
2 1
5 14
2 29
2 6
1 46
4 31
3 26
7 29
10 21
4 48
9 5
9 73
3 31
3 33
7 65
6 38
1 69
7 53
7 97
6 48
9 45
10 35
1 64
1 86
4 31
9 91
8 71
8 63
6 41
10 77
4 49
5 35
7 82
3 71
7 28
8 83
7 88
8 98
5 33
1 49
4 10
1 6
8 7
1 81
4 28
6 44
7 38
5 58
1 69
2 7
9 49
8 34
3 80
10 98
4 57
5 79
3 54
4 63
9 100
10 66
6 44
1 44
6 39
8 41
5 83
8 67
4 11
3 3
6 79
8 23
6 52
2 18
10 25
10 52
6 15
9 59
5 77
9 36
1 27
6 63
7 4
9 90
3 2
10 91
3 2
3 18
9 5
9 89
6 73
6 73
7 85
7 30
1 6
1 79
8 35
2 56
1 46
5 93
3 99
7 15
5 12
8 26
8 15
5 12
10 55
1 57
9 23
10 28
9 40
10 73
7 56
8 78
5 67
9 96
5 99
5 17
7 50
6 57
6 30
7 55
10 93
2 40
5 3
6 96
6 72
3 82
8 36
3 71
1 61
4 61
6 84
10 36
10 21
5 90
8 16
1 5
9 23
2 19
3 93
6 78
8 95
3 78
1 64
6 69
1 75
9 88
9 85
5 26
8 67
4 15
1 97
7 50
2 19
6 97
4 83
7 2
9 36
7 10
4 45
6 67
5 12
7 24
3 23
6 78
5 1
5 37
8 56
2 72
9 61
6 3
2 49
7 10
8 97
1 68
5 7
3 48
4 62
4 65
2 72
2 30
8 63
9 22
7 44
5 18
5 52
3 35
5 44
6 98
5 57
1 70
9 63
10 46
9 86
9 87
9 12
7 77
7 28
8 16
6 88
10 71
2 92
4 80
8 100
6 20
10 22
4 16
3 15
2 51
9 72
8 79
9 43
7 87
8 57
3 88
6 40
1 38
7 23
4 0
2 77
2 13
1 88
9 66
3 10
3 7
7 33
9 24
10 68
9 62
7 91
7 81
4 40
9 80
8 94
5 100
2 73
4 53
10 33
1 35
1 90
6 7
3 52
8 76
10 61
1 92
8 90
6 22
8 58
10 88
4 32
4 29
1 37
8 67
2 66
3 0
3 59
10 42
10 77
1 97
1 53
2 34
1 72
9 79
7 82
7 65
4 36
9 47
9 19
1 74
1 29
1 87
10 9
1 31
4 6
1 98
4 3
3 97
2 7
6 26
9 48
5 35
4 3
7 41
7 59
6 14
4 81
10 16
1 7
1 1
1 70
9 1
2 77
8 25
6 30
6 74
2 26
6 3
1 28
1 52
6 53
2 80
3 67
9 94
8 10
6 1
7 85
6 20
7 34
2 55
10 33
1 22
1 8
3 62
1 35
10 43
4 81
8 97
9 65
1 50
6 81
9 59
7 7
10 46
1 60
5 44
4 81
7 64
7 40
4 32
8 98
7 33
1 78
5 26
2 57
3 45
5 52
9 88
1 56
9 35
8 47
5 39
10 33
1 24
6 45
7 68
6 63
10 72
1 34
4 79
5 21
7 19
7 71
7 43
1 50
9 17
5 35
5 60
5 80
6 63
9 35
1 3
1 66
1 57
6 37
3 13
3 36
7 93
6 2
3 74
2 3
7 15
2 62
2 100
4 8
5 9
8 80
10 5
1 45
3 25
5 94
9 26
6 92
7 2
3 42
5 83
7 11
6 89
10 81
5 8
2 98
5 86
1 27
3 77
9 67
4 70
1 56
8 20
8 96
9 66
1 90
6 37
4 49
8 67
3 88
9 76
1 92
1 82
10 2
3 9
7 73
4 77
3 82
1 11
6 85
2 42
6 73
6 73
9 15
3 96
3 69
1 8
8 14
4 56
4 77
9 35
5 67
7 19
2 5
1 77
10 1
10 9
3 58
10 33
1 82
8 46
9 18
6 58
10 84
6 98
5 67
2 81
7 86
10 19
2 64
4 7
2 64
6 50
10 2
5 69
6 8
2 7
7 100
7 1
2 79
4 0
3 39
5 99
3 39
3 52
8 75
1 90
3 94
3 52
9 56
3 14
3 71
3 72
3 47
2 4
3 96
8 99
5 52
6 55
7 9
8 52
3 71
4 10
7 33
4 52
9 89
6 83
1 52
7 82
8 36
7 22
2 95
2 76
9 37
8 34
7 71
5 44
4 41
4 9
6 38
3 46
9 67
2 8
10 61
1 64
2 88
8 40
2 60
2 7
5 9
2 98
8 63
4 37
2 89
8 61
7 38
2 53
1 30
5 25
10 41
8 56
4 62
6 41
1 98
9 68
7 55
3 64
2 55
8 79
3 37
1 76
9 97
8 34
7 8
2 20
7 62
7 58
2 50
7 3
2 61
10 36
1 53
5 16
8 17
1 92
3 35
9 34
3 33
7 66
2 24
1 22
1 82
2 37
10 93
10 30
10 4
4 28
1 42
5 5
1 62
8 81
8 99
10 45
7 38
4 61
4 75
5 88
5 58
6 93
6 82
10 97
9 99
10 99
9 86
3 4
7 84
9 41
6 87
10 93
3 19
6 30
2 46
5 84
2 67
6 24
9 61
10 62
5 42
10 63
4 34
10 44
8 74
4 16
8 94
6 85
4 35
2 1
6 48
5 91
8 13
9 93
7 0
7 48
3 31
10 14
9 90
3 49
3 40
3 24
7 1
2 97
8 41
1 20
10 12
3 11
7 6
9 41
2 63
9 9
2 35
6 18
2 68
6 84
2 94
10 35
8 22
9 85
8 69
6 13
1 50
9 0
3 74
7 89
9 20
3 59
8 32
5 69
3 10
3 43
1 94
7 49
10 94
9 13
5 17
6 99
7 19
5 24
6 63
4 1
1 69
8 96
2 42
5 1
1 85
9 89
4 34
5 69
9 51
8 57
10 77
8 85
9 47
9 32
5 37
4 69
9 60
10 65
4 57
7 90
7 39
3 36
7 64
5 79
8 77
5 56
9 13
10 14
4 18
9 46
10 24
3 13
3 85
1 23
1 25
7 26
5 83
6 39
6 85
3 54
2 37
6 12
9 80
9 51
1 35
1 23
6 76
3 35
4 100
4 26
4 83
5 68
4 79
4 50
2 57
10 93
5 88
9 74
6 3
3 70
10 77
5 19
6 55
4 88
7 38
5 75
2 71
4 46
2 7
6 60
2 12
5 44
3 67
6 15
8 23
4 76
9 82
3 42
1 79
2 77
9 17
6 60
9 30
1 26
1 68
2 1
5 65
6 88
9 68
4 5
6 38
1 54
10 10
10 3
9 56
3 80
6 32
10 19
2 44
6 90
9 54
4 43
9 5
7 12
3 44
7 100
2 59
6 73
6 90
4 63
3 100
9 64
1 97
3 79
7 22
6 57
5 24
8 18
10 55
9 84
9 83
4 74
9 57
8 64
1 39
9 57
6 40
3 22
7 5
6 26
2 1
3 51
5 54
9 61
5 61
8 93
7 73
4 50
8 92
8 24
4 14
5 25
10 50
9 64
7 85
7 42
2 58
7 18
6 91
10 52
5 99
1 65
2 86
10 29
5 46
10 98
5 9
9 48
9 63
1 5
10 28
1 85
9 54
3 39
4 69
5 96
1 63
8 46
4 11
5 33
9 71
4 78
7 47
4 93
9 67
4 53
5 45
2 99
5 94
4 60
7 86
2 21
9 24
6 69
6 69
4 76
3 65
3 36
1 13
2 68
6 81
3 8
10 27
10 21
8 73
2 46
3 0
4 41
5 27
8 32
8 61
3 39
4 22
4 78
8 23
8 55
3 50
9 22
8 17
3 89
9 26
9 52
2 2
2 43
8 78
6 23
2 40
4 89
6 92
3 71
2 89
5 21
10 40
7 77
4 55
8 61
8 22
3 59
6 79
5 94
2 33
7 33
8 20
3 28
9 99
3 71
4 9
4 82
2 35
6 82
3 45
5 62
3 79
8 70
2 35
1 85
3 54
2 76
4 78
3 60
8 89
9 62
6 98
2 59
10 90
3 39
2 62
4 54
2 5
8 66
7 65
8 21
9 35
6 77
7 96
1 4
9 2
10 28
8 83
8 39
8 76
8 30
1 95
3 35
8 54
6 81
8 94
7 37
7 61
4 6
10 76
10 48
4 81
2 35
6 33
6 50
2 58
2 60
1 68
9 28
1 11
10 66
10 79
9 57
1 90
4 32
4 41
4 17
7 14
9 28
1 87
10 88
1 52
10 89
4 72
7 80
2 31
7 47
4 79
5 84
7 19
5 89
5 49
6 15
8 16
1 29
8 90
4 47
2 32
6 31
7 75
2 61
8 90
6 99
7 48
4 42
2 37
4 33
8 96
4 94
10 89
3 19
10 5
9 83
5 25
1 95
2 88
1 47
4 9
2 81
6 96
9 2
8 8
10 30
1 36
9 48
2 99
2 74
10 70
3 86
4 35
10 40
9 37
1 62
4 50
7 80
4 2
8 63
9 29
7 19
10 4
8 21
3 96
7 30
6 40
7 34
3 39
4 71
5 2
8 60
9 15
9 87
2 88
2 35
6 12
4 12
4 47
6 80
9 20
1 24
1 77
9 31
6 16
4 15
1 3
3 30
3 22
8 53
3 83
9 54
5 10
6 55
1 64
3 92
10 80
2 65
6 100
8 62
8 78
2 42
2 34
4 40
6 92
3 90
9 81
4 32
6 78
2 31
1 83
3 84
3 15
2 25
7 5
10 26
7 93
4 76
6 66
8 49
5 54
7 32
8 91
9 96
6 63
10 38
8 49
1 39
8 60
6 10
5 69
10 34
8 15
6 99
5 52
4 69
7 69
10 86
9 0
2 37
3 46
3 38
4 6
9 25
6 30
8 4
9 48
9 31
7 86
5 94
1 9
1 15
7 11
4 16
5 3
6 54
4 71
1 93
10 41
3 90
5 2
6 91
5 0
1 39
2 40
1 23
5 77
2 93
9 24
2 72
3 98
2 9
6 42
8 53
5 90
3 8
7 48
2 84
6 79
1 34
8 84
6 93
9 45
6 11
4 53
4 24
7 17
6 41
4 80
4 55
7 54
5 48
9 12
6 55
9 93
3 86
7 37
8 58
2 49
8 68
10 49
8 86
9 46
3 96
4 3
7 96
10 16
4 57
6 70
3 96
3 27
6 35
9 33
5 89
10 100
4 71
4 59
8 90
8 53
10 60
8 38
8 18
8 90
6 71
1 1
4 85
5 47
6 78
8 48
10 94
1 8
6 30
8 31
3 66
2 45
2 18
8 78
3 8
7 13
5 55
9 34
1 26
10 8
3 0
7 80
2 51
3 99
2 51
6 3
5 48
6 54
5 41
6 28
10 26
2 68
1 41
6 76
3 28
10 82
4 33
4 59
10 19
9 37
5 14
4 43
10 21
4 31
1 69
5 15
9 1
7 58
2 66
10 89
2 30
6 81
4 29
7 39
5 47
6 55
2 63
4 71
2 66
3 10
3 46
6 79
6 83
1 1
9 91
10 4
1 93
2 65
4 21
4 55
4 93
2 93
3 85
1 62
2 92
2 93
9 52
7 18
1 36
3 9
5 94
1 96
3 10
8 58
2 83
10 53
5 32
1 75
3 85
1 40
4 42
3 98
2 38
6 93
5 61
9 25
10 15
8 14
9 97
1 20
7 14
5 27
5 91
5 33
3 38
1 50
7 40
9 11
5 32
8 6
1 28
8 55
7 93
5 74
5 86
1 37
6 7
9 92
6 94
1 15
6 85
3 2
4 65
3 38
6 74
4 80
6 79
7 67
10 49
1 10
7 37
1 44
10 24
9 90
5 84
8 55
10 68
2 93
2 31
7 26
3 0
3 23
1 15
5 80
4 88
8 7
2 44
4 33
4 92
6 8
4 49
7 91
1 9
4 1
1 30
3 99
7 49
5 96
3 79
1 91
6 40
4 42
7 11
6 100
2 98
5 96
7 92
7 53
4 98
7 47
8 5
4 70
1 22
7 56
10 46
3 14
7 16
2 99
5 52
1 55
7 86
8 54
3 43
5 52
2 85
5 37
2 40
9 69
9 81
7 93
6 62
2 47
2 26
10 59
6 43
4 40
6 33
7 71
3 46
10 74
6 30
1 87
2 19
7 68
6 39
7 36
5 7
3 5
1 53
3 44
9 25
1 55
7 26
3 67
9 3
1 56
4 43
5 82
4 75
10 81
3 90
3 100
2 93
7 70
9 96
8 60
4 95
8 45
2 38
1 87
5 14
7 1
3 19
5 82
2 14
2 73
9 96
1 50
6 75
4 99
10 81
1 8
3 35
1 3
1 71
7 43
6 86
5 47
7 62
4 30
10 16
5 11
2 40
5 61
6 11
3 84
5 9
5 20
4 42
1 41
4 28
9 81
5 80
6 46
7 13
10 92
7 51
1 0
3 44
7 75
5 38
10 71
5 40
5 94
3 27
7 55
8 7
3 41
4 18
8 34
5 58
1 19
6 78
8 85
6 77
3 93
5 61
9 78
1 9
1 84
8 9
5 66
7 39
1 29
1 65
4 33
10 86
3 51
2 54
4 66
5 69
3 22
4 59
9 11
10 92
5 68
3 62
10 91
6 50
7 34
4 65
9 52
7 82
8 45
7 81
3 0
5 18
7 33
3 17
8 64
7 42
4 96
2 60
3 99
1 28
2 68
10 12
4 54
8 63
10 79
9 25
3 61
3 16
4 75
8 25
4 3
2 89
5 20
9 87
7 38
5 74
9 92
4 39
10 49
9 71
4 5
5 55
3 84
1 94
7 74
4 100
3 19
10 43
1 4
5 24
4 82
2 1
8 86
8 8
7 60
10 10
6 23
7 14
9 5
7 52
3 19
9 7
2 12
2 100
3 72
10 46
4 77
5 46
3 18
3 82
10 46
1 8
2 61
2 32
6 52
9 20
9 38
3 0
10 43
4 10
10 98
5 94
4 59
4 27
7 33
4 80
7 8
9 24
6 80
5 97
10 19
10 27
2 61
2 83
6 70
3 65
10 80
9 96
8 90
8 84
4 49
7 75
2 60
9 42
5 12
2 14
3 49
10 60
2 93
1 36
5 63
4 3
2 63
4 82
9 14
7 66
10 64
4 3
7 33
2 82
4 95
10 92
2 79
10 82
8 42
2 71
1 52
3 3
3 52
1 10
2 69
9 73
9 50
2 96
1 57
8 62
1 4
4 45
9 12
9 16
3 61
5 29
8 25
6 91
6 5
5 0
2 59
1 96
10 42
10 73
9 81
6 60
10 97
3 99
2 70
6 16
7 45
8 24
4 71
3 74
3 56
4 60
2 44
7 31
9 70
7 40
6 26
3 35
8 49
4 68
1 53
8 82
5 49
10 25
10 93
10 16
3 84
7 56
5 77
2 42
4 0
9 84
9 1
4 17
7 29
5 93
9 65
7 4
3 86
4 26
3 100
7 33
1 41
8 86
4 58
9 92
3 15
3 47
6 76
2 83
6 91
10 56
3 30
4 71
8 76
5 88
4 96
9 16
9 45
3 71
1 31
4 42
7 90
6 36
2 67
10 96
10 94
1 86
7 86
6 50
6 1
7 65
7 69
8 26
10 92
4 23
7 12
1 23
6 25
7 84
9 89
4 52
5 19
8 93
1 43
5 97
10 56
6 35
10 52
8 13
9 43
2 65
4 37
4 56
10 43
7 76
2 4
2 70
10 72
10 68
5 84
3 39
1 52
3 33
3 67
4 16
10 67
7 32
4 60
1 8
9 42
5 21
2 78
9 71
3 41
9 46
10 81
5 67
7 86
9 4
2 61
2 44
2 38
2 29
8 65
7 39
8 24
6 48
10 6
5 16
1 100
6 55
8 56
5 49
1 95
5 14
9 71
8 99
1 84
7 96
10 98
9 34
1 96
3 16
2 74
9 46
4 63
4 56
3 76
1 99
5 42
3 48
4 44
10 80
2 48
4 97
5 66
4 20
7 8
10 55
8 97
4 87
1 96
3 15
6 93
3 28
7 18
1 16
3 50
1 15
1 3
5 28
6 97
8 49
9 20
3 7
8 85
3 93
2 38
1 81
7 28
5 43
7 44
3 63
7 17
9 41
10 11
1 84
3 19
10 70
5 15
3 96
2 96
10 35
10 21
6 65
4 21
6 86
5 17
3 6
3 51
1 89
4 92
8 77
3 6
10 63
9 64
4 70
7 90
3 89
8 41
2 42
6 35
4 66
7 52
10 45
4 83
8 41
8 32
6 82
1 30
4 80
1 43
6 46
7 3
3 59
7 5
7 89
10 61
3 98
1 76
8 26
9 83
3 62
1 67
2 74
5 66
7 57
5 77
7 45
10 41
9 47
5 17
8 85
9 2
7 42
10 95
9 56
3 64
7 71
1 15
8 20
3 74
9 78
8 43
1 71
7 61
3 11
9 61
4 72
6 43
10 4
9 71
10 3
3 48
7 34
8 3
8 72
10 40
5 23
10 22
10 66
7 32
8 2
10 98
6 20
2 21
6 19
9 80
7 90
7 9
10 19
1 16
5 25
7 7
5 69
8 10
4 98
4 70
6 68
5 91
5 24
9 26
7 84
9 41
2 17
2 85
10 86
6 4
6 53
10 5
5 12
8 14
2 71
8 25
9 7
4 43
8 3
10 52
8 24
4 97
8 85
5 83
5 57
8 13
9 73
4 32
2 4
4 17
8 59
6 66
4 15
1 21
10 7
6 23
7 59
3 40
6 29
3 100
2 53
8 94
3 71
3 97
6 97
8 98
1 84
1 59
5 41
2 54
6 22
3 59
10 90
9 67
4 63
4 0
6 72
10 76
9 43
5 18
3 20
8 14
2 49
2 99
5 75
7 66
8 94
10 42
10 60
2 89
4 72
4 96
5 18
7 37
10 3
2 75
9 18
4 20
1 60
8 61
7 95
2 96
10 29
6 45
1 75
4 41
10 78
2 57
4 100
5 91
1 75
2 70
2 34
3 58
2 92
10 82
7 18
2 2
1 96
4 73
8 52
5 99
3 30
6 43
2 69
9 43
3 2
7 10
5 88
3 65
6 24
1 5
10 27
5 89
3 26
1 49
9 24
8 96
7 8
10 81
9 52
7 86
1 7
1 100
8 67
10 97
2 28
2 13
9 89
2 72
5 77
2 85
6 47
1 1
10 19
5 44
5 53
10 64
5 67
6 3
7 39
7 8
10 31
6 5
1 48
6 49
9 23
10 98
7 41
9 23
7 84
3 16
6 54
6 54
6 49
8 97
8 20
9 68
10 52
10 46
10 32
2 97
3 33
5 60
9 68
2 20
4 46
3 65
6 66
3 54
4 67
4 83
6 57
1 2
8 22
4 73
9 71
2 26
9 58
8 51
4 52
3 27
8 9
7 96
8 58
3 75
7 52
5 71
7 12
1 15
10 27
10 57
9 68
9 31
3 40
4 50
1 65
2 28
4 16
8 9
2 61
10 71
7 7
5 2
3 74
3 32
10 54
7 63
6 68
3 93
1 21
10 53
7 2
8 73
4 12
5 10
7 96
4 33
6 72
1 40
3 0
9 98
7 18
10 49
9 15
4 1
6 74
2 89
10 63
7 12
2 6
7 33
9 22
5 65
9 86
7 15
3 49
5 2
5 13
3 17
3 7
8 32
5 87
9 90
8 64
6 30
4 88
6 20
4 26
8 22
5 92
5 1
8 1
6 35
9 95
9 9
10 26
10 78
6 86
6 12
10 92
2 84
1 94
9 1
6 84
8 28
2 2
2 46
7 4
3 36
5 84
2 5
9 28
7 96
7 71
8 12
9 67
3 7
8 90
9 99
7 6
8 52
5 34
3 37
4 93
1 68
7 21
7 75
10 40
1 67
1 99
4 2
7 6
6 56
7 64
1 91
3 100
7 20
4 39
9 0
10 88
4 49
7 14
4 61
5 30
4 8
9 26
6 80
4 89
8 81
9 54
4 87
9 89
6 26
10 90
4 20
1 90
1 7
7 31
1 45
8 89
1 31
6 98
7 36
6 10
5 64
10 11
7 82
8 76
2 61
3 52
2 8
6 27
7 39
6 61
1 43
10 24
1 84
6 60
2 83
8 25
10 30
7 30
7 97
8 63
4 47
4 63
7 35
7 76
5 2
1 26
6 25
3 49
9 47
5 77
3 96
3 15
6 65
5 22
9 56
3 33
3 62
2 81
3 67
8 5
9 83
10 41
6 1
2 16
9 5
7 53
5 13
7 13
8 44
6 61
10 9
6 72
4 45
5 14
7 67
5 16
9 95
2 21
8 14
5 2
5 6
2 35
6 87
10 26
8 28
6 30
9 62
7 95
1 63
4 76
8 37
5 43
1 33
10 30
5 5
9 5
1 33
4 55
2 72
1 31
10 35
4 67
8 88
8 59
3 18
9 28
5 96
7 42
5 59
2 8
8 72
4 30
5 12
2 21
1 18
9 78
1 79
1 63
1 87
3 49
10 6
10 1
7 67
2 91
5 100
8 86
1 33
7 58
2 78
5 45
8 63
10 41
3 52
6 89
2 19
2 56
2 32
7 68
1 16
5 49
5 56
2 10
1 29
4 70
8 58
6 16
2 19
5 60
6 36
9 45
7 65
8 13
3 92
10 100
1 69
10 73
4 24
5 99
8 92
7 39
1 24
4 94
9 55
10 95
9 86
8 9
4 58
8 51
3 32
9 66
2 84
4 45
7 27
5 94
9 89
1 58
4 41
6 43
7 68
3 88
2 84
10 65
4 35
6 40
5 90
9 67
1 70
4 9
5 7
6 2
1 16
1 23
5 87
2 88
6 92
7 64
1 29
7 85
1 53
8 50
7 44
5 73
8 9
8 81
1 3
1 79
6 31
6 37
5 95
2 34
6 25
1 31
3 49
3 49
3 19
8 93
2 33
4 69
3 53
2 27
8 30
9 62
5 37
8 54
3 46
1 42
10 3
4 29
5 23
7 69
10 63
2 74
7 89
5 83
6 50
1 12
2 75
10 14
6 18
6 85
10 47
6 74
3 95
4 7
4 1
7 29
6 11
8 39
10 3
3 94
6 35
1 3
5 30
9 10
3 87
10 72
6 11
9 31
5 50
2 73
4 11
9 38
5 61
10 50
8 68
9 65
8 71
4 99
4 74
5 32
10 3
3 77
2 38
8 28
8 66
3 57
8 35
4 83
7 24
6 5
5 31
10 79
8 52
3 12
4 28
7 48
7 65
6 26
2 44
3 35
1 45
6 54
3 30
7 85
3 28
8 47
1 41
7 94
2 65
5 40
10 24
3 95
7 24
7 50
2 46
4 77
6 5
8 23
5 80
6 90
10 14
7 9
10 0
1 55
5 84
1 74
6 93
4 50
8 36
8 54
10 86
3 23
3 71
2 39
2 39
3 90
8 30
1 55
10 66
4 22
6 56
3 37
8 85
4 5
2 96
6 2
4 71
3 59
9 75
10 52
6 57
10 7
10 63
3 93
2 42
9 68
9 48
1 21
4 23
4 22
3 89
10 68
6 9
9 31
7 23
10 26
9 37
2 52
4 13
10 93
7 16
9 48
8 3
10 22
5 80
1 97
6 24
5 26
9 24
2 36
3 14
10 0
10 36
6 42
3 59
4 95
8 31
3 12
9 39
6 47
6 53
6 80
4 22
9 10
2 18
3 40
7 17
7 51
4 62
9 6
10 61
3 8
5 73
10 38
2 23
5 31
4 100
8 75
3 11
8 2
10 61
6 28
1 95
8 54
6 14
2 59
1 13
6 47
6 95
8 76
3 24
9 65
2 77
8 12
8 27
5 7
2 42
10 70
1 28
1 13
8 7
1 41
7 9
9 16
7 35
6 84
6 67
3 76
3 73
3 1
8 89
2 48
8 47
4 35
7 28
4 30
8 0
4 40
4 31
5 17
1 62
6 38
6 25
10 5
8 35
8 73
9 91
6 89
7 97
6 24
7 54
5 99
7 65
7 17
4 34
6 15
7 17
1 66
9 63
7 100
1 95
8 87
7 100
2 49
10 27
6 41
1 50
1 38
7 26
1 55
8 77
3 35
3 93
8 39
7 40
5 38
4 7
5 99
3 74
9 79
9 68
3 61
9 38
6 92
7 83
7 79
10 29
9 74
1 36
8 37
10 80
2 70
10 38
2 59
5 82
5 4
10 32
4 28
2 54
1 29
4 20
6 15
3 31
4 72
2 36
8 48
5 27
3 93
1 83
7 85
6 1
6 51
5 73
4 22
5 68
2 66
8 90
8 63
6 1
3 17
5 41
1 56
7 74
5 73
1 79
9 100
2 95
3 3
7 59
1 88
2 88
8 20
6 20
4 42
6 66
3 70
10 19
9 92
8 66
6 42
7 15
4 18
5 45
3 60
9 25
1 32
1 80
1 58
10 9
5 52
9 96
3 79
5 16
6 25
4 94
2 95
3 87
10 57
6 20
4 65
10 6
2 84
5 43
1 75
8 41
1 99
6 48
4 71
9 35
7 86
1 91
3 7
5 61
4 77
4 82
9 95
8 88
2 98
7 21
1 66
4 75
6 16
3 34
5 15
9 51
2 21
6 31
1 41
8 55
6 91
9 36
6 64
7 26
5 29
1 88
6 85
7 54
3 64
4 13
5 11
1 53
7 72
4 3
1 18
9 99
10 38
4 17
6 79
9 66
8 16
10 68
9 5
9 89
8 39
4 41
2 13
2 15
10 64
4 48
4 43
2 62
1 2
6 22
10 21
7 19
6 73
2 44
9 42
2 96
3 25
7 43
9 63
6 70
1 89
5 87
2 79
2 52
4 74
2 78
10 75
1 82
2 24
7 47
1 89
7 78
10 43
9 73
2 54
1 3
4 79
8 100
9 88
4 27
9 32
6 43
1 3
3 26
1 47
10 48
1 13
6 56
5 0
2 55
8 58
3 98
3 16
6 65
4 21
1 89
7 98
5 33
9 66
1 84
7 54
10 87
2 89
1 87
9 90
5 100
7 99
5 96
4 82
1 25
9 52
2 18
2 48
8 86
4 63
4 6
10 21
1 90
4 77
7 13
9 99
4 5
7 18
2 48
10 89
1 75
7 80
6 95
2 48
8 64
6 71
7 100
2 76
7 94
7 12
6 66
9 42
9 30
6 34
4 82
2 42
3 88
8 26
1 93
7 99
9 20
3 32
3 39
3 25
5 30
4 9
9 38
2 56
10 54
3 50
10 6
10 80
9 2
7 33
10 80
1 8
8 95
3 83
2 68
8 33
4 22
10 90
9 0
10 48
8 30
3 26
2 68
8 66
3 72
3 91
3 85
4 61
1 0
3 41
9 7
10 29
8 77
7 14
8 37
10 35
5 86
6 25
4 58
7 77
3 50
8 34
5 92
6 13
5 5
5 12
9 33
5 78
2 78
8 43
9 100
8 72
10 99
3 44
10 70
10 6
5 45
3 17
4 50
8 40
2 47
2 72
5 29
3 84
9 97
4 38
6 74
6 44
8 59
6 15
1 14
5 56
3 75
5 87
2 9
4 53
8 72
2 97
10 88
1 72
6 29
2 35
3 67
9 2
4 56
7 52
10 87
5 42
3 71
6 63
7 27
5 83
1 95
2 40
5 38
3 51
3 55
2 38
1 46
2 83
10 62
9 54
1 85
10 4
8 75
3 69
9 64
7 37
5 33
7 74
5 75
5 34
9 16
10 70
4 71
6 91
6 31
9 81
5 19
2 61
2 46
5 99
1 50
5 11
4 99
4 82
10 89
9 1
2 35
1 0
1 92
7 11
1 17
2 50
10 83
5 85
4 38
3 59
6 15
9 81
2 87
1 99
2 71
7 33
4 73
9 28
2 96
1 5
8 90
1 59
2 79
9 97
1 17
1 24
4 42
3 77
4 93
2 36
9 18
8 46
1 62
10 23
1 92
8 22
2 85
1 1
8 65
3 34
3 39
7 63
1 94
6 63
2 53
10 2
8 58
9 68
8 74
6 8
2 52
8 27
3 9
1 78
8 3
8 95
9 49
4 94
2 79
9 67
2 3
8 56
5 43
3 68
4 20
1 64
5 25
4 76
8 36
1 52
10 32
5 89
4 41
4 16
8 28
7 19
4 46
6 13
7 35
2 34
6 83
6 66
3 84
3 1
9 21
7 32
10 89
5 38
7 8
3 11
10 72
10 36
5 4
10 49
5 24
2 35
4 27
10 72
3 72
4 84
6 95
9 78
9 81
9 86
10 23
10 17
9 5
1 92
5 45
3 80
10 75
10 28
1 3
7 0
6 33
9 27
5 4
6 76
1 43
2 28
2 61
9 64
8 63
10 76
8 5
4 92
8 79
9 89
6 99
1 61
4 44
5 73
4 78
9 56
7 62
6 7
8 95
6 22
4 60
6 35
7 92
9 57
7 66
3 42
1 29
2 41
1 55
1 51
3 70
7 46
4 90
2 82
3 42
3 99
4 32
10 50
2 72
3 12
2 32
5 68
2 51
10 32
9 36
10 33
6 32
7 2
9 52
8 21
8 38
9 76
4 29
9 10
9 57
1 29
7 17
9 4
5 42
9 64
8 46
5 7
10 67
5 50
2 77
10 62
2 73
4 37
6 94
9 58
7 41
5 70
10 34
10 100
2 51
4 57
2 44
1 47
3 92
1 20
7 7
1 81
1 62
9 96
4 73
8 34
3 61
10 67
8 51
8 74
5 76
4 8
9 21
8 55
5 26
4 88
7 35
7 44
5 26
5 40
9 88
4 34
3 28
4 97
10 37
4 32
10 9
9 12
5 85
8 79
3 26
3 55
3 53
7 26
9 8
6 61
9 42
9 60
6 59
5 25
9 4
2 74
1 0
7 51
3 29
5 96
1 94
6 19
2 11
10 4
10 92
4 18
8 1
10 68
1 71
5 42
9 47
4 49
1 27
2 40
1 40
8 45
9 84
9 25
9 2
2 90
1 95
9 96
3 90
9 80
4 81
8 38
5 34
8 44
3 78
8 4
4 74
1 81
3 34
10 76
3 23
6 47
6 83
9 60
8 50
5 66
8 76
3 49
9 47
5 15
4 22
6 65
10 52
1 56
2 100
2 27
1 65
4 84
9 95
1 51
8 48
10 6
8 24
7 73
9 15
8 61
7 15
5 87
3 53
10 83
8 7
7 72
6 56
2 43
10 26
7 53
6 4
1 38
1 46
7 68
1 81
2 88
7 93
4 63
5 85
5 86
9 68
8 87
7 23
4 43
7 38
9 33
6 80
5 28
4 69
9 19
6 41
6 96
3 78
4 71
8 26
3 52
1 90
1 43
3 31
1 19
1 14
6 15
10 61
7 89
3 56
1 23
1 94
6 50
6 72
8 52
2 3
8 56
3 46
10 39
10 56
3 16
7 78
1 2
7 40
7 52
8 38
10 20
5 97
9 33
2 51
6 33
10 11
9 53
7 50
5 52
2 84
1 12
7 9
1 76
1 75
8 41
5 64
7 5
9 38
1 13
3 63
8 78
8 98
6 63
4 8
5 74
3 28
9 86
2 74
5 31
3 74
2 44
9 80
2 94
4 13
5 1
2 66
3 39
1 22
6 67
7 98
1 100
1 91
4 69
6 82
7 47
3 58
4 59
1 46
9 27
10 50
8 6
8 10
8 65
9 56
4 100
9 60
6 5
8 78
1 56
6 67
7 82
3 57
10 85
2 39
5 26
5 71
1 55
5 92
10 52
6 50
1 90
5 40
4 53
3 67
2 1
2 36
4 35
4 79
9 67
9 3
6 92
3 53
8 92
3 96
8 18
7 57
4 89
3 38
4 98
6 50
8 80
5 51
8 73
4 40
8 68
7 79
7 57
1 70
6 91
9 70
3 66
10 16
9 23
10 55
6 40
9 1
5 30
8 65
3 97
5 75
10 40
10 40
9 33
9 78
5 99
6 68
6 22
4 1
5 9
9 78
8 98
7 2
10 52
8 16
1 67
7 100
1 17
3 37
9 32
6 90
1 6
6 72
4 17
7 18
1 64
9 73
8 58
10 56
5 62
1 27
7 24
1 85
2 22
4 65
1 83
7 55
6 16
7 43
4 42
1 60
3 100
5 39
5 43
3 24
8 16
3 1
10 7
2 42
3 76
1 26
7 7
5 64
6 41
1 15
7 51
7 86
3 4
7 35
1 74
2 86
5 46
8 92
9 60
3 22
9 54
10 91
4 29
1 20
1 0
4 20
1 63
9 18
3 19
7 28
4 97
9 56
6 74
8 99
10 3
10 9
6 18
7 83
1 100
1 3
4 15
4 48
4 8
4 61
6 9
2 28
6 38
9 31
5 10
2 10
8 5
10 22
6 6
5 87
1 25
10 1
4 4
7 63
10 39
9 91
6 46
1 22
10 41
6 42
1 45
2 61
9 39
10 77
6 32
3 77
4 30
9 39
7 32
9 41
1 97
6 88
9 11
3 42
3 96
5 23
1 76
5 88
7 49
7 22
7 84
2 66
6 73
3 48
6 67
4 67
8 7
10 22
10 73
9 12
3 91
1 54
8 1
1 55
1 70
4 14
9 14
8 68
6 87
3 40
1 62
3 97
6 10
2 22
6 70
4 14
8 98
4 61
5 27
3 48
8 25
7 10
1 67
3 49
1 83
4 9
8 13
1 87
7 66
10 81
2 0
9 61
6 14
1 49
7 5
10 9
3 47
9 79
3 18
5 100
8 43
5 98
1 91
7 92
7 45
3 23
6 91
5 68
4 81
1 67
1 57
2 55
5 94
1 40
7 83
1 8
4 69
9 31
10 99
4 98
10 15
10 50
9 93
4 81
10 99
7 7
6 31
2 79
1 14
4 48
8 26
4 81
3 51
10 56
1 70
6 2
7 61
1 2
6 54
5 59
3 20
4 78
7 94
8 3
7 40
4 80
3 76
2 83
4 92
2 2
2 49
5 74
3 55
2 29
10 51
8 54
5 1
1 36
2 53
4 95
1 8
5 11
7 48
10 36
8 20
3 11
2 27
5 81
1 98
8 71
1 64
8 68
2 83
4 10
2 74
10 20
1 45
8 14
8 80
1 61
4 7
10 97
5 33
9 49
7 37
4 64
7 27
2 52
10 51
7 1
10 50
5 41
6 15
3 7
2 54
10 65
8 45
1 72
3 66
4 26
6 67
8 47
7 13
7 65
4 66
7 40
5 89
5 57
10 100
3 99
6 54
1 94
2 69
1 52
6 39
5 82
7 8
7 8
2 31
1 82
9 49
5 23
3 44
9 62
10 43
6 19
9 38
2 80
7 69
7 59
8 63
2 40
6 84
10 78
9 23
7 75
2 63
8 25
3 85
4 17
6 10
3 18
6 87
3 99
6 4
4 53
7 31
9 72
2 60
7 56
2 98
2 71
6 76
6 60
2 86
4 87
8 46
5 35
2 1
1 96
4 24
6 62
10 76
5 64
4 9
10 22
4 73
1 55
4 96
3 80
7 98
5 50
5 87
2 27
9 10
8 30
2 31
8 14
5 1
10 52
2 62
9 61
2 48
3 79
5 34
1 84
6 4
1 84
7 53
3 73
5 6
10 91
8 11
4 68
9 100
6 39
3 28
8 13
6 43
5 96
10 20
10 83
5 10
3 64
1 32
2 29
4 5
1 50
7 49
8 5
10 81
3 73
9 98
5 92
7 14
8 3
3 80
7 53
3 32
2 71
1 2
5 88
1 24
8 34
1 37
3 50
10 14
1 64
1 48
6 9
1 4
2 15
10 45
1 64
1 41
6 98
2 55
10 81
4 64
10 78
10 48
3 67
4 71
7 63
9 50
9 24
9 72
9 99
3 30
5 74
2 9
1 18
4 52
9 21
2 15
9 76
6 11
6 24
4 56
4 18
7 87
4 90
6 40
5 90
4 32
10 76
8 59
4 44
3 64
1 11
6 18
2 27
8 72
4 79
6 21
2 32
5 57
8 36
3 76
5 5
3 56
3 64
6 96
2 99
6 48
6 52
5 45
1 30
1 38
1 85
2 75
8 75
3 88
3 31
6 39
7 81
5 35
1 14
4 1
3 18
7 39
8 17
8 35
4 66
3 87
9 78
2 87
5 92
8 12
10 22
10 86
1 35
1 66
1 82
3 84
8 83
2 12
10 55
10 77
10 70
5 17
3 88
8 30
4 87
7 36
2 38
8 53
4 43
1 65
3 39
10 39
2 31
10 67
5 56
6 3
2 51
10 47
9 47
6 5
7 98
7 38
2 58
8 58
9 97
3 8
9 79
4 38
7 78
2 39
7 67
5 56
10 21
1 54
5 45
6 94
3 55
3 64
2 46
10 91
7 43
9 79
6 70
4 26
2 10
5 37
7 11
10 2
5 17
5 63
1 80
6 80
8 4
1 27
9 39
2 7
7 32
4 56
8 68
5 77
4 67
5 64
5 55
5 91
3 23
2 36
6 91
5 41
5 89
2 19
10 88
10 37
10 82
3 82
10 25
10 43
10 25
3 72
8 93
7 12
8 11
7 2
9 6
10 76
8 32
4 74
10 12
10 23
5 34
2 0
8 57
6 42
9 78
1 67
6 92
4 61
2 54
3 22
4 49
1 58
8 2
8 49
10 4
4 49
8 99
7 95
1 21
10 13
9 36
3 72
6 8
10 17
5 37
5 65
10 24
8 76
10 23
10 91
9 16
4 31
5 26
9 59
7 55
6 51
10 83
2 60
5 19
4 19
7 7
6 3
8 20
8 19
9 31
3 98
8 54
8 30
3 13
9 46
6 36
9 24
7 45
4 53
6 61
2 12
2 26
5 69
1 49
3 82
7 24
10 40
10 18
1 68
6 90
7 37
1 38
5 80
3 37
5 45
9 61
2 44
5 97
1 33
4 44
2 72
9 18
9 14
6 3
3 84
9 85
7 10
2 11
6 35
5 34
5 28
2 34
3 74
3 36
9 84
10 99
9 2
10 71
8 12
1 50
1 23
3 25
1 38
10 60
8 85
1 23
7 64
3 71
4 35
6 2
5 63
10 31
5 13
2 29
4 18
1 4
2 24
6 46
8 67
3 2
1 81
8 38
5 26
2 11
2 30
2 49
8 77
9 16
2 49
3 85
9 84
10 25
8 69
3 3
8 35
3 45
1 24
3 21
7 5
2 47
3 90
9 81
7 27
8 44
1 76
1 57
4 67
5 46
7 1
6 41
9 11
1 31
2 37
3 73
9 85
5 2
4 93
10 30
1 52
10 42
5 68
7 35
9 98
3 34
2 20
8 60
7 80
9 77
2 57
4 69
2 61
4 6
4 85
8 69
6 43
3 68
6 72
1 15
4 28
7 40
8 36
1 46
10 94
5 40
2 95
3 65
3 48
9 13
1 30
8 69
2 75
2 92
3 52
2 48
8 63
4 82
8 19
3 94
4 80
1 87
5 88
10 39
5 23
3 99
6 27
1 26
6 54
1 48
6 36
3 38
1 76
6 89
4 24
6 96
10 65
9 93
10 88
7 6
7 22
1 45
6 75
4 16
5 75
6 54
4 42
6 17
1 63
5 79
10 31
8 25
1 75
3 6
9 71
6 54
8 82
10 95
8 44
8 77
3 34
6 18
1 83
8 43
8 76
8 68
5 5
7 50
7 80
9 81
9 79
3 47
4 24
5 21
10 2
5 62
1 89
6 49
6 32
10 17
10 94
2 62
4 65
3 91
9 14
1 17
4 46
10 68
6 39
5 78
10 46
8 96
8 34
5 38
5 99
6 37
6 37
8 2
3 58
9 21
7 3
10 1
6 78
5 84
8 29
7 66
9 64
8 25
8 72
9 44
1 64
7 40
8 7
4 55
2 73
1 77
7 58
9 12
7 82
10 55
8 83
8 0
8 70
4 27
6 65
3 41
10 53
8 24
3 91
3 57
5 75
10 23
9 86
9 41
2 58
2 1
5 22
5 14
5 37
1 82
10 6
7 66
9 62
6 69
1 7
1 81
9 76
9 20
2 47
2 6
7 25
4 64
8 36
9 26
5 13
2 100
10 67
6 39
2 92
5 60
3 68
8 1
3 48
2 58
4 36
1 30
7 38
4 1
8 22
2 1
5 82
10 81
10 40
5 53
5 92
5 3
3 99
9 64
5 91
7 40
5 9
10 66
3 63
5 8
1 70
7 44
5 69
10 77
5 5
7 15
4 89
10 3
9 23
3 9
2 14
9 45
9 61
1 69
2 82
7 5
6 63
5 40
5 24
7 80
6 2
7 76
8 55
9 90
9 66
7 32
6 63
1 38
2 46
1 27
4 33
10 78
1 45
10 56
6 18
10 76
7 4
1 4
4 64
4 35
4 60
5 80
7 81
8 55
9 23
8 65
7 42
7 42
5 48
9 16
10 75
4 1
5 61
8 31
9 77
5 9
3 59
4 72
6 2
7 42
8 38
5 54
4 55
5 22
8 21
9 73
9 5
10 98
2 71
8 92
3 72
10 56
9 43
10 60
10 56
10 44
1 87
1 61
10 11
9 49
5 51
3 90
2 51
5 5
4 64
5 72
9 22
5 22
10 55
5 24
8 56
2 67
4 32
8 76
9 40
5 100
9 50
8 17
9 6
4 63
3 31
2 20
8 38
1 50
9 2
7 29
9 47
7 87
9 58
8 89
10 46
3 23
6 45
3 45
9 94
5 41
10 47
7 67
7 9
9 10
8 37
1 47
3 49
8 12
5 89
10 14
9 20
6 57
1 15
5 10
10 30
8 48
2 3
5 4
5 46
7 58
5 66
7 23
2 82
2 21
1 40
2 10
1 65
5 61
10 27
6 4
3 47
6 12
9 71
9 10
9 46
2 19
5 35
3 77
1 80
2 83
5 77
1 22
1 18
8 31
9 79
3 81
4 34
1 20
7 65
2 1
6 98
1 48
10 73
4 38
2 69
7 28
5 0
8 2
8 92
8 50
3 46
7 50
6 39
5 83
7 20
10 59
2 67
6 41
8 81
3 65
8 82
1 31
7 31
6 73
4 80
10 4
8 32
2 72
7 13
9 2
1 70
9 12
6 47
9 9
4 93
1 63
2 41
9 28
8 36
5 29
9 88
3 71
3 5
7 59
8 42
1 37
1 37
2 26
1 35
5 79
10 86
2 34
6 16
6 47
1 23
1 31
8 51
9 51
1 36
3 88
4 26
2 98
1 9
1 21
3 79
3 26
4 95
10 73
7 83
4 80
2 69
4 67
2 18
9 21
5 67
6 1
2 73
3 57
3 8
7 12
1 8
1 20
8 81
3 23
7 69
8 60
2 8
1 40
5 21
4 80
7 62
1 65
9 49
6 57
10 40
10 91
7 51
4 88
2 33
4 8
5 66
2 91
9 94
7 97
1 64
1 54
8 49
1 15
4 13
1 12
9 39
5 68
8 97
5 82
1 72
10 17
6 50
1 73
8 83
9 89
5 50
3 4
9 40
2 0
6 68
4 19
8 88
6 75
10 55
1 76
10 53
4 5
2 14
1 65
2 63
10 43
7 46
7 38
8 42
5 92
8 77
5 86
4 19
4 53
9 25
1 39
4 75
5 78
2 9
3 55
6 97
3 78
5 87
3 95
5 1
3 16
9 53
6 24
10 3
9 13
2 78
8 43
6 19
10 4
1 15
6 36
1 56
2 62
9 94
1 44
5 48
10 93
8 32
4 67
1 99
7 42
2 32
8 74
2 70
10 74
8 74
9 29
1 80
6 57
5 76
9 72
4 56
1 58
5 22
3 86
4 78
2 91
7 5
2 87
6 51
5 100
3 66
2 4
10 57
10 70
6 61
2 21
7 88
3 96
2 53
2 29
9 21
7 8
8 97
1 4
8 88
9 84
4 86
3 25
4 0
5 49
4 12
7 42
3 41
7 6
8 35
4 0
8 32
2 71
5 82
3 28
8 75
2 33
8 71
1 28
9 41
4 94
6 36
9 42
10 49
10 81
5 85
9 54
6 90
9 61
4 29
2 22
2 2
7 70
2 72
3 47
5 30
3 68
7 72
1 61
4 50
4 13
7 70
5 59
4 25
3 46
8 2
8 55
7 59
1 77
5 59
4 66
10 80
6 79
4 29
3 42
10 78
9 65
9 99
9 0
4 41
3 100
8 23
10 46
3 60
8 21
2 4
3 27
3 23
4 56
4 39
4 25
1 40
1 2
1 89
8 96
4 20
8 46
10 70
8 25
2 51
3 54
5 55
6 9
8 53
2 84
9 48
7 51
9 71
7 99
1 68
6 80
1 74
8 9
7 56
8 94
7 57
6 6
6 83
2 22
1 77
8 59
3 45
6 68
10 75
7 0
8 72
1 74
10 3
10 10
5 81
7 69
9 0
2 67
5 41
7 95
9 71
1 25
5 7
6 5
1 56
3 70
6 20
7 24
3 33
4 2
2 93
3 13
8 50
5 82
2 99
7 5
3 91
1 89
8 13
3 83
9 22
3 65
9 63
5 77
3 31
3 42
9 44
1 74
5 42
10 58
10 50
7 80
3 22
10 81
4 8
10 13
4 11
1 73
4 85
3 15
3 22
4 34
6 67
6 40
4 66
3 73
10 3
2 69
1 85
10 75
9 27
2 4
4 74
5 7
4 87
1 33
2 62
2 41
8 11
5 60
4 89
3 3
9 33
8 89
6 47
3 83
8 54
1 14
7 78
1 21
3 6
1 61
5 24
2 64
7 52
10 66
4 80
9 63
5 81
10 46
3 49
10 80
2 95
3 81
1 6
1 40
7 78
1 9
1 54
7 21
4 62
5 73
4 30
4 38
6 43
7 0
9 25
4 30
6 81
9 21
1 73
6 11
9 89
6 88
2 63
7 48
7 55
1 73
7 97
2 90
6 67
3 89
9 62
3 17
3 95
2 80
10 42
5 73
6 100
10 88
1 19
4 29
4 11
7 19
2 92
10 64
4 4
4 27
6 57
2 43
9 28
1 6
1 50
5 63
9 67
1 74
3 100
4 30
1 34
2 77
2 50
9 0
6 33
7 64
2 1
2 76
1 100
5 13
3 25
8 64
4 4
9 37
8 50
2 95
5 42
2 11
9 15
3 37
9 95
3 72
1 94
4 0
6 92
5 0
10 23
3 64
8 76
1 43
5 94
10 8
4 54
10 33
10 91
7 71
5 95
10 50
7 59
7 11
5 26
10 38
6 5
3 96
4 23
5 11
1 39
8 57
4 95
2 56
2 73
1 45
9 81
2 99
3 38
6 61
2 83
1 70
3 10
6 95
6 13
10 68
8 96
3 55
5 61
3 41
2 95
10 83
10 80
9 15
4 69
1 36
5 58
3 9
8 40
5 83
2 64
1 4
10 63
5 78
1 1
5 47
5 70
5 57
2 14
5 97
8 99
4 14
6 78
10 86
3 38
2 73
7 16
8 16
10 4
10 85
9 61
3 62
8 88
9 76
6 79
5 84
2 56
10 98
3 91
10 73
7 38
7 49
8 46
7 63
8 1
2 57
4 53
5 70
8 11
6 47
5 73
5 7
8 7
7 8
5 20
2 25
6 71
5 55
7 62
1 0
9 29
4 3
6 52
6 91
2 99
10 24
1 62
2 78
5 21
7 5
6 68
7 83
10 16
4 4
4 7
1 49
4 74
4 98
3 79
1 7
3 52
4 81
4 97
9 59
1 22
1 0
6 95
2 87
4 77
6 54
6 74
5 55
8 94
6 86
5 73
6 96
4 88
6 95
7 100
1 8
2 42
3 30
7 80
1 81
7 15
5 33
9 64
3 21
9 96
2 55
5 46
6 45
10 18
5 18
7 49
9 54
10 53
2 76
3 31
4 90
4 6
4 16
9 47
8 43
3 50
7 27
2 4
2 38
1 38
9 47
7 33
1 17
6 100
10 99
2 1
1 6
3 37
6 53
7 85
2 58
8 21
9 58
6 54
10 45
10 97
8 20
2 29
5 69
2 6
8 33
5 11
7 26
9 91
10 37
3 71
4 65
6 31
4 11
6 44
6 42
9 78
10 59
6 46
1 45
10 17
5 31
6 99
8 83
3 71
10 94
2 26
5 85
5 47
3 95
9 42
8 13
10 81
5 12
3 42
10 16
9 38
9 82
10 91
3 86
3 24
10 62
2 73
10 65
3 57
1 64
7 36
10 13
5 84
2 49
10 51
7 68
9 70
9 6
4 86
2 30
3 50
1 66
9 68
9 88
1 73
2 76
10 7
5 50
9 49
6 84
1 72
10 49
2 83
5 100
6 8
2 94
6 81
9 34
2 29
6 45
6 60
2 38
2 3
4 1
3 85
10 36
2 36
7 34
6 58
6 28
5 38
10 17
10 40
8 50
1 53
1 97
1 83
7 14
10 32
8 67
2 62
8 50
3 31
1 31
4 97
4 7
4 4
9 32
3 70
1 47
6 81
9 58
1 85
5 58
2 33
6 20
2 71
4 18
5 10
8 72
4 88
9 79
3 20
9 78
5 42
4 35
3 10
5 93
5 79
6 58
8 4
2 23
1 8
1 99
10 25
10 2
5 38
3 73
9 14
7 11
7 24
7 95
6 32
6 16
4 49
10 8
4 61
5 35
4 4
3 95
3 71
9 79
5 88
3 92
7 30
2 48
10 59
6 58
9 21
9 55
10 90
5 41
10 44
7 83
2 89
4 30
4 20
1 31
9 24
4 20
10 1
10 49
4 12
4 50
6 38
10 91
6 48
9 37
3 52
7 55
4 55
6 38
1 60
1 38
2 84
1 99
6 94
8 33
5 99
5 33
5 0
3 43
8 97
7 21
3 20
1 99
7 42
10 1
6 100
2 90
4 9
2 58
2 60
4 21
3 78
10 71
2 69
9 10
4 79
1 55
4 73
7 37
3 98
10 10
7 73
7 35
7 42
9 60
5 78
8 3
6 52
1 36
3 24
4 94
10 0
4 81
7 21
1 11
4 40
1 83
9 23
4 68
6 87
9 68
7 99
9 12
2 93
1 94
6 24
9 16
2 23
2 74
4 20
10 65
4 56
3 27
6 10
1 0
4 65
1 20
4 37
3 67
7 21
1 49
9 29
4 56
3 75
4 16
3 97
7 41
9 22
1 62
3 25
8 47
8 35
1 49
5 33
6 50
7 1
4 8
2 42
5 94
1 82
4 94
8 65
10 4
10 98
6 73
5 10
7 1
1 66
10 35
8 17
6 76
9 85
8 41
8 79
8 90
9 2
4 5
5 42
9 5
6 89
6 56
5 17
9 31
2 49
2 72
4 25
5 72
4 67
4 29
6 70
10 19
4 37
9 58
1 36
2 73
10 7
1 68
6 71
3 16
4 61
4 60
8 17
8 38
2 4
6 32
3 98
1 15
1 19
6 66
7 49
1 39
7 24
2 38
2 34
5 37
9 65
10 85
1 73
4 37
2 56
7 2
1 51
10 70
7 56
1 77
2 56
10 18
9 35
2 77
2 0
4 43
10 84
1 86
2 65
4 60
10 46
7 38
4 29
10 10
10 44
7 74
3 51
10 36
3 47
8 17
4 44
8 72
2 82
3 42
3 89
10 78
5 5
1 23
4 18
5 53
9 57
4 33
2 48
6 67
10 90
5 28
2 73
8 38
4 3
7 15
4 73
3 64
7 82
5 79
9 55
3 72
9 22
1 97
3 44
7 57
9 4
8 63
7 47
6 58
2 54
1 21
2 0
8 32
2 26
6 2
4 37
3 76
2 4
8 34
1 99
5 7
10 71
9 47
10 82
2 11
1 39
3 47
3 91
2 95
2 38
10 30
5 96
2 54
6 7
9 97
2 87
4 33
6 31
6 75
1 25
5 63
6 87
3 82
2 15
3 86
7 89
1 24
7 65
1 75
7 81
4 93
2 3
3 56
3 43
9 72
3 25
3 63
7 80
2 36
7 58
7 100
5 12
3 92
10 17
8 7
1 75
9 2
1 11
9 73
6 71
3 18
1 4
5 44
6 73
8 91
10 87
2 79
4 89
3 69
8 78
8 1
5 78
8 32
1 84
5 46
4 30
3 84
2 69
7 56
7 8
5 75
3 47
2 66
4 47
3 3
6 54
4 23
1 79
1 28
5 11
7 30
4 10
3 28
5 67
5 67
3 79
1 48
5 18
2 62
5 98
6 74
2 92
4 30
8 83
5 65
10 3
7 46
10 78
6 90
3 19
8 64
3 84
5 64
10 10
1 3
3 92
9 89
9 1
9 88
7 93
6 47
9 54
3 8
4 80
1 41
2 28
6 80
6 72
7 42
4 85
1 88
1 30
6 52
10 66
1 25
1 14
8 8
9 83
4 75
1 55
8 35
6 26
2 95
8 27
6 51
9 99
2 5
6 98
4 92
9 87
8 43
8 62
4 1
10 19
8 18
7 95
4 74
9 60
7 94
8 30
1 0
1 49
10 0
5 80
5 79
6 31
6 59
10 11
6 13
5 37
1 2
3 23
3 95
2 5
6 85
6 85
4 88
3 83
1 46
6 24
4 77
1 12
7 5
2 94
3 65
7 34
9 19
8 82
7 97
7 39
10 31
10 67
5 93
5 54
8 15
2 5
9 43
7 58
4 81
4 0
1 83
6 17
9 83
1 42
4 60
2 70
4 32
4 13
9 33
6 49
8 24
9 92
4 94
8 85
4 93
9 29
8 48
9 38
10 1
4 6
10 33
1 51
2 9
10 49
3 48
4 91
10 51
7 68
8 3
4 60
1 4
9 20
4 18
1 63
9 12
9 8
8 18
8 5
6 16
3 26
2 53
9 26
2 99
10 16
1 93
7 72
7 59
3 56
7 100
3 71
3 14
10 64
6 37
6 73
9 11
1 81
6 9
1 86
4 72
9 25
2 61
2 25
5 29
9 87
7 28
3 23
8 18
9 52
3 51
8 82
4 94
5 26
4 56
5 58
10 21
1 68
4 0
1 1
7 20
10 38
1 73
5 78
6 60
2 94
4 24
3 94
8 50
9 72
7 62
10 56
2 20
7 27
8 64
7 83
2 93
10 33
5 51
7 67
4 76
6 84
8 41
9 83
2 40
1 89
7 43
9 92
3 73
2 10
9 64
2 29
10 76
1 77
1 64
8 56
3 31
5 89
4 8
3 0
9 74
9 43
9 39
3 97
4 6
5 61
1 55
2 56
2 70
4 66
6 36
4 65
9 82
8 51
6 61
6 34
5 33
2 45
10 97
10 44
1 13
5 45
2 11
9 57
7 51
5 93
10 97
7 61
8 99
9 84
9 51
4 22
2 48
10 92
9 69
9 89
7 18
6 2
8 31
5 33
6 54
10 16
2 63
3 62
2 0
9 73
1 65
7 29
4 5
3 82
7 13
8 87
2 62
8 18
2 90
1 69
8 35
4 53
2 43
3 99
9 26
5 78
10 64
2 79
1 85
1 17
4 18
6 98
5 88
9 6
4 7
7 12
1 16
2 95
1 22
6 82
3 84
3 75
8 73
10 61
5 76
2 81
3 24
1 98
6 91
8 35
2 37
5 52
4 46
8 62
2 94
7 42
10 17
1 98
1 10
3 90
4 27
9 96
4 40
5 44
2 40
6 67
10 60
2 75
5 13
1 33
9 46
6 0
6 10
6 21
2 91
2 71
7 3
7 61
1 20
7 77
1 16
9 70
6 18
9 28
1 1
4 19
8 22
3 97
1 34
10 11
8 44
9 12
10 92
2 65
3 22
6 95
4 77
4 62
2 96
10 10
2 58
2 72
8 94
7 32
7 6
6 36
6 70
5 68
7 80
2 87
7 13
2 32
6 13
9 49
5 54
7 67
8 97
10 29
8 91
3 62
9 18
9 17
6 1
5 10
6 28
8 1
6 85
7 15
7 40
9 44
4 37
9 86
2 86
6 12
7 62
8 43
10 48
10 62
6 27
8 82
8 57
10 20
5 79
4 31
1 25
6 79
6 29
3 3
1 90
5 0
3 75
2 7
5 44
6 97
2 49
5 86
3 10
1 19
9 20
10 97
7 82
9 55
7 82
6 35
10 17
2 1
1 40
1 39
8 85
5 53
9 53
7 99
2 44
1 73
4 38
10 67
7 80
3 17
8 22
9 27
9 56
6 61
10 95
3 78
2 58
10 41
9 51
1 93
4 22
3 85
7 10
1 19
1 43
10 84
10 45
4 5
8 82
1 50
1 37
3 91
5 5
10 25
9 12
8 61
9 86
8 52
1 25
5 41
7 36
4 58
8 98
8 1
8 60
4 7
3 9
7 36
5 38
5 9
8 36
3 82
7 52
5 1
1 41
3 8
4 27
5 43
2 63
1 34
7 40
7 46
4 11
7 33
6 46
4 50
1 69
6 50
2 78
4 0
4 17
3 88
6 32
8 62
5 49
9 81
7 71
3 69
5 95
7 44
1 66
8 52
9 34
8 1
6 90
10 13
9 91
2 89
4 13
4 53
1 27
1 58
10 12
10 26
9 26
10 52
3 97
1 88
9 57
5 64
2 19
4 35
3 90
1 10
1 6
1 63
5 24
3 23
3 12
5 31
10 42
7 82
4 64
9 13
5 37
10 96
9 82
7 15
8 64
5 16
9 98
5 54
8 45
5 76
3 90
10 62
1 28
7 65
9 49
10 40
6 14
9 91
3 86
4 64
10 76
4 70
8 89
4 4
8 73
9 45
9 48
9 9
7 76
5 24
8 82
8 29
4 100
8 24
5 21
3 74
5 41
7 42
9 31
5 50
6 99
6 36
4 82
7 11
7 7
6 62
3 68
5 58
2 39
9 98
4 54
2 56
6 60
2 95
9 55
1 16
6 92
9 90
10 66
1 41
1 12
4 53
9 77
2 7
6 96
6 81
10 29
5 9
3 100
3 83
8 50
10 85
1 45
1 20
4 1
1 61
4 90
7 63
3 14
7 36
9 55
6 78
7 66
7 39
9 35
3 66
10 62
9 1
5 33
1 50
8 69
6 96
3 69
6 2
5 27
10 68
5 92
4 14
2 70
9 71
1 59
2 63
8 87
3 7
6 28
5 13
2 78
7 35
7 29
3 24
10 70
1 24
8 99
7 51
6 17
10 56
5 68
7 91
4 84
7 30
7 26
8 1
10 48
1 34
7 40
10 76
5 47
2 6
3 43
3 72
3 37
9 66
10 55
8 9
10 69
1 95
4 75
5 85
2 74
9 73
1 98
5 25
5 26
2 30
5 70
2 89
8 8
4 85
1 2
7 20
3 58
7 25
6 90
10 95
4 98
2 39
3 35
4 96
8 75
8 100
3 79
3 40
5 90
6 87
7 16
3 86
9 46
4 2
8 31
7 64
3 34
7 81
6 25
4 12
9 8
6 68
2 7
1 77
2 66
4 43
10 83
9 87
8 11
5 99
8 69
10 78
4 18
9 79
8 90
9 39
2 100
1 63
9 5
2 64
3 13
7 26
8 32
7 42
9 8
7 1
2 36
7 57
3 12
10 64
3 67
2 79
3 70
1 70
8 79
8 36
1 69
5 79
6 15
3 18
1 9
5 74
1 5
10 24
6 95
1 37
4 62
6 17
5 47
9 99
1 81
8 4
2 81
8 10
9 40
2 17
8 9
10 38
4 89
8 71
2 53
1 58
9 30
4 34
6 49
1 64
5 13
6 90
10 8
2 91
2 30
6 12
5 92
1 32
3 23
9 74
6 63
3 21
2 38
7 53
8 46
6 59
2 42
4 44
9 46
3 24
3 3
7 19
3 95
3 38
3 51
8 58
5 4
6 65
10 100
4 40
10 58
6 8
6 21
5 54
8 93
5 18
1 46
6 28
2 96
6 63
5 13
10 79
2 15
5 63
6 79
7 72
5 90
5 76
1 15
8 65
10 40
1 3
4 48
1 98
8 44
7 8
2 12
10 2
4 24
10 50
2 51
1 60
5 20
8 32
2 70
10 76
9 48
5 47
1 62
7 95
9 56
7 56
4 10
8 67
1 20
3 69
4 71
1 54
10 38
8 58
8 52
8 19
6 1
7 17
10 97
5 77
6 41
9 33
5 85
10 26
2 45
7 54
8 48
2 33
2 92
5 7
3 39
9 22
2 48
9 9
4 41
1 75
8 12
5 87
8 72
3 97
4 63
5 44
9 78
6 29
4 71
3 54
6 55
6 10
4 68
8 23
4 36
1 4
1 97
5 35
2 78
7 69
6 38
4 79
9 41
10 46
6 77
7 87
6 57
2 9
10 96
7 15
1 67
2 56
8 5
10 41
2 23
3 51
4 96
10 30
1 16
3 23
6 42
9 84
10 38
6 96
2 63
7 16
8 46
3 15
10 84
7 37
10 14
3 85
10 59
10 47
1 17
1 59
10 51
9 44
9 43
7 42
5 23
10 50
4 51
5 30
9 98
8 86
4 39
8 73
1 88
6 42
2 21
7 12
8 75
1 55
8 66
4 83
9 64
8 16
5 99
8 5
1 70
10 75
1 59
1 1
3 42
2 71
8 97
5 98
1 70
3 58
10 11
4 64
7 55
10 88
8 83
7 95
5 82
8 92
8 73
2 76
3 23
3 67
9 69
10 93
6 85
5 31
2 25
3 87
3 44
5 58
6 6
8 50
9 60
1 7
6 36
6 11
3 8
3 24
5 22
10 65
9 24
8 78
8 75
5 84
8 23
10 26
1 3
7 50
6 2
1 82
2 75
6 58
2 67
10 53
8 44
6 38
7 38
6 80
3 47
8 95
1 59
9 49
2 67
8 38
8 86
1 93
9 16
1 22
10 65
3 3
6 29
7 43
1 60
6 17
3 34
10 36
8 6
8 20
7 7
10 72
2 21
1 66
6 98
3 61
9 21
6 63
10 45
6 30
1 86
4 91
7 11
4 68
5 11
6 77
1 64
6 69
9 88
10 10
7 74
8 92
1 71
10 0
4 39
4 71
1 27
10 44
5 95
1 13
2 27
9 44
3 56
4 24
6 0
1 91
7 100
3 54
3 95
9 69
1 45
9 56
8 100
4 23
5 44
9 10
7 22
10 40
7 30
7 98
5 99
2 82
9 63
3 16
10 91
5 10
9 20
6 25
10 24
3 84
1 71
1 38
1 66
1 13
2 75
1 27
4 41
4 59
8 92
5 87
6 55
6 79
4 8
10 100
6 45
3 64
9 71
8 32
5 51
3 93
5 59
8 94
10 81
1 59
10 75
3 51
10 15
2 22
4 33
6 86
4 72
3 42
9 84
6 26
8 23
5 53
9 99
3 3
9 56
7 58
7 54
7 66
3 96
7 54
3 88
8 52
4 64
9 69
4 74
5 83
2 43
8 79
1 5
10 17
7 65
4 98
3 54
3 1
9 79
5 95
2 51
6 61
9 79
10 41
7 8
5 68
6 43
3 3
3 66
9 34
6 71
4 100
1 100
3 51
5 49
7 42
6 40
3 39
2 69
7 50
3 72
10 84
10 39
4 32
5 30
1 70
6 22
10 85
8 59
4 6
6 10
7 22
8 40
10 30
2 34
6 24
3 22
9 80
7 59
2 58
8 17
3 48
3 60
7 39
10 5
3 71
7 4
4 67
1 62
5 13
2 12
3 73
8 12
1 28
1 14
5 81
10 26
4 2
3 40
7 60
5 49
7 96
1 37
4 58
8 38
7 29
9 83
2 55
4 41
1 39
4 1
8 92
10 91
1 32
4 41
8 17
7 87
10 43
10 79
5 69
2 94
2 17
3 57
6 42
6 38
8 50
3 39
1 91
9 9
9 41
9 26
10 4
4 46
3 5
6 36
8 83
3 54
5 57
10 58
1 67
1 13
7 41
2 25
9 38
3 46
10 36
1 66
3 34
10 12
5 41
4 16
9 20
1 88
5 97
7 41
3 20
10 63
3 6
4 78
1 36
6 92
1 41
8 17
3 96
9 65
7 45
8 81
1 0
6 62
3 0
4 53
4 99
4 72
3 80
8 1
7 85
1 95
10 15
2 81
6 46
10 51
5 43
7 51
8 22
6 67
8 70
6 24
6 1
9 22
5 9
8 36
7 26
10 22
4 44
6 66
7 45
7 71
7 67
8 15
1 31
3 66
2 42
5 7
5 88
5 6
7 73
10 11
5 87
2 99
1 37
6 27
5 8
8 85
1 15
5 20
9 97
5 51
4 79
6 64
9 28
8 91
7 82
5 20
2 57
5 51
4 79
1 21
4 88
6 1
7 24
2 13
7 61
6 26
4 43
2 78
1 12
10 34
8 69
7 21
1 26
4 100
4 51
9 8
6 6
3 70
8 35
10 85
9 87
2 31
10 42
6 56
2 23
9 53
7 53
4 86
9 29
2 2
1 4
10 88
6 31
10 95
7 25
10 76
7 77
4 22
3 64
7 64
1 4
9 59
10 73
7 58
6 41
7 82
8 24
10 10
9 22
3 61
6 11
7 75
9 57
6 20
2 75
4 39
9 2
5 13
2 25
3 30
9 40
10 23
5 51
6 75
4 98
3 91
8 98
5 86
9 4
4 100
5 67
10 67
8 96
9 45
3 14
10 77
10 75
7 68
4 89
10 19
9 22
6 88
4 82
7 94
8 54
9 20
10 33
9 29
2 94
10 6
9 22
2 38
2 44
1 42
4 48
3 97
6 63
10 74
6 46
1 20
1 54
5 67
2 19
9 76
6 45
6 50
9 2
2 94
4 73
10 38
4 30
5 80
6 36
8 19
9 66
2 72
6 67
2 84
4 4
3 100
5 26
6 60
1 32
2 20
4 48
9 58
4 43
3 80
2 19
8 63
7 51
10 62
5 41
4 86
1 25
1 90
5 55
7 9
9 18
7 89
7 80
9 89
2 9
8 60
2 39
4 20
2 65
6 79
9 36
6 59
3 72
9 19
4 84
2 65
8 65
5 39
1 62
6 84
4 52
10 41
9 78
9 2
5 14
7 46
10 29
7 71
4 78
9 79
8 51
5 12
1 35
5 93
6 78
10 78
4 28
5 100
4 57
5 1
6 66
6 4
9 93
9 76
7 86
9 66
8 98
2 87
6 85
2 28
8 25
4 61
7 23
2 6
3 26
7 34
1 69
4 60
9 88
5 56
10 77
2 85
10 57
6 45
2 22
5 3
4 61
6 16
5 89
7 59
1 96
2 20
1 85
1 71
6 98
1 42
7 47
4 83
3 6
9 52
9 7
6 51
8 95
6 68
7 58
6 73
6 3
1 58
2 39
3 47
1 42
8 23
5 49
6 93
5 7
4 64
8 86
3 10
8 87
3 10
5 53
1 53
6 77
3 89
6 40
3 74
10 62
8 86
1 78
10 3
3 17
6 18
6 76
2 2
10 42
6 20
6 96
1 95
1 57
9 92
10 30
10 12
5 33
2 41
1 66
2 15
7 27
8 22
10 34
10 13
8 59
9 96
6 95
1 35
8 39
6 12
4 17
10 85
9 26
9 58
2 56
7 91
8 49
3 19
6 52
3 67
6 42
1 88
10 100
3 76
8 2
7 5
2 6
7 60
9 31
6 33
2 55
7 79
2 48
8 24
5 58
3 89
5 12
5 15
3 97
10 19
6 32
1 49
4 75
10 96
5 58
10 52
4 90
6 65
6 63
6 97
7 11
1 63
10 94
2 75
2 44
8 85
2 51
6 34
2 55
4 23
7 92
1 84
3 14
8 77
5 58
8 31
4 39
5 51
1 96
10 8
4 94
5 71
8 1
8 98
6 11
1 71
8 71
6 10
2 34
9 0
5 57
6 92
7 88
6 93
9 90
8 2
2 80
4 83
10 29
3 97
3 20
1 20
3 33
8 91
8 48
3 43
9 35
6 26
5 77
5 2
6 7
5 96
7 74
10 31
5 73
1 24
4 13
4 74
8 96
10 99
5 56
1 93
9 37
9 84
10 50
5 65
8 83
1 36
1 34
2 51
2 18
7 45
2 67
8 46
10 39
1 87
8 6
9 18
10 79
1 82
7 92
9 74
5 45
9 26
10 7
5 75
2 28
10 98
1 58
10 18
5 10
8 98
4 32
4 46
9 22
7 89
2 47
2 13
7 88
6 46
6 96
3 40
6 5
10 5
10 3
3 56
8 34
1 90
5 76
10 97
3 76
3 84
1 20
7 43
10 14
6 84
3 87
3 2
2 49
10 13
1 34
7 42
8 30
4 74
4 38
6 63
5 97
9 47
8 57
6 84
6 24
1 73
9 94
2 1
9 73
7 81
4 88
3 68
8 13
4 51
7 66
5 69
4 46
5 11
9 34
4 62
3 6
4 36
9 67
1 53
5 53
2 74
3 75
10 99
4 8
3 54
5 70
7 53
4 47
5 51
10 41
8 24
7 4
5 75
1 46
4 11
6 21
5 10
9 79
8 34
6 39
9 19
10 35
4 89
4 78
2 2
5 93
2 74
5 45
3 29
10 17
5 52
3 58
2 6
9 70
8 41
10 42
1 69
4 75
8 6
5 21
3 93
10 61
9 47
1 85
7 82
2 7
10 79
1 24
8 84
4 40
1 30
10 87
10 81
7 65
9 5
4 35
5 72
9 6
1 52
9 49
6 79
7 8
9 89
7 48
2 3
7 25
5 99
2 82
3 4
7 55
2 56
5 66
5 25
8 22
5 86
9 48
3 16
9 59
8 23
6 36
3 26
6 62
9 80
10 100
6 70
3 94
2 92
4 75
8 75
2 3
9 11
10 3
6 51
2 5
4 6
6 12
6 47
7 60
9 18
8 24
4 81
1 3
1 52
5 49
9 30
10 61
6 63
1 96
2 35
9 91
7 11
7 3
5 24
8 21
4 75
1 66
6 4
1 40
3 36
7 17
10 47
2 18
5 57
4 35
1 76
4 75
1 6
1 55
4 90
7 48
8 63
3 63
7 17
4 87
5 98
2 20
10 21
2 20
4 55
6 71
6 64
5 10
7 46
2 81
5 36
9 60
3 96
7 27
5 70
5 86
1 59
5 91
8 80
3 84
1 65
4 87
7 97
4 70
3 77
1 16
3 66
5 18
1 84
1 35
6 23
4 44
6 96
9 27
3 3
8 52
4 0
6 93
4 3
1 38
9 65
6 47
5 75
3 99
1 82
8 30
7 66
5 7
4 14
10 78
5 99
3 52
7 67
3 56
4 1
8 46
9 51
7 57
10 14
1 82
5 17
2 87
10 11
8 39
8 17
7 44
5 52
10 54
7 89
3 56
2 55
4 13
2 19
6 29
7 73
1 41
7 57
7 96
3 25
5 86
2 27
1 15
2 53
3 8
2 92
10 83
2 33
6 41
8 24
1 99
1 35
3 45
5 19
3 57
7 65
5 51
4 55
2 91
10 15
10 84
4 48
10 91
1 9
7 33
6 72
6 55
6 28
1 79
6 53
7 27
5 82
3 75
10 81
10 62
10 10
4 31
8 58
7 70
3 21
7 51
7 98
4 49
9 98
6 3
10 73
1 97
3 6
2 4
10 72
6 93
4 43
8 54
8 26
8 77
7 59
7 10
10 97
10 16
5 45
7 42
5 34
6 24
9 63
1 46
8 46
9 56
3 67
6 91
3 36
6 15
7 4
10 6
4 97
7 19
4 15
1 55
6 52
