10000
7 64
2 2
5 57
8 22
10 94
10 97
3 64
6 11
10 80
2 82
10 42
8 7
9 28
3 15
3 40
4 56
10 13
1 51
10 68
4 61
4 69
5 14
3 100
4 7
10 53
3 16
4 36
8 57
8 83
8 22
3 33
4 38
2 31
8 41
2 51
8 81
2 15
10 27
8 25
8 62
8 33
2 66
5 73
1 32
9 58
1 49
3 4
3 17
9 67
1 15
10 30
10 83
8 72
9 20
7 3
1 72
1 54
1 59
3 24
6 65
5 6
1 6
7 68
4 66
7 92
8 40
10 66
3 95
2 52
10 75
9 59
3 40
6 0
4 61
3 72
9 7
8 14
9 19
9 61
2 29
10 46
8 18
9 23
2 8
10 33
7 24
7 95
5 90
3 71
10 69
7 25
7 8
9 95
1 24
5 29
2 8
6 47
10 99
7 9
5 55
1 26
7 31
6 11
3 87
5 16
1 75
8 67
3 66
4 83
6 56
10 97
8 75
3 63
1 6
2 13
8 59
5 25
9 69
1 44
9 95
3 31
5 59
10 87
9 94
4 70
6 35
5 38
4 33
5 29
6 42
1 0
10 77
1 1
2 71
2 25
10 26
6 67
2 32
10 13
4 31
5 85
9 31
1 44
6 20
8 40
3 38
8 32
10 49
2 40
1 85
4 38
9 4
2 99
2 9
9 77
4 15
1 11
10 56
8 55
9 88
5 21
1 46
7 67
2 77
9 45
6 71
2 22
3 54
6 68
10 92
7 41
7 17
4 1
3 45
3 90
4 87
3 93
7 20
5 62
2 2
8 65
5 62
5 45
4 85
1 1
10 17
1 34
4 47
3 20
3 36
9 69
4 15
9 3
7 42
8 17
8 93
3 65
10 91
9 6
7 45
2 74
6 99
7 99
8 73
7 59
7 65
6 100
6 56
6 50
6 26
3 74
5 79
5 61
9 66
6 15
9 82
9 19
8 4
4 68
8 37
3 45
10 84
8 59
6 62
10 55
10 85
9 19
3 86
10 72
9 34
7 92
1 59
5 93
4 78
1 20
9 61
9 24
10 19
5 95
8 77
9 13
3 72
4 47
7 87
10 42
2 12
7 84
9 33
4 82
7 90
10 62
2 67
4 36
5 67
6 65
6 67
10 32
5 74
3 87
3 44
6 64
5 81
1 43
3 100
6 62
4 82
4 89
5 57
4 31
7 5
7 79
10 48
6 19
10 33
5 12
10 90
9 50
10 94
2 40
7 34
1 61
3 85
8 96
8 83
9 95
7 91
9 97
4 1
10 81
3 62
3 92
8 22
5 81
2 93
5 47
6 66
9 77
10 70
4 25
1 97
1 46
1 62
3 93
3 99
4 60
8 27
6 36
4 62
10 52
6 15
8 37
8 77
1 89
8 11
4 4
10 72
4 39
3 92
10 55
9 94
7 70
3 61
10 25
6 90
8 7
10 91
1 96
7 22
7 82
8 75
4 47
6 45
10 31
4 64
7 13
6 59
2 85
10 22
2 74
8 35
4 80
1 64
1 34
4 89
2 48
2 77
8 68
5 4
4 8
10 19
1 34
9 17
5 76
7 51
10 72
1 80
7 88
8 41
7 53
3 86
8 12
6 3
6 91
4 69
10 48
2 9
4 64
5 39
6 68
2 21
4 39
3 69
9 6
2 81
3 97
5 24
8 97
1 7
2 25
2 60
9 48
3 57
2 10
8 77
2 23
4 89
9 44
6 76
2 20
5 60
9 52
8 75
5 36
10 0
1 9
9 83
6 60
2 30
5 71
9 41
4 48
2 27
9 96
3 74
10 6
9 69
9 5
5 33
10 57
9 23
9 54
9 43
4 95
4 46
3 18
8 82
6 64
10 56
4 38
3 30
8 77
2 41
3 76
9 37
10 35
7 54
7 27
7 48
2 19
8 69
1 54
4 76
10 37
1 98
5 57
4 96
4 39
8 76
3 24
3 88
7 45
4 64
2 10
1 31
5 52
7 42
9 18
9 53
10 56
7 11
9 76
5 97
6 97
6 65
7 97
2 56
5 17
2 42
1 25
8 32
2 46
4 89
1 48
5 25
10 83
3 77
10 25
1 92
10 79
2 30
4 51
4 79
6 36
9 20
2 17
3 71
5 24
7 5
5 58
8 22
8 65
8 7
4 63
10 33
10 42
10 78
9 99
1 78
6 39
2 93
6 53
10 34
3 62
3 54
4 37
1 61
8 48
10 62
3 66
8 74
1 40
6 85
1 97
4 97
2 91
4 38
1 65
8 33
2 64
9 39
10 67
9 31
3 81
10 31
10 22
3 19
4 83
7 41
8 87
6 5
2 23
10 8
4 99
10 39
1 94
5 66
6 84
1 94
9 20
10 6
4 42
2 72
5 30
5 16
4 95
9 76
1 29
5 52
1 31
8 100
3 26
1 82
5 48
1 44
1 41
4 90
7 3
8 72
1 47
6 21
4 74
9 9
2 89
9 45
10 75
5 61
3 97
6 78
4 78
10 100
10 18
2 50
3 22
3 62
5 47
8 82
3 28
10 13
2 37
4 56
1 56
2 81
10 10
10 16
8 3
1 57
10 78
7 54
1 85
5 17
8 63
6 33
10 38
6 8
10 7
7 70
9 45
6 17
6 97
1 84
3 39
2 41
2 32
8 80
3 69
10 63
10 98
5 25
3 87
6 93
6 28
4 23
1 47
8 0
5 19
10 78
3 53
10 63
1 28
2 6
9 61
9 81
10 47
8 57
2 35
9 3
5 9
6 96
5 84
5 71
4 8
7 71
8 64
1 43
8 70
5 46
10 47
7 42
5 60
9 27
1 67
9 95
4 38
4 84
4 99
3 44
9 72
6 12
9 37
9 3
5 8
5 59
5 23
4 6
10 59
4 27
1 68
8 0
3 96
5 34
6 33
2 72
8 60
5 3
7 3
6 61
1 39
10 83
4 13
10 1
9 23
10 26
4 3
5 87
1 84
4 19
2 82
9 43
7 24
3 29
7 52
2 57
5 42
10 95
9 5
7 26
3 8
8 5
3 93
6 46
10 72
2 5
2 16
8 55
2 59
6 40
9 3
4 91
9 75
1 15
7 76
3 71
10 61
7 31
2 67
4 53
4 16
8 72
9 65
6 93
10 12
8 42
9 45
4 88
5 4
5 5
2 14
5 53
3 38
9 90
2 6
10 85
4 67
2 5
2 80
3 92
7 39
8 76
1 63
9 70
4 73
5 100
4 50
7 70
7 74
2 98
5 37
4 73
10 24
8 97
4 45
2 69
6 49
5 17
4 52
3 15
7 75
6 40
10 78
7 12
3 21
2 57
9 56
3 89
5 59
9 81
4 8
2 88
6 67
9 78
6 81
7 57
2 55
4 67
3 12
6 16
3 11
9 29
8 97
6 95
3 21
8 41
3 10
5 58
2 82
6 4
6 88
8 3
1 2
4 8
10 22
6 72
4 34
1 80
8 88
9 1
6 22
4 74
7 15
10 11
9 94
1 91
9 18
3 97
3 27
9 48
8 76
8 54
1 99
2 24
2 57
2 86
5 84
4 81
5 31
9 85
10 87
2 19
4 99
3 46
7 43
10 57
6 59
8 17
8 49
4 6
6 43
10 99
2 76
7 58
7 64
3 5
7 27
8 52
9 32
6 34
7 86
2 32
7 53
8 79
3 83
8 11
10 12
6 43
6 25
7 8
9 47
9 52
1 19
1 26
9 37
2 25
2 28
8 19
6 65
4 68
4 95
3 9
10 69
7 82
2 81
2 61
2 23
1 26
3 80
2 80
3 67
4 5
1 51
4 48
7 57
7 68
2 28
1 78
9 100
8 13
7 97
7 13
10 80
2 60
8 53
5 77
8 54
4 42
2 6
8 7
2 71
1 7
7 91
5 6
1 15
9 1
3 32
2 41
7 0
6 60
8 56
4 11
7 50
4 65
2 49
6 82
8 71
9 70
9 25
7 25
5 34
2 74
2 67
9 54
5 1
1 60
10 52
1 59
2 23
1 9
6 48
2 67
5 24
1 98
6 32
10 24
1 92
4 99
5 42
8 61
5 93
10 34
4 59
6 33
5 80
8 54
5 1
9 30
2 66
7 25
3 55
3 18
6 17
10 59
2 2
3 73
8 24
1 34
1 65
4 67
8 13
1 49
3 5
7 34
5 81
3 26
10 13
3 9
2 63
10 5
6 63
8 21
7 100
4 79
7 61
7 11
1 35
1 4
9 30
9 23
4 7
2 69
10 79
2 60
3 40
1 82
6 82
3 51
1 4
8 2
2 29
5 1
4 51
3 75
3 54
5 15
3 67
4 5
8 67
7 45
2 72
1 1
3 48
1 82
5 98
2 42
5 81
8 78
6 93
5 35
6 63
9 13
3 77
6 42
4 59
5 56
4 81
2 6
3 53
1 88
6 97
1 4
7 30
6 12
10 51
3 37
8 67
5 41
2 91
9 80
10 64
6 27
5 58
5 51
9 65
6 55
3 55
10 8
5 91
9 59
4 12
3 30
3 67
5 38
4 100
3 53
3 23
9 75
8 13
8 17
2 97
9 58
6 20
6 44
7 74
5 42
6 15
2 13
9 40
10 60
5 67
2 95
2 92
4 42
9 85
1 19
5 81
10 72
6 77
5 81
4 84
9 0
10 50
5 64
3 85
2 13
10 91
4 93
3 10
1 69
1 16
10 81
7 54
5 52
3 62
3 36
4 21
8 55
7 12
8 39
3 5
7 40
10 69
5 81
8 4
6 51
3 96
5 77
3 83
1 23
8 32
10 58
10 59
7 44
7 81
1 44
9 4
1 9
5 51
2 91
9 25
1 50
10 87
7 55
2 36
5 53
10 7
1 28
3 86
3 49
7 54
5 29
2 63
10 19
6 73
7 40
9 82
3 23
9 71
4 17
2 49
1 32
3 83
9 33
6 4
1 48
7 79
10 54
2 64
1 94
3 24
10 27
7 46
2 14
2 47
4 92
6 79
10 99
10 10
9 31
2 33
4 67
4 80
7 35
4 22
1 90
4 62
4 42
4 42
7 86
6 54
9 14
4 17
9 24
9 52
7 89
9 67
1 29
5 4
9 38
5 24
6 50
3 91
10 43
5 31
8 8
8 81
9 84
5 4
7 56
3 68
5 32
2 0
4 0
3 74
1 5
10 1
1 49
7 84
3 97
10 23
9 8
3 61
3 69
3 19
4 25
8 40
10 63
10 87
8 34
8 57
7 49
2 35
9 95
1 34
8 42
3 23
7 93
10 100
4 68
10 94
9 88
3 55
2 60
8 26
5 100
8 58
6 35
4 36
10 55
8 99
9 44
5 77
9 13
3 43
6 27
4 37
9 17
4 28
5 69
9 54
2 16
1 8
6 32
9 79
6 48
8 10
6 5
9 89
2 25
3 18
10 95
5 77
7 36
10 7
2 19
6 86
4 34
6 2
8 92
8 73
3 61
2 21
5 13
8 53
4 7
9 24
9 75
1 9
8 47
6 74
5 67
6 35
8 53
2 21
8 52
4 61
2 96
7 98
2 40
6 75
3 69
6 16
6 23
6 53
5 52
7 88
2 83
6 5
9 48
2 0
4 76
5 53
2 70
10 43
4 59
4 81
8 55
6 74
1 32
6 59
4 70
7 49
9 49
1 41
9 98
6 43
6 87
7 69
5 53
9 59
5 77
2 24
4 29
10 49
1 32
1 57
7 25
10 93
8 96
4 3
8 93
4 38
9 17
9 10
9 34
9 1
4 95
6 13
10 55
8 80
6 3
9 37
6 21
7 86
7 20
1 100
7 96
3 77
2 58
4 39
8 69
3 8
9 66
9 76
5 43
6 10
1 16
6 34
3 51
8 80
10 73
5 58
3 75
5 90
4 92
4 70
2 28
8 42
7 43
6 63
7 1
2 90
9 1
1 48
4 6
5 44
9 47
7 86
10 58
8 3
6 70
9 88
3 61
7 26
9 94
1 60
1 43
8 0
2 69
9 19
2 56
2 90
5 21
7 6
8 73
1 98
1 3
1 56
3 3
7 93
7 62
9 35
8 10
7 96
4 64
8 34
1 0
1 28
10 97
4 96
3 11
8 84
2 16
9 16
6 60
10 28
1 79
9 35
8 42
8 26
7 5
10 20
5 35
5 10
6 57
4 41
8 93
1 20
10 94
5 33
10 33
3 69
8 74
3 56
9 15
8 23
9 78
6 75
9 38
7 29
9 27
3 2
7 81
5 4
10 87
1 83
7 18
1 35
10 42
6 72
6 100
3 99
7 39
6 15
2 70
4 31
6 50
7 42
7 21
3 46
7 89
1 39
5 75
4 86
10 74
5 50
7 46
6 34
6 25
3 98
4 7
10 61
5 50
8 55
7 16
1 10
5 80
5 44
10 26
8 37
6 55
8 24
3 35
7 20
2 65
10 54
4 16
5 47
3 31
10 5
4 83
2 90
10 72
3 68
1 63
7 17
4 2
10 96
7 4
9 13
1 86
2 3
2 27
8 10
8 80
8 34
6 53
4 28
5 98
1 87
7 82
5 87
5 18
10 35
1 37
8 49
6 34
2 87
2 53
4 37
2 98
4 30
7 17
6 71
10 38
3 88
5 62
4 86
10 88
5 81
2 97
10 76
8 66
3 85
1 16
2 42
6 61
2 6
10 93
1 2
7 58
8 64
9 40
4 25
10 26
3 83
8 4
4 7
8 66
3 78
5 39
5 55
4 98
4 10
2 23
6 52
6 76
3 50
1 32
2 0
7 72
4 10
9 0
1 23
2 73
3 64
8 18
2 89
10 97
8 29
6 55
2 23
5 44
7 53
10 2
5 59
6 74
6 45
3 5
1 47
4 71
2 47
2 2
8 93
5 35
3 25
3 74
6 34
9 43
5 70
8 10
10 35
3 97
2 75
9 59
4 51
1 65
9 35
10 9
6 89
5 30
3 50
4 90
9 99
4 100
1 52
4 39
10 47
9 51
2 86
2 61
5 25
1 88
4 9
8 61
3 36
2 59
10 69
9 17
3 48
4 42
1 22
7 76
3 33
5 8
3 4
3 98
9 73
3 69
9 31
2 23
7 36
5 10
5 28
4 40
5 25
8 92
3 72
8 99
3 39
5 99
1 26
8 0
5 59
5 37
7 30
5 4
1 21
5 75
1 84
8 38
1 87
6 78
2 56
6 60
9 14
3 34
7 58
1 0
9 16
2 79
5 97
7 71
10 79
8 33
10 0
2 97
10 44
1 0
7 53
9 48
10 20
8 92
9 35
8 12
7 37
10 90
1 93
7 61
7 51
4 94
2 27
7 0
10 4
9 94
4 12
10 53
2 66
8 72
3 81
5 83
6 55
9 84
6 56
3 4
9 59
2 38
2 49
6 10
3 55
9 100
10 44
8 87
6 27
7 79
6 81
1 82
8 98
8 0
10 77
8 64
10 44
5 79
10 46
10 97
2 7
8 83
9 32
3 54
7 51
2 43
7 56
8 25
3 85
9 95
10 61
5 40
10 98
4 84
6 86
9 65
7 98
4 90
8 7
9 17
4 38
1 99
2 36
8 57
3 64
10 53
6 29
2 52
10 44
6 91
5 50
2 63
8 24
7 44
5 57
1 96
8 57
7 72
3 35
3 36
9 21
2 82
8 68
6 91
2 41
10 95
7 65
2 17
3 29
4 73
4 82
6 72
6 42
8 3
1 99
10 56
10 21
4 84
8 78
6 54
1 48
9 40
8 50
3 49
6 19
4 27
8 42
4 20
1 64
4 64
7 10
7 68
4 92
7 91
6 84
10 32
7 82
10 90
2 69
1 87
9 50
1 96
7 18
6 56
3 66
4 6
5 50
4 76
9 45
3 75
4 38
8 100
10 96
1 0
5 63
3 65
10 11
9 48
3 63
8 99
10 41
5 81
1 31
5 65
10 34
4 82
1 34
1 3
6 23
8 93
3 66
9 41
9 73
2 92
10 76
7 45
9 88
4 1
4 54
7 73
9 15
10 20
10 28
3 47
10 93
3 97
6 100
10 77
5 18
9 4
6 23
1 67
1 63
3 27
4 54
2 0
4 1
2 2
6 98
5 4
3 5
2 35
8 82
7 88
1 21
1 21
10 65
9 30
1 26
10 37
6 27
6 53
1 18
3 75
8 22
2 41
8 4
6 25
10 49
4 4
3 15
2 55
2 54
1 6
7 69
9 4
1 40
7 90
2 93
8 96
8 86
8 57
9 63
9 36
2 84
2 30
1 74
5 59
2 27
6 82
1 56
10 80
4 50
4 57
2 33
9 30
7 52
7 39
6 9
3 79
3 51
5 81
2 75
3 30
9 34
2 67
6 46
2 6
7 78
7 87
4 23
2 3
4 39
4 82
3 80
8 86
5 74
5 12
6 39
6 96
4 76
5 80
6 39
3 94
4 91
5 57
5 19
1 13
5 86
4 77
4 55
6 46
2 83
10 93
2 28
10 48
3 78
1 86
5 40
3 59
10 49
1 52
6 57
10 73
8 13
10 88
10 44
4 47
8 59
9 45
3 55
5 3
2 68
3 29
10 97
3 63
4 92
4 29
2 55
2 100
3 68
9 75
6 20
10 68
10 85
2 61
9 28
9 61
4 89
8 32
6 53
3 56
8 0
2 38
5 80
7 58
4 19
4 58
1 43
7 71
3 21
6 80
10 53
6 85
3 93
2 48
6 74
3 61
7 86
6 11
9 86
4 93
8 96
10 56
1 11
2 53
6 38
8 0
4 91
9 38
6 79
10 47
4 53
10 66
5 86
9 28
1 95
7 39
3 99
1 17
2 12
5 9
10 94
10 79
9 97
4 99
4 83
10 69
1 29
3 70
3 88
10 46
4 4
1 3
6 37
9 29
1 15
8 49
7 98
10 52
7 65
8 40
6 58
3 75
7 53
5 68
8 2
7 57
7 58
3 9
5 47
8 65
5 57
5 84
6 31
6 41
6 70
9 46
9 63
8 84
6 40
4 45
9 84
3 25
9 5
7 48
5 53
7 43
3 8
8 98
7 74
10 14
1 59
1 36
9 94
10 81
1 39
3 33
7 69
3 95
10 46
9 85
7 69
9 4
6 35
10 60
3 52
4 50
7 92
4 98
1 20
4 40
2 48
1 11
2 38
2 65
8 23
6 16
3 51
8 49
9 86
4 19
7 29
5 59
2 49
7 63
4 34
5 100
5 15
2 69
6 92
6 75
6 89
3 79
8 100
8 34
5 82
7 73
7 91
2 24
3 3
7 47
1 4
4 75
1 14
7 66
10 65
4 7
8 19
7 1
7 68
3 4
4 6
8 73
3 62
10 8
9 27
5 56
4 23
5 28
6 15
6 98
10 65
1 48
5 70
4 24
9 71
7 16
6 57
1 24
6 42
5 43
5 12
4 51
5 82
1 2
10 77
10 18
4 15
1 44
10 96
2 10
3 92
1 62
7 47
1 59
9 68
10 20
2 100
3 83
4 4
7 36
10 93
3 75
10 5
6 9
1 58
3 74
9 64
3 49
8 86
3 3
4 9
5 95
10 41
10 3
6 77
10 8
1 18
1 39
10 67
5 5
7 89
4 37
1 47
7 8
1 61
3 35
5 73
2 7
9 33
5 47
7 78
8 62
10 15
3 58
7 58
7 75
8 37
5 41
4 35
10 73
9 45
5 64
8 10
9 22
6 10
4 97
8 27
3 41
4 73
2 31
2 77
9 91
9 47
5 7
5 13
6 52
5 4
10 29
2 81
5 9
1 40
5 52
1 49
1 29
5 66
4 69
3 34
8 14
2 29
4 48
6 34
4 17
8 48
9 15
1 12
8 77
1 10
7 79
7 93
10 45
8 80
9 56
7 33
9 18
7 73
9 7
4 44
7 32
8 31
6 86
7 20
3 45
10 17
9 67
1 54
8 72
2 89
4 79
7 89
5 86
8 58
5 58
4 20
10 19
7 74
5 4
7 81
7 60
7 56
9 83
1 66
1 50
7 87
1 48
3 95
3 86
10 81
6 17
5 95
1 2
8 51
9 99
1 40
6 38
9 93
4 20
1 88
6 18
10 6
5 33
1 9
5 27
5 75
8 29
1 19
6 3
8 97
6 58
9 5
4 16
3 2
1 1
7 62
5 65
6 50
1 40
10 8
1 1
4 25
2 77
4 14
8 97
5 96
9 17
1 40
5 46
1 14
6 91
8 51
4 87
9 30
8 27
1 52
5 13
9 25
1 39
1 12
2 49
3 48
3 39
8 31
4 99
3 16
10 70
4 3
3 28
4 73
5 7
10 88
3 82
6 25
7 16
8 32
5 17
1 83
9 6
3 94
2 65
5 63
9 4
7 1
5 49
6 50
2 47
3 97
2 31
10 31
1 45
8 49
1 99
1 23
7 78
6 80
7 25
3 63
6 89
8 9
1 22
7 87
2 75
4 90
4 20
8 33
6 79
10 27
7 61
8 63
9 48
10 35
7 96
3 54
9 30
3 75
5 76
6 47
3 73
5 46
7 100
3 63
10 17
10 72
5 45
7 68
5 93
9 77
3 63
1 11
2 95
9 5
7 13
9 48
3 52
10 54
9 20
2 27
6 43
10 21
7 11
8 48
3 90
8 49
9 19
8 22
6 72
5 68
3 78
2 11
1 81
1 100
1 38
8 59
3 10
8 6
9 71
4 72
1 79
4 99
3 58
5 7
4 69
5 38
2 23
2 86
6 43
2 23
4 67
10 28
5 81
4 5
4 38
4 2
7 40
4 9
2 12
4 3
4 64
9 37
5 41
7 42
9 84
3 16
5 1
7 21
9 29
9 72
1 95
9 88
1 2
10 35
3 0
4 6
6 26
5 9
8 65
2 83
7 39
2 23
3 12
6 70
6 81
6 47
1 55
2 71
2 23
7 84
4 32
2 60
4 80
2 98
1 37
9 53
1 89
1 62
4 55
8 59
1 51
3 2
10 23
3 35
1 19
4 60
5 67
4 64
7 100
9 19
7 83
9 13
2 25
4 79
1 98
3 81
2 18
6 48
1 69
7 88
3 27
1 82
10 70
5 36
6 52
10 66
4 97
9 61
8 23
3 71
6 64
5 35
4 26
4 28
10 7
9 43
7 43
9 17
10 76
3 88
2 98
5 75
9 86
1 15
7 16
2 56
8 22
10 28
10 54
3 35
8 20
4 56
10 89
8 18
8 80
10 49
6 20
1 56
6 91
1 40
4 83
10 56
9 75
6 89
1 28
10 48
1 91
1 16
2 56
2 29
2 51
6 24
2 47
4 33
1 73
6 93
1 90
6 75
4 0
8 93
8 20
10 94
6 33
2 19
9 66
9 95
4 9
10 67
1 20
7 7
9 21
7 60
1 81
7 4
3 46
4 65
3 12
6 12
4 74
6 68
7 87
8 93
7 0
8 8
1 39
1 11
9 48
8 90
3 24
6 49
7 48
9 91
5 10
6 2
1 36
8 9
9 70
8 25
7 45
6 1
2 59
9 35
5 60
4 85
9 69
7 12
9 80
1 52
4 31
10 46
10 51
7 6
3 46
10 45
6 97
1 25
7 96
6 30
3 28
1 27
6 18
3 2
8 37
10 4
8 25
1 94
10 73
9 37
1 93
4 55
7 61
9 30
4 78
2 11
1 42
10 74
9 89
1 18
10 97
5 65
10 58
3 98
4 82
5 55
4 78
8 94
4 2
2 51
7 32
3 1
9 29
4 20
9 92
8 84
4 28
7 48
2 99
10 88
3 71
3 28
4 13
3 81
4 48
6 100
8 90
9 63
7 17
9 24
9 88
10 65
1 85
8 38
9 77
8 42
4 55
1 12
1 99
9 98
10 1
6 39
3 79
9 41
4 58
2 28
2 62
4 9
10 10
6 47
5 49
5 99
1 51
3 96
10 63
1 86
10 91
3 78
5 19
8 57
3 62
3 91
10 48
5 86
8 29
1 41
1 79
2 85
8 22
6 97
5 75
9 96
10 35
4 36
7 99
6 72
3 16
4 75
2 49
4 27
6 26
4 37
9 46
9 26
6 96
7 88
4 92
4 13
6 19
8 96
4 65
6 95
4 72
3 3
4 50
5 18
10 91
6 62
10 41
6 81
5 84
9 63
10 59
5 46
9 31
6 95
4 99
8 36
3 56
4 3
9 93
10 37
2 15
10 30
9 91
4 55
9 37
9 0
2 24
10 97
3 97
4 21
3 35
10 53
5 83
9 8
4 26
9 90
6 36
5 36
4 6
8 50
6 92
5 67
4 36
5 10
8 17
3 32
8 99
7 12
5 50
2 34
5 15
6 66
9 74
4 32
7 80
6 44
1 66
4 9
10 57
3 5
8 91
8 44
9 54
4 57
9 88
3 53
4 1
3 25
9 76
3 58
10 43
2 83
4 82
10 2
10 18
1 3
7 72
2 16
9 8
1 86
9 80
5 99
6 40
1 15
4 38
2 29
9 99
7 79
7 94
2 83
7 97
9 23
6 73
1 46
10 17
6 12
9 52
8 7
1 75
1 99
6 79
3 100
6 38
7 70
3 88
1 1
9 62
1 0
5 18
4 83
4 54
10 54
7 40
4 40
6 73
1 18
9 24
5 92
3 95
9 95
8 1
3 13
7 37
4 32
6 67
8 19
2 53
8 94
5 32
5 12
5 26
9 69
10 83
5 99
1 53
10 20
5 53
8 56
7 100
4 7
9 89
2 98
7 84
7 70
10 34
3 90
2 11
7 16
2 3
2 15
6 16
3 4
6 72
3 98
7 95
2 49
7 7
7 1
9 13
7 3
3 94
3 82
7 42
1 63
5 1
6 65
2 95
10 90
8 4
9 34
7 19
1 89
7 67
8 72
4 96
2 91
4 77
9 82
6 85
1 63
8 8
10 50
2 81
2 28
7 94
6 65
7 4
10 10
3 21
5 1
3 88
1 52
7 47
3 6
7 24
4 4
3 53
3 76
8 80
10 56
1 33
9 46
6 55
10 72
9 20
4 35
8 49
8 49
4 48
7 57
9 0
9 21
6 38
8 9
5 27
8 38
3 89
5 91
9 13
6 89
6 27
2 75
5 2
9 88
7 86
5 54
5 26
10 57
10 59
5 79
2 89
4 92
4 11
8 14
7 71
2 7
8 30
1 0
6 5
2 11
8 25
5 28
9 47
1 66
6 48
9 52
3 74
10 37
4 73
9 20
5 61
2 91
5 100
3 52
6 96
8 94
2 46
2 56
10 35
3 42
1 99
7 11
7 39
7 14
5 7
5 15
3 95
1 12
2 51
4 3
6 73
10 45
2 92
9 37
9 69
8 3
9 18
4 19
10 25
4 55
3 33
2 55
4 22
5 19
6 67
9 26
3 43
3 6
2 5
1 99
10 14
9 84
9 76
9 13
4 40
3 8
1 44
7 90
2 12
6 80
8 1
4 25
9 78
5 58
1 5
3 38
3 36
6 54
2 57
10 61
1 14
5 64
10 62
10 74
1 18
4 42
5 50
9 19
3 15
8 95
2 43
2 40
7 64
9 55
5 62
2 69
8 94
1 45
4 9
9 80
10 34
2 54
10 45
3 31
6 9
7 63
10 83
10 95
6 73
1 98
3 63
7 83
4 100
2 20
4 80
6 33
2 66
3 97
4 15
3 61
1 65
1 11
6 13
1 37
7 44
2 21
9 88
5 85
5 74
8 67
1 7
10 20
1 69
4 50
5 10
2 45
3 97
6 90
4 58
10 21
2 42
1 36
8 59
1 69
4 48
4 77
4 39
7 29
2 20
10 56
4 73
5 21
1 32
9 75
5 82
4 8
5 39
4 79
7 82
3 92
3 3
5 31
3 5
2 89
8 41
6 58
6 73
6 26
10 31
5 62
10 43
4 22
6 98
8 66
7 40
5 62
7 84
4 90
3 92
4 25
1 54
5 31
8 26
8 83
10 40
2 16
5 95
5 75
1 59
5 60
8 97
2 51
10 3
5 0
6 1
7 47
6 38
6 56
2 67
6 94
6 29
6 39
1 41
4 44
7 26
7 95
9 2
6 75
10 10
2 92
2 89
6 18
9 83
10 97
8 67
7 18
8 80
10 65
9 50
2 39
2 75
6 74
6 94
8 28
2 97
5 52
7 44
1 68
2 88
10 34
9 100
7 39
6 65
1 40
9 38
2 7
8 10
3 21
9 40
4 8
4 29
9 0
1 37
4 41
5 96
4 7
3 84
8 92
2 36
6 50
3 80
3 56
6 6
7 39
9 87
10 29
6 71
4 1
10 2
10 91
4 39
8 6
7 34
3 59
3 78
3 43
3 27
2 70
8 10
6 11
10 27
10 19
6 20
6 88
3 69
3 37
8 63
6 53
2 51
2 51
9 61
10 9
3 88
10 12
4 73
10 62
9 95
3 37
3 66
9 84
1 69
7 42
3 1
8 100
2 20
10 62
4 44
8 88
8 15
5 49
9 19
2 49
9 25
7 7
3 11
10 36
4 25
3 55
4 45
5 39
2 7
6 68
3 36
1 72
1 29
9 19
5 33
2 64
3 47
6 24
2 96
7 14
7 85
4 17
1 91
6 15
6 60
7 71
3 57
10 90
5 2
5 57
8 86
5 32
5 27
6 77
4 21
2 1
8 96
5 80
5 33
1 37
2 57
2 87
6 2
10 1
4 63
9 18
9 42
5 82
1 57
7 71
10 56
9 56
7 8
6 12
8 71
10 57
4 35
4 62
10 2
6 25
2 49
7 23
6 9
7 95
3 99
9 96
5 81
8 26
7 89
1 85
10 9
8 64
2 100
3 71
10 20
5 54
3 8
6 98
3 39
9 34
5 9
7 47
10 81
1 53
5 94
1 41
5 85
7 46
6 26
10 33
7 66
2 66
7 27
1 49
8 80
7 63
3 16
7 41
3 97
3 37
7 4
7 67
1 91
6 8
6 90
8 78
2 98
8 66
2 87
3 47
8 35
9 89
1 7
3 52
7 15
7 91
8 18
7 60
9 46
2 84
4 6
3 51
7 25
3 66
7 76
9 9
6 34
3 70
5 57
1 8
1 63
10 77
8 13
4 72
6 6
4 24
9 34
2 98
6 56
4 63
2 36
9 14
5 94
3 42
7 20
3 53
3 37
5 77
9 24
8 32
2 69
8 14
1 86
7 35
2 53
10 57
5 8
8 12
4 100
2 74
4 96
5 60
4 17
6 4
2 66
6 47
2 55
1 2
6 15
6 66
4 42
8 39
6 26
9 87
6 25
2 43
6 15
3 85
10 68
3 89
4 15
6 17
10 21
10 89
6 41
1 54
6 57
3 76
8 75
6 90
6 75
2 17
5 88
7 76
1 11
5 24
8 68
6 99
7 36
8 16
10 31
5 16
1 59
7 22
1 92
10 74
1 78
6 71
8 35
6 46
8 72
2 14
6 54
2 15
1 95
8 30
2 33
9 37
8 31
9 41
2 3
5 88
1 70
9 8
10 42
1 2
4 83
10 26
10 38
7 41
7 98
8 3
8 100
2 50
8 37
6 69
10 18
5 42
9 48
7 31
3 46
7 1
4 76
3 94
8 82
10 54
1 38
7 50
3 78
4 18
10 30
4 13
1 98
9 6
1 19
1 29
6 98
7 35
8 88
2 94
5 48
1 50
6 86
10 40
4 73
4 59
1 45
5 75
5 7
10 68
7 41
1 62
2 94
3 37
4 39
3 13
2 73
6 87
8 91
1 37
2 93
3 12
1 29
5 27
1 69
5 99
8 77
7 3
7 26
9 39
6 22
5 50
6 69
4 17
9 61
5 3
2 95
3 27
2 38
8 42
1 24
10 4
4 11
2 98
4 47
2 1
2 77
5 7
6 91
6 87
7 49
5 10
6 65
6 91
3 34
2 97
5 24
1 28
4 37
3 7
7 22
8 67
6 21
1 69
5 34
1 37
2 51
5 37
2 91
8 71
6 96
7 38
2 70
3 98
2 74
5 44
2 11
7 89
1 84
6 48
8 56
8 65
10 75
1 89
3 87
10 49
8 4
7 12
1 30
7 33
10 55
6 62
6 79
3 60
7 88
3 57
1 82
8 31
9 26
1 17
7 88
7 15
6 92
5 82
2 79
8 87
5 51
9 43
10 25
2 15
3 40
4 49
3 0
3 23
3 12
10 94
7 36
8 90
1 27
10 73
8 41
8 13
6 2
2 81
6 33
3 17
8 89
6 40
10 76
9 75
8 97
10 58
5 39
2 32
3 57
7 54
4 48
6 96
9 45
7 7
8 58
1 93
5 78
9 27
4 55
8 70
9 91
8 54
6 31
2 69
9 86
7 59
7 5
9 8
8 91
10 3
3 86
10 100
8 33
7 51
4 25
10 64
9 34
5 61
9 66
10 81
6 75
5 63
2 97
3 91
7 24
8 39
5 3
10 30
2 88
5 60
9 72
3 79
1 79
6 51
3 71
8 22
8 29
6 34
8 7
5 41
1 91
10 92
1 0
5 29
3 54
1 1
2 26
8 29
6 49
7 47
2 98
2 77
3 75
5 44
3 33
10 16
9 9
5 55
5 25
7 41
7 62
7 37
4 58
9 68
6 36
6 57
7 48
1 66
10 55
10 59
8 21
9 12
10 40
3 3
10 65
7 72
3 17
5 7
1 18
9 26
3 36
10 89
8 73
6 2
7 35
9 19
5 76
5 2
7 5
7 9
2 17
9 30
1 37
4 9
9 46
3 21
6 63
7 68
3 48
5 65
6 67
10 31
5 39
2 8
2 47
3 1
3 69
3 8
5 97
5 42
10 52
1 15
4 93
8 19
9 4
1 86
1 5
4 95
8 87
7 61
7 87
2 84
6 4
3 47
6 67
5 42
2 38
1 59
8 61
9 54
8 11
2 76
1 23
6 24
9 6
6 96
8 24
7 51
2 16
10 73
2 96
9 53
2 95
7 2
5 68
2 85
8 5
1 41
10 74
4 50
8 24
8 99
5 32
1 34
8 17
10 92
8 66
7 75
2 64
3 71
1 59
10 82
7 53
9 72
2 64
6 54
1 88
7 83
3 94
10 89
3 12
2 100
5 95
9 81
6 82
8 18
7 1
4 19
8 9
2 47
10 87
2 55
4 81
5 69
2 33
6 96
6 61
1 49
10 17
8 19
6 99
6 27
1 20
2 83
2 23
2 40
6 33
2 31
5 21
7 28
5 27
8 35
8 26
1 75
7 85
8 73
7 13
6 28
7 65
7 42
9 35
6 97
1 85
5 51
4 30
2 46
7 96
5 36
2 1
6 73
2 61
4 3
10 1
5 68
5 22
8 73
8 1
1 53
3 16
10 2
7 19
7 68
8 73
6 92
3 0
5 91
6 60
5 95
9 64
6 37
5 40
2 15
7 44
9 57
7 59
10 92
8 31
1 43
1 55
8 72
10 35
10 63
1 15
5 98
6 73
2 5
1 9
6 40
9 72
7 26
8 4
4 36
10 18
7 77
6 84
9 67
9 1
10 4
5 88
5 65
9 32
10 66
8 27
1 82
1 68
6 3
10 36
6 100
1 80
2 17
7 76
8 95
7 0
1 0
4 96
10 24
2 30
8 25
8 32
2 36
2 41
3 36
9 84
7 54
10 22
7 58
1 93
1 50
4 86
2 73
8 19
2 11
1 33
1 33
8 2
8 1
9 77
6 99
2 60
4 25
4 79
10 28
9 92
5 48
8 15
2 27
9 63
7 71
9 7
4 52
6 98
1 55
5 87
8 97
3 1
1 64
1 87
7 88
9 23
5 90
7 73
8 68
6 77
3 22
3 49
2 10
4 23
2 50
1 32
7 35
9 43
6 84
9 1
3 45
9 22
6 4
10 45
8 41
10 98
5 91
2 95
3 37
1 32
6 16
3 62
10 44
6 47
6 7
6 45
8 49
4 15
1 45
7 99
9 56
6 71
5 58
4 2
3 34
7 89
4 25
10 11
2 17
5 17
2 21
3 33
7 72
8 50
10 11
5 86
2 15
8 17
7 64
2 62
1 53
8 28
9 66
5 96
10 84
6 3
6 62
8 96
9 68
3 12
6 40
10 68
1 10
8 41
7 86
5 26
7 97
6 81
2 74
4 5
2 15
3 6
3 1
1 59
3 15
4 15
3 53
7 100
5 32
4 90
8 57
9 3
3 4
10 77
6 60
9 64
8 85
7 20
7 8
1 84
2 23
1 31
2 90
6 71
2 49
10 70
9 77
7 21
10 70
5 28
8 15
8 99
8 72
7 1
6 34
3 21
6 40
6 54
6 48
2 62
10 84
5 16
7 51
5 81
3 82
6 78
3 64
2 21
10 10
4 2
6 83
9 43
5 55
9 46
10 79
3 47
2 22
10 16
4 14
1 99
5 96
5 15
5 75
10 55
1 33
7 100
10 14
10 1
5 66
1 65
10 29
6 2
5 71
4 30
8 31
1 31
4 95
10 5
3 23
5 93
10 9
9 32
9 77
10 53
1 12
3 15
8 67
3 89
6 54
10 33
1 63
3 15
2 76
10 24
4 92
2 35
9 55
6 41
3 91
4 16
4 60
3 69
10 34
4 79
2 96
6 33
10 16
5 28
10 54
9 65
8 70
8 86
6 75
8 66
3 49
7 19
3 6
2 37
10 89
4 20
5 21
9 49
1 2
8 32
2 5
4 79
5 37
8 87
1 25
1 43
5 87
9 75
7 91
5 59
8 43
9 53
7 34
6 63
9 65
5 1
4 73
6 35
7 61
3 2
3 21
3 70
7 25
8 30
3 63
2 47
4 38
7 18
2 27
1 78
2 100
3 99
9 53
3 89
2 14
2 97
9 57
4 56
1 96
5 92
10 93
5 10
7 33
10 98
4 38
8 8
10 63
8 88
7 36
8 55
8 3
4 79
1 35
6 50
5 76
4 65
9 86
2 66
8 70
9 51
6 55
2 85
5 34
4 87
4 15
5 97
9 53
5 33
4 35
5 4
3 79
2 3
7 95
10 59
4 49
5 59
8 17
8 96
2 95
1 3
9 100
4 37
9 86
5 11
8 53
9 52
4 41
3 13
2 95
8 84
1 51
8 72
10 47
1 79
8 17
9 42
2 65
6 84
4 67
7 59
10 27
1 90
5 71
4 90
3 86
6 11
7 58
4 79
8 100
8 36
8 69
5 11
4 7
10 41
8 87
7 41
9 31
6 88
3 49
4 94
8 3
7 96
10 78
5 44
5 64
4 57
1 95
10 82
1 33
8 87
7 69
8 72
1 61
2 33
2 88
3 59
5 20
8 75
10 23
6 77
6 96
2 67
7 58
9 62
7 64
1 65
9 47
3 86
6 54
6 16
9 11
5 65
2 1
3 60
9 61
10 47
3 96
6 33
8 17
5 58
2 76
10 34
7 88
7 57
6 51
6 54
7 64
8 57
10 31
9 74
6 33
8 26
9 9
1 2
5 27
6 50
6 8
5 63
5 99
1 82
3 16
3 45
6 49
7 33
3 68
2 10
5 74
10 23
8 0
7 42
8 33
1 19
3 13
8 70
7 44
9 54
4 97
1 3
4 91
2 80
9 75
9 32
3 26
10 72
4 39
10 40
5 42
8 63
6 78
10 58
5 69
5 43
4 68
1 2
9 61
3 65
6 43
2 38
5 30
2 16
4 81
1 19
7 9
6 8
1 2
5 71
10 19
7 14
6 94
4 57
10 74
9 86
4 31
3 70
1 49
1 51
5 61
10 57
1 59
2 51
10 54
5 2
6 62
8 70
2 42
2 79
9 2
9 70
6 81
8 67
4 33
1 45
9 91
4 81
7 96
9 22
1 74
3 5
4 23
5 58
1 90
8 42
1 78
4 76
10 94
8 79
6 17
1 41
8 27
10 70
9 95
3 21
1 23
4 99
9 8
1 82
8 96
4 28
1 16
8 64
2 7
8 67
8 11
2 64
8 31
8 50
10 8
2 80
7 66
1 10
2 98
1 23
3 78
3 99
4 9
3 68
5 59
9 98
3 78
9 86
2 68
9 35
10 34
7 9
2 93
6 64
3 33
5 4
8 64
9 5
2 48
8 42
9 78
8 95
3 38
7 63
6 56
1 92
2 21
9 45
5 65
1 36
5 50
6 37
2 11
3 4
3 12
7 25
7 15
9 15
4 30
10 26
9 79
9 88
7 8
5 83
3 23
2 68
10 55
9 10
4 54
1 36
7 16
7 22
7 54
9 52
4 87
6 1
3 82
3 87
9 64
6 36
2 40
3 98
10 71
5 98
3 68
2 92
7 72
1 64
8 11
8 42
7 76
4 100
1 11
1 79
1 98
6 100
7 91
10 27
4 2
9 24
3 78
8 67
7 13
10 26
6 54
3 65
8 34
2 43
5 21
6 13
4 40
1 45
3 43
1 34
2 23
6 80
7 98
5 64
2 1
10 42
2 45
3 41
4 79
2 92
7 38
4 99
6 14
6 80
5 57
2 64
4 76
1 91
7 45
6 89
5 30
2 7
6 95
7 62
6 27
10 44
2 14
7 97
5 74
2 61
5 9
4 83
2 27
5 62
2 41
2 66
3 76
8 73
7 96
7 39
7 22
7 24
3 34
9 23
8 76
1 29
6 44
9 43
4 9
3 70
6 47
1 29
10 36
5 86
1 24
10 93
3 75
4 82
3 17
2 47
2 84
5 22
6 2
1 34
1 32
7 33
1 17
7 28
1 91
5 0
2 6
8 70
1 48
1 57
7 19
1 63
1 99
7 84
2 1
9 6
5 77
6 96
10 40
10 90
1 99
5 58
3 21
9 36
10 25
2 72
4 21
8 33
5 88
3 11
6 44
2 39
8 68
6 51
9 25
8 54
9 78
10 54
1 21
4 54
5 36
4 81
10 92
2 50
3 81
2 43
6 15
8 65
9 83
4 79
6 10
8 40
4 34
3 30
2 98
7 65
2 80
2 72
6 94
6 84
5 99
9 45
2 25
9 95
10 66
3 12
1 20
3 62
8 11
9 54
4 52
1 41
10 21
8 88
7 73
6 19
7 73
7 48
9 93
8 100
1 68
2 75
3 7
6 8
4 58
8 72
4 57
10 31
10 86
1 42
7 73
7 5
2 99
6 91
4 74
3 72
5 88
10 40
6 57
9 55
3 46
8 0
6 56
5 42
8 54
1 11
1 93
6 9
4 70
3 79
9 84
3 87
6 95
6 42
7 100
2 32
3 14
1 24
4 44
3 60
3 59
8 16
4 35
5 100
1 84
3 41
10 10
8 57
5 71
8 66
1 57
8 44
9 23
7 91
1 21
1 51
10 71
8 29
10 10
6 27
6 79
8 44
9 59
1 61
4 10
3 84
10 14
10 40
5 82
6 53
5 95
5 46
7 94
2 83
10 81
8 37
7 61
4 25
3 62
3 18
9 6
6 64
6 90
1 33
8 98
3 19
6 42
5 75
8 38
7 58
2 99
5 43
1 17
1 13
1 46
8 64
6 29
9 59
3 47
9 74
6 78
2 18
3 13
6 48
3 27
1 99
2 66
2 72
2 43
5 83
2 32
7 5
5 4
5 61
8 100
4 56
2 68
8 24
2 39
6 50
2 6
10 23
9 29
3 87
6 15
3 79
6 1
4 82
7 93
5 56
5 30
10 4
2 14
2 12
5 33
5 64
5 69
6 97
3 37
9 40
5 19
1 76
3 98
9 72
9 53
3 6
4 65
4 68
7 76
8 95
2 43
5 5
7 16
2 74
4 2
5 34
4 23
9 4
8 66
10 35
1 91
1 36
10 62
1 65
6 47
2 74
8 61
4 41
9 86
1 49
2 50
4 44
7 92
1 65
1 87
1 64
9 44
3 37
3 74
9 36
8 57
7 89
2 9
1 84
7 53
6 73
10 53
10 26
10 92
5 91
4 47
7 49
8 80
6 95
2 24
10 61
1 56
1 3
5 91
7 32
10 58
9 87
1 11
8 50
8 85
5 29
1 98
10 34
3 71
5 5
5 3
7 67
8 3
8 71
2 30
7 7
3 52
3 90
3 2
6 85
5 14
6 42
8 66
4 50
5 81
2 49
8 6
9 58
5 80
9 32
4 46
2 36
1 60
4 43
4 55
1 84
4 36
8 15
5 52
5 44
4 13
1 87
3 65
10 73
4 68
2 16
10 69
4 74
6 72
7 12
6 82
2 30
6 59
6 26
10 20
2 17
2 63
10 76
8 27
3 2
4 11
3 24
5 35
9 30
5 93
9 98
9 94
4 78
1 85
8 64
4 75
7 30
4 70
1 1
8 99
4 66
4 2
1 34
1 1
2 48
4 25
10 14
1 3
8 41
9 23
1 35
8 75
10 38
4 81
1 74
7 50
6 10
6 85
2 28
6 27
3 39
6 75
6 42
10 67
5 12
6 52
8 66
4 90
4 8
7 83
4 45
3 97
2 60
9 10
2 52
8 88
8 14
3 17
4 22
1 95
8 51
9 6
4 62
7 2
6 31
7 22
10 53
3 91
10 10
4 64
1 80
5 68
5 64
4 54
5 62
3 67
8 17
9 100
2 22
2 93
7 25
5 22
5 65
10 32
3 54
3 63
3 11
7 91
2 54
7 45
7 44
7 37
8 75
8 91
2 6
5 62
10 88
10 25
10 60
10 10
3 51
4 13
9 15
6 99
4 80
7 0
4 82
4 49
2 88
4 43
5 35
2 11
1 23
3 16
5 79
10 87
10 98
9 6
5 44
9 90
3 11
9 71
6 81
1 95
1 70
6 22
8 67
9 76
4 95
6 22
1 88
3 15
4 100
10 16
9 24
2 70
2 94
10 66
6 89
3 86
5 73
8 6
7 36
2 73
5 37
8 17
9 84
1 2
9 36
7 9
5 71
3 16
1 70
10 15
4 15
1 55
3 10
2 73
2 86
6 7
8 35
1 9
4 66
10 1
9 53
5 60
5 51
9 25
6 9
4 69
6 96
4 61
9 73
2 59
3 6
9 8
10 15
5 65
9 67
6 78
1 24
6 68
7 26
1 80
3 72
3 56
8 13
4 31
6 37
9 13
1 92
8 88
8 61
3 74
2 47
10 17
8 47
2 55
1 70
10 12
1 31
2 86
2 34
9 12
5 19
4 49
3 87
2 39
10 59
10 67
5 38
10 8
9 54
2 91
9 8
3 43
4 34
3 17
2 66
5 5
6 86
4 55
7 70
10 43
2 39
8 98
9 72
1 89
4 83
5 52
7 96
7 63
2 99
7 2
5 67
7 53
7 92
8 34
5 23
8 6
1 50
1 78
1 75
7 54
10 72
1 32
1 52
8 63
2 48
4 51
5 44
10 72
2 70
7 21
4 38
10 35
3 85
1 53
4 48
4 72
2 98
7 9
1 5
5 75
2 97
1 53
4 40
3 68
1 80
9 9
10 4
3 50
2 14
7 40
9 6
8 46
4 80
3 71
6 85
1 0
5 11
1 2
5 6
6 65
3 18
6 31
8 74
1 67
1 96
5 4
4 50
1 30
2 32
10 89
1 91
5 90
5 24
8 89
8 90
8 66
8 89
1 62
8 7
9 67
4 86
7 32
2 99
5 63
7 28
6 94
1 25
10 19
1 14
2 37
10 10
6 3
4 34
4 41
10 94
3 78
5 61
6 27
5 23
8 61
6 73
6 80
2 88
7 30
5 54
6 94
8 46
2 17
4 32
7 68
9 77
2 19
7 28
6 63
5 20
8 37
5 19
3 60
4 74
8 69
3 96
5 99
2 99
4 90
5 46
9 92
3 34
9 12
10 21
5 11
4 38
5 1
7 21
2 45
3 71
10 54
4 65
7 98
9 45
6 20
4 73
4 7
9 86
8 9
1 30
1 30
8 33
5 62
8 67
9 49
4 65
10 65
10 67
5 95
10 20
7 40
7 31
10 68
1 54
9 66
3 95
8 12
6 64
7 29
10 67
3 1
6 96
3 86
3 48
2 72
8 80
10 23
2 5
6 100
4 24
9 9
9 49
6 71
1 29
8 29
2 59
9 19
5 60
2 43
4 54
7 50
2 12
1 54
6 59
2 60
8 68
8 87
2 58
7 72
8 13
5 48
10 75
1 14
4 83
5 72
8 56
9 65
6 85
4 72
3 54
1 73
9 46
2 2
1 82
4 7
9 99
1 29
10 3
1 99
10 53
3 41
7 61
9 22
1 33
3 20
5 2
9 73
4 87
4 95
1 75
3 94
6 95
8 82
1 67
4 72
9 23
8 28
8 15
8 92
3 73
9 74
2 38
7 3
10 85
5 72
5 36
6 69
4 44
7 30
2 85
7 16
9 13
4 72
6 86
10 47
2 48
1 56
4 53
4 3
1 46
10 85
1 35
6 20
3 79
2 62
3 38
9 60
5 94
2 43
3 11
5 74
10 78
10 48
8 9
6 22
7 16
9 18
4 67
5 88
8 17
3 36
2 73
5 74
7 31
2 25
5 44
2 71
10 30
5 74
8 38
4 96
10 76
6 31
10 0
7 16
7 6
7 7
3 38
3 46
2 37
9 62
9 10
3 50
3 57
10 10
4 64
2 33
4 80
6 65
10 44
6 32
2 96
4 58
9 59
10 37
9 45
5 84
2 12
3 57
2 25
1 0
7 24
6 33
2 97
7 43
6 1
7 90
9 53
6 60
2 83
6 41
4 13
4 27
10 79
9 74
3 33
4 52
5 78
6 74
10 51
3 30
4 83
10 76
8 69
5 11
9 66
10 6
2 14
1 52
6 36
7 61
2 47
5 29
7 46
2 6
7 43
7 87
7 16
3 10
2 77
4 77
6 61
7 63
2 63
6 78
1 86
10 15
3 100
2 91
10 28
3 21
3 56
5 40
5 49
1 93
2 91
7 8
3 59
4 18
8 26
3 31
10 9
10 2
1 83
1 72
6 72
10 63
4 87
4 8
10 57
6 36
2 42
9 42
7 68
7 46
1 37
6 20
4 21
2 51
1 84
1 30
3 81
4 28
8 91
5 98
9 97
2 62
6 99
9 96
5 89
2 29
8 50
1 37
10 25
8 5
3 51
4 89
7 77
8 14
1 39
4 94
1 21
9 0
6 22
5 58
4 36
6 2
4 37
4 70
4 97
6 3
10 74
5 35
9 44
4 74
8 14
9 48
3 78
5 49
7 27
8 21
10 53
8 99
7 54
7 26
9 68
7 94
9 11
5 42
7 17
10 54
1 51
7 2
5 26
3 23
10 18
7 20
8 41
6 6
9 98
10 36
10 17
5 25
4 20
6 81
9 51
5 100
5 80
3 74
6 33
7 89
2 25
4 81
6 80
10 50
2 56
3 24
6 99
8 53
1 34
5 14
2 7
8 42
4 8
10 85
5 98
2 25
9 29
5 6
1 65
1 20
8 3
10 20
5 20
2 1
5 32
10 99
6 18
10 60
1 73
9 1
8 34
5 54
10 42
1 1
6 83
4 42
4 36
5 8
9 74
6 13
3 63
1 49
4 44
7 37
9 16
8 12
2 99
3 18
8 97
3 1
5 100
1 48
4 91
5 83
6 99
5 41
7 37
6 98
4 60
3 95
4 46
8 77
4 54
9 61
8 39
7 74
1 66
1 95
3 7
10 41
7 81
6 97
8 11
9 73
6 64
1 16
5 26
5 47
7 19
8 87
2 21
4 26
1 26
1 29
6 44
3 82
7 74
6 47
5 73
9 93
2 82
9 20
8 66
6 84
5 71
10 25
4 81
8 45
4 41
4 7
9 54
9 74
3 87
1 32
4 4
6 61
3 5
8 63
1 87
10 16
3 26
3 52
3 58
8 48
1 39
10 63
3 62
10 74
1 88
7 54
2 2
6 49
10 13
8 48
8 43
2 52
7 12
5 81
1 8
8 5
4 29
1 69
2 58
10 60
4 83
4 72
8 83
10 11
3 13
1 19
3 43
8 63
6 88
10 91
8 21
7 53
5 16
3 64
6 21
3 98
5 77
9 67
10 39
10 49
6 1
10 27
7 65
9 32
5 18
10 1
1 98
9 37
9 19
7 16
6 80
1 66
4 44
2 43
1 30
9 25
3 81
1 6
2 3
9 86
4 80
2 31
9 54
5 19
7 68
2 63
1 59
5 48
9 82
9 40
7 60
1 15
5 33
9 7
9 96
6 89
5 70
3 42
4 53
9 8
4 98
4 47
4 100
8 95
10 8
10 86
10 1
4 53
5 17
7 28
10 10
8 17
7 30
10 96
7 65
9 50
4 7
7 8
4 67
9 69
3 48
1 3
10 87
10 59
8 12
3 63
7 82
4 68
7 60
8 65
4 13
7 42
2 36
9 55
7 87
7 22
4 1
4 66
6 100
10 86
2 19
9 14
6 66
5 91
4 6
7 13
5 38
1 13
1 87
5 0
2 10
7 85
1 2
9 29
6 4
2 98
9 9
4 87
3 93
4 39
2 42
7 63
7 98
6 58
8 32
1 6
2 26
4 91
7 54
3 97
10 90
2 54
10 4
7 10
7 42
2 76
8 78
10 6
10 28
3 70
5 73
5 42
3 76
10 64
8 43
3 24
2 100
8 3
3 69
5 13
10 6
2 17
6 28
3 15
5 48
5 83
4 17
1 66
1 77
6 92
10 51
6 15
10 13
4 29
1 85
1 65
7 3
5 51
7 15
9 63
8 56
10 50
9 24
10 25
5 4
3 53
7 84
9 42
6 83
1 79
5 43
6 91
10 23
8 88
2 35
8 72
10 78
9 10
9 34
4 42
10 79
5 43
2 53
7 7
5 42
9 81
1 80
3 44
4 9
1 89
6 65
3 100
4 58
4 12
2 31
9 58
3 86
6 49
8 90
9 50
8 41
2 76
3 39
2 20
4 72
2 19
3 19
3 98
5 39
6 79
8 72
7 10
10 54
7 46
4 70
8 13
3 59
1 17
7 47
7 88
7 25
5 87
1 31
5 30
8 3
7 52
1 61
1 98
3 8
8 66
8 26
8 19
5 51
3 12
7 7
1 70
6 83
3 0
4 6
10 3
7 11
3 42
6 21
10 92
9 66
10 46
1 100
9 45
10 23
7 69
7 61
6 58
9 62
5 46
9 29
1 52
8 49
6 59
1 80
4 5
5 0
5 78
4 77
1 47
2 80
2 64
5 72
7 49
5 21
4 74
1 27
5 69
9 13
2 48
2 26
10 44
7 98
7 6
7 17
7 68
2 31
8 44
4 81
9 5
9 39
2 88
9 94
6 17
8 89
4 1
2 33
10 18
2 21
1 85
1 0
2 85
4 52
1 21
4 34
5 75
7 63
10 82
5 3
10 21
2 94
9 70
7 75
2 17
6 60
1 29
4 95
9 80
6 15
6 7
3 23
6 58
2 43
6 28
3 86
4 66
3 34
7 79
6 36
4 65
1 76
8 15
7 41
6 100
6 80
8 86
4 86
4 15
5 93
5 5
2 0
5 27
9 42
10 42
8 91
3 87
8 71
1 66
10 48
6 25
4 44
1 55
8 2
6 83
3 100
2 75
10 0
10 85
6 37
7 82
6 72
5 31
2 57
6 56
4 27
9 59
7 9
4 51
9 97
4 55
8 17
6 86
2 99
1 70
10 36
6 26
2 82
4 27
7 95
7 78
2 57
9 42
1 54
5 96
8 35
5 86
1 98
5 26
9 97
2 9
2 38
2 4
10 12
10 13
10 78
1 73
8 22
6 82
6 42
1 2
3 5
7 26
8 23
1 88
2 87
3 58
2 68
2 46
6 44
4 81
6 81
10 60
10 38
6 99
4 61
4 28
10 88
8 21
7 98
6 69
9 5
4 28
8 88
8 75
7 37
1 31
2 87
7 5
1 8
7 3
3 38
10 43
10 18
10 55
4 60
6 37
4 85
3 32
4 91
6 17
6 4
2 4
8 48
2 61
7 99
9 40
10 71
6 17
2 31
10 80
5 70
6 45
6 43
2 11
10 23
9 48
1 21
6 30
4 53
10 52
2 60
6 45
9 32
6 42
7 77
2 27
9 18
3 9
10 93
10 82
6 34
7 79
5 5
1 29
1 71
6 95
4 19
6 53
7 43
10 21
4 6
4 11
7 83
5 76
10 66
10 92
9 89
1 12
5 34
8 77
5 10
7 36
2 5
2 83
3 22
9 80
5 77
5 44
1 63
4 82
6 92
7 83
2 65
2 65
10 39
4 44
4 43
6 42
4 60
6 25
4 18
10 87
8 43
1 80
7 93
3 22
7 95
7 97
5 78
9 19
6 40
6 64
2 30
8 78
1 46
6 54
9 15
2 42
6 52
5 80
9 38
6 99
4 94
1 93
2 20
8 84
3 70
9 79
7 15
2 80
5 38
5 41
8 18
9 16
10 17
3 96
5 0
4 52
2 73
5 37
5 46
4 2
9 3
8 84
1 15
6 92
10 6
1 69
8 44
4 70
8 0
1 29
10 23
3 58
4 55
5 44
10 58
4 9
9 82
1 95
4 44
2 95
9 1
6 13
2 11
6 54
4 64
4 75
1 72
10 40
10 80
5 18
5 78
6 28
2 57
2 1
4 53
1 76
3 53
8 68
5 9
7 94
8 43
4 49
2 57
9 2
1 56
10 10
9 41
7 4
6 55
1 76
5 59
2 68
8 12
9 99
7 48
5 96
8 98
5 78
2 93
10 84
1 82
4 20
6 31
7 75
2 98
6 43
2 65
9 85
7 5
2 9
9 26
10 46
3 81
5 50
7 99
5 55
7 51
4 41
5 83
9 15
1 42
4 13
4 24
5 20
8 94
5 83
2 55
1 84
7 31
9 7
4 67
2 28
3 9
8 96
4 46
1 73
1 31
3 22
5 92
6 2
9 48
6 41
9 27
6 83
5 50
8 92
7 17
7 10
1 71
9 92
4 39
4 53
6 57
5 85
6 65
9 41
10 99
6 83
9 20
10 12
6 11
8 86
5 30
1 66
8 30
2 5
3 40
5 2
10 61
4 57
3 50
10 26
1 77
9 81
6 28
4 93
6 60
5 75
5 88
10 1
9 39
10 17
9 82
2 52
2 38
8 85
9 55
5 4
5 27
5 24
5 38
9 100
3 81
10 16
8 10
7 72
8 49
1 4
1 22
8 53
5 16
4 19
9 62
4 88
1 67
8 86
6 11
10 29
6 53
3 78
4 33
7 15
5 97
1 51
3 28
3 31
4 10
5 39
1 31
9 26
9 95
1 5
5 9
8 38
8 13
1 83
6 99
7 85
8 46
4 3
4 0
2 86
4 48
1 56
4 46
5 93
3 87
7 0
4 78
3 28
8 55
7 94
1 78
10 11
10 26
9 38
8 52
1 38
10 74
8 36
10 91
8 34
1 30
4 5
6 61
2 68
4 92
1 66
7 18
5 67
5 17
9 85
5 30
3 80
10 12
5 49
6 64
2 44
5 53
2 49
6 8
1 53
2 73
1 75
8 47
10 57
3 32
6 0
1 18
10 69
10 93
7 60
4 88
2 28
3 29
1 75
9 87
10 33
5 63
1 8
4 68
10 75
2 57
10 22
8 66
7 46
3 83
8 76
3 84
2 1
7 35
2 96
1 69
3 34
10 87
1 54
7 39
7 63
6 6
4 39
1 47
7 41
9 29
10 10
7 37
9 96
10 66
2 24
10 92
1 68
10 94
4 10
7 83
7 8
7 51
3 45
6 92
10 85
1 32
5 97
8 6
3 18
6 82
2 44
6 54
1 32
10 72
10 81
9 27
3 83
2 88
9 64
10 8
4 0
4 77
9 92
5 65
6 24
7 73
9 77
4 63
9 14
9 64
2 62
6 75
9 69
2 20
3 38
5 35
2 16
3 82
3 72
3 89
9 55
10 35
6 9
1 81
4 89
9 96
6 19
4 24
7 55
3 55
4 91
5 97
5 62
3 87
9 36
4 56
8 90
10 5
3 33
10 93
8 20
6 36
10 26
7 73
10 96
10 99
10 57
8 68
1 75
3 46
9 24
5 72
3 37
10 88
9 71
3 9
10 97
9 68
7 31
3 59
5 62
7 100
9 44
5 64
1 60
3 52
4 8
2 4
2 59
8 21
9 46
2 100
10 65
1 60
8 69
5 63
6 37
6 55
5 39
3 3
8 97
6 93
2 52
8 95
2 91
5 81
4 30
2 52
7 17
1 39
5 16
3 83
9 39
4 48
4 59
1 52
8 56
1 18
5 24
9 67
1 17
3 4
8 29
4 52
4 87
6 13
2 88
10 39
5 20
4 33
4 86
8 42
6 52
4 24
8 73
5 7
7 10
10 95
3 98
10 62
6 47
3 71
7 4
8 54
6 52
3 11
9 88
6 45
6 69
8 18
7 74
2 57
2 36
6 33
6 48
8 88
6 82
8 33
5 95
8 3
9 24
6 55
5 41
3 7
8 71
2 97
6 46
9 13
3 29
3 56
6 81
5 62
6 98
2 38
8 64
7 4
10 89
5 11
7 58
1 84
1 53
10 56
6 6
5 89
8 0
8 22
8 51
1 95
10 25
4 6
7 49
9 58
9 89
9 17
8 39
5 58
1 66
1 54
7 84
7 34
1 51
7 1
4 38
6 11
5 27
3 8
4 46
10 21
10 15
3 10
5 18
1 51
9 90
6 34
8 95
6 67
3 23
6 9
6 24
3 79
1 83
9 90
5 49
6 57
3 47
5 33
2 29
10 74
8 75
7 99
6 95
3 12
9 34
6 1
5 14
10 24
3 48
6 81
3 45
10 72
1 92
10 4
4 40
3 29
7 95
6 59
10 11
5 10
10 50
10 66
3 59
9 57
1 64
6 31
8 85
8 11
10 13
2 16
8 17
9 37
4 28
8 11
6 52
3 96
10 67
6 68
9 94
9 94
9 21
4 96
1 19
1 3
10 88
4 10
3 4
4 13
2 85
6 97
10 7
8 87
2 22
4 46
10 29
7 48
7 61
10 84
8 53
9 17
6 45
9 100
6 68
4 30
9 79
2 79
7 42
3 8
4 2
10 34
4 74
5 26
5 26
9 70
1 1
8 40
3 57
8 19
8 58
6 75
10 75
10 52
9 25
10 61
7 71
2 20
5 23
8 4
2 36
7 65
1 5
9 84
4 13
1 5
9 40
4 63
5 11
5 16
3 76
9 0
1 50
4 42
8 26
1 32
1 99
5 37
7 90
10 26
3 85
5 38
7 83
8 50
1 38
1 1
7 4
9 46
7 55
5 24
8 83
6 82
4 34
10 30
1 79
5 65
4 9
4 15
2 50
2 79
6 60
6 82
6 69
5 6
9 95
5 10
3 43
6 97
9 15
10 45
8 61
4 8
6 39
1 23
4 92
7 38
4 38
5 80
10 40
1 79
10 11
6 32
3 12
7 86
2 7
4 14
2 30
3 86
10 100
4 89
8 100
3 66
2 26
6 43
4 18
5 7
5 26
1 61
10 1
3 91
2 62
4 64
5 83
1 50
9 66
3 37
5 32
8 39
6 99
3 48
6 80
3 7
1 42
3 96
3 93
10 37
5 29
1 96
5 33
1 56
5 10
2 35
1 65
6 90
7 92
7 9
7 18
7 82
9 23
5 70
9 99
10 90
1 59
4 25
10 96
2 73
1 80
5 56
5 87
10 3
10 86
4 40
9 100
10 21
5 29
2 92
4 57
8 12
3 99
4 81
9 90
9 22
7 31
9 90
3 47
6 61
5 47
9 10
2 31
3 85
6 71
4 43
9 70
5 26
1 58
5 86
2 33
1 20
5 33
4 65
9 11
10 7
3 72
9 74
6 91
3 44
9 89
3 86
9 30
5 87
5 24
1 36
5 67
7 96
2 92
6 13
2 20
7 69
7 65
6 21
8 21
6 53
8 79
4 63
5 57
8 87
3 28
1 86
2 94
9 53
3 52
1 36
1 88
5 9
3 17
4 42
5 92
8 73
4 20
8 60
2 49
4 56
7 48
4 16
1 74
4 63
10 23
9 65
9 73
4 14
9 1
2 13
7 49
1 58
5 81
10 100
1 76
2 38
7 46
7 65
10 57
8 59
8 45
7 72
9 96
8 29
2 4
10 52
5 2
4 68
8 26
6 61
1 88
3 93
2 67
1 95
5 29
10 48
7 99
2 55
6 49
2 72
5 46
6 32
10 59
2 32
5 82
2 35
4 16
5 44
5 92
4 96
1 82
6 70
10 36
1 89
8 58
2 2
8 20
4 5
3 36
2 46
4 100
10 77
8 11
7 23
4 35
5 29
1 99
4 35
5 1
10 20
9 28
1 18
5 83
3 66
8 9
6 51
2 76
5 37
9 37
2 58
9 29
7 29
10 88
2 31
1 43
1 20
6 67
10 9
9 48
2 6
5 5
10 93
4 15
10 41
6 46
1 87
1 53
2 86
8 68
7 15
5 81
2 57
8 54
4 11
2 65
2 93
2 6
9 85
8 16
4 42
9 45
3 90
8 6
6 35
4 1
1 73
3 7
1 66
3 22
7 62
2 23
3 77
2 45
5 78
8 34
7 30
3 21
10 38
2 42
7 1
4 52
1 60
3 89
8 89
7 57
9 5
2 25
7 63
3 28
5 17
7 37
4 42
10 58
10 6
6 56
10 77
10 23
4 9
1 25
9 99
8 91
7 98
5 51
8 66
3 85
6 24
7 20
8 32
8 74
3 29
5 91
7 32
1 26
3 46
10 91
10 32
1 9
10 92
1 16
6 93
6 95
2 88
1 93
10 63
3 43
1 26
8 71
8 64
3 13
9 65
3 21
6 91
9 95
10 47
4 48
1 11
9 48
7 58
7 74
8 82
9 87
10 72
2 57
1 59
4 70
8 53
7 79
10 50
3 92
6 29
8 47
5 72
5 62
2 22
9 72
7 69
1 95
4 44
5 99
8 67
8 50
7 60
9 88
3 84
3 2
1 62
5 5
8 30
8 91
1 90
9 60
7 95
4 2
6 41
3 57
8 34
5 86
6 48
9 43
4 8
9 23
6 26
5 46
9 76
1 93
8 0
7 46
1 16
7 33
8 75
3 45
3 84
9 16
3 56
2 31
3 87
6 70
1 37
4 0
2 8
2 29
1 69
1 88
9 7
4 98
10 26
10 49
6 53
8 86
2 45
1 3
2 16
5 2
4 47
6 46
1 1
2 79
4 60
6 36
6 95
6 8
3 51
7 54
6 34
4 1
2 74
6 14
6 15
1 96
1 47
2 3
10 23
10 26
5 20
1 96
7 16
3 31
1 88
6 83
3 0
5 32
2 27
3 30
10 4
8 49
6 11
2 10
10 76
9 70
8 15
7 21
5 11
10 48
1 85
2 7
7 91
3 43
1 66
9 9
7 81
6 35
9 49
2 80
8 37
6 71
4 31
8 3
8 81
9 81
4 42
4 48
5 38
1 61
6 49
6 26
5 55
8 84
8 73
8 17
9 56
3 20
9 22
3 3
7 90
9 56
10 72
9 19
10 46
7 4
7 50
3 23
10 56
5 89
7 24
9 82
8 19
7 18
2 76
9 44
9 24
1 6
3 92
1 55
7 33
2 76
9 30
8 3
4 37
10 59
9 36
3 49
8 61
10 100
1 42
3 75
9 93
6 43
5 49
4 44
9 30
6 75
1 26
9 1
4 98
3 36
10 14
10 57
3 52
1 40
4 77
10 6
1 22
1 64
6 36
3 89
5 15
10 10
2 40
10 44
1 30
10 50
6 72
3 49
1 33
5 56
7 65
7 30
5 49
5 44
4 11
7 21
2 42
3 19
4 92
4 34
4 64
3 66
1 8
7 73
5 98
7 64
8 89
4 47
2 44
7 40
1 9
3 58
3 66
8 50
2 57
2 63
7 36
9 94
4 23
1 73
1 3
1 61
5 42
2 94
9 59
4 93
10 56
1 6
6 59
1 38
8 23
5 61
7 54
7 56
9 73
1 37
5 4
10 48
1 74
2 84
7 2
10 52
3 84
10 59
5 99
9 44
5 93
10 62
10 100
10 97
8 86
7 77
6 21
5 63
9 92
1 43
3 75
4 48
2 60
5 81
10 74
4 17
8 79
7 71
3 26
9 44
8 88
7 32
9 8
10 13
8 47
6 5
1 79
5 21
10 21
8 33
2 21
3 63
5 99
8 4
7 77
7 48
10 19
6 0
1 94
8 19
10 49
3 41
5 71
2 44
2 92
10 34
2 9
4 3
4 29
10 25
6 49
8 22
4 34
5 51
3 33
7 55
1 15
1 81
10 41
1 91
9 53
4 90
5 17
1 52
6 84
9 81
6 92
9 47
10 5
8 94
3 78
2 92
7 24
2 58
8 44
9 10
5 43
5 93
9 64
1 4
9 60
9 65
6 15
2 89
1 99
2 75
7 72
2 52
10 68
6 100
4 50
1 38
8 14
1 10
5 8
8 86
4 60
2 25
10 12
1 50
10 23
5 2
1 69
4 31
8 41
6 24
5 64
5 46
4 11
3 4
10 32
2 11
1 8
4 52
1 11
4 0
3 84
10 50
5 18
9 15
6 29
5 4
8 9
9 60
4 46
7 14
7 17
2 86
7 93
8 38
3 27
8 78
3 49
1 4
10 86
1 7
4 33
6 79
7 46
9 26
9 96
4 18
2 16
4 99
3 8
9 19
3 4
2 50
6 60
2 18
6 28
9 41
4 31
9 92
1 13
6 19
6 9
9 63
10 10
2 26
10 37
7 95
2 62
6 0
6 30
7 91
10 24
6 14
6 66
1 33
3 71
2 92
4 83
10 68
8 53
10 47
10 4
4 44
8 87
3 25
3 99
1 64
4 80
9 92
4 20
6 73
4 10
4 43
10 1
8 7
6 79
5 46
3 80
5 18
6 61
6 54
3 52
8 65
1 67
3 90
9 42
3 71
6 47
3 53
10 99
8 61
8 0
9 92
7 13
10 3
6 93
10 69
10 72
8 49
3 89
6 52
5 78
2 14
8 30
5 84
2 19
9 29
5 2
10 33
5 57
3 29
10 45
10 28
6 99
4 27
9 49
5 92
1 54
6 8
9 14
6 72
1 81
7 51
10 51
3 73
1 2
8 84
5 58
8 79
1 59
2 10
5 86
5 98
10 47
8 33
8 95
10 74
2 75
7 65
5 83
8 93
8 90
6 61
7 97
1 55
5 50
4 47
8 47
2 99
4 91
7 15
5 19
1 80
10 66
6 18
4 66
6 30
1 24
7 72
8 66
10 60
7 12
1 27
8 9
5 98
5 70
5 8
10 44
10 28
2 92
9 93
4 1
10 75
6 8
6 92
4 59
10 2
10 52
6 68
5 25
1 59
7 36
7 52
5 20
3 50
7 77
2 13
4 36
2 11
4 8
10 21
7 82
6 8
10 56
10 19
2 69
3 19
2 45
10 29
7 84
4 20
4 78
2 59
5 57
9 32
6 61
10 43
10 67
8 57
4 60
4 61
7 22
7 56
1 76
3 73
7 61
10 74
6 32
1 83
2 0
4 30
7 48
7 10
2 7
2 89
6 92
10 63
2 49
1 80
5 13
3 73
10 90
9 21
6 97
1 9
6 6
9 1
6 98
5 4
5 88
4 50
3 46
6 14
7 14
3 52
6 94
8 45
5 39
4 75
9 58
5 17
3 41
10 53
5 44
6 75
5 30
8 70
5 92
2 62
8 14
2 65
7 8
10 13
9 60
8 99
4 1
10 92
2 54
6 30
5 4
4 70
1 48
5 42
3 47
8 14
7 80
4 55
4 39
1 27
4 35
8 33
8 24
8 77
6 39
2 27
8 54
9 52
8 9
4 21
5 33
5 71
10 69
6 37
6 67
9 54
1 56
4 95
2 19
7 1
3 77
5 52
10 82
4 49
2 42
3 4
5 71
4 53
1 80
1 24
9 45
9 35
2 95
7 87
1 83
10 10
3 31
10 22
8 12
3 20
7 4
7 39
9 35
2 88
10 81
7 53
1 49
3 77
1 36
4 17
2 20
10 71
10 2
1 2
8 20
7 81
10 41
4 73
10 75
1 28
3 8
6 100
10 85
10 93
8 65
2 97
7 99
3 45
10 89
2 90
2 99
3 72
3 96
4 50
2 11
1 73
8 25
10 45
2 14
7 30
8 100
8 8
9 39
10 3
10 40
9 56
4 54
3 92
10 48
7 36
2 80
8 78
10 44
10 7
5 53
7 17
3 31
3 50
10 31
3 41
5 94
1 39
7 29
8 58
5 54
5 25
3 86
3 23
5 78
4 3
5 26
2 94
1 71
9 16
1 81
5 34
5 22
3 64
2 55
4 16
9 0
2 50
5 57
10 67
2 42
8 43
3 45
7 37
4 37
5 94
7 33
9 61
10 84
6 14
6 40
9 73
4 80
10 44
5 52
1 52
1 96
10 43
1 85
3 59
7 55
1 80
5 63
1 9
8 31
7 22
3 8
3 0
4 63
6 3
10 76
5 44
3 76
8 70
7 66
3 51
10 2
7 97
3 23
6 68
1 22
2 53
5 27
8 61
1 71
10 31
5 31
1 58
1 3
6 95
5 30
1 53
5 46
8 66
3 14
9 81
9 48
5 42
5 78
5 33
5 32
5 20
4 4
3 55
5 75
6 21
10 59
5 57
2 0
6 31
4 5
10 93
1 19
3 79
7 27
10 14
1 44
1 12
2 26
9 79
7 97
8 75
10 23
10 65
5 74
1 25
4 53
4 69
9 76
7 19
10 41
7 51
2 95
4 5
5 32
9 68
1 4
10 72
3 64
10 6
9 56
4 92
9 29
7 85
3 40
2 67
10 95
1 79
7 52
8 61
5 81
3 52
10 58
10 40
2 8
1 18
7 70
6 77
7 24
2 33
9 24
6 56
4 94
9 97
4 1
5 10
2 68
9 12
5 3
8 12
10 68
9 15
3 98
7 43
7 18
5 61
5 78
8 69
10 78
9 12
8 42
6 7
1 9
6 4
8 55
6 6
2 70
4 45
7 5
6 30
2 63
2 22
4 76
5 98
4 83
2 4
10 73
1 95
8 18
1 15
3 27
10 74
5 99
2 79
8 52
6 24
8 76
1 99
5 19
7 64
3 70
2 47
7 58
4 63
2 18
10 41
5 100
7 57
3 26
6 76
4 94
5 76
8 92
4 86
6 8
8 88
8 96
5 8
1 15
2 33
10 96
5 1
7 83
10 95
7 69
9 2
3 37
2 42
3 7
3 63
2 27
10 82
4 61
5 90
6 32
8 6
6 13
5 16
2 87
5 44
4 94
3 27
7 9
7 19
2 47
1 20
7 54
5 28
6 55
10 65
3 89
5 25
1 57
3 19
8 99
10 83
3 17
1 66
1 67
8 20
8 73
7 44
8 69
3 29
10 72
1 88
8 55
8 33
4 38
9 24
3 35
7 0
5 53
10 55
9 70
2 81
1 96
3 43
1 40
7 9
4 20
4 89
6 54
5 87
5 19
5 89
10 74
4 90
7 86
9 67
3 24
2 30
4 60
2 54
7 87
10 85
8 91
5 32
6 83
10 43
9 87
10 59
2 47
8 38
1 74
9 70
7 41
5 5
8 39
10 68
9 71
2 97
1 42
4 83
10 94
1 26
1 27
2 5
8 54
5 44
8 69
7 59
8 5
4 12
4 56
4 31
3 94
7 32
6 16
1 59
1 88
3 88
1 4
6 75
2 56
5 85
8 2
9 53
3 59
9 12
1 79
4 1
9 98
5 63
5 52
6 75
3 52
3 30
9 21
4 27
7 20
2 51
2 90
4 44
8 72
9 67
2 4
10 76
2 54
10 45
4 100
5 2
6 49
1 55
3 63
1 59
9 98
9 77
4 81
2 44
2 97
6 97
10 19
8 70
2 82
2 20
2 61
5 7
5 7
3 23
8 90
5 59
4 49
5 63
3 21
7 41
4 10
5 17
5 27
1 6
1 49
6 97
2 69
8 27
8 90
7 83
4 80
6 57
6 31
5 90
6 25
6 10
4 80
6 55
9 87
9 13
6 4
1 43
7 19
6 97
8 25
9 34
6 16
9 83
9 94
6 80
3 10
1 70
7 69
4 19
1 85
7 40
8 76
10 50
8 97
4 53
4 93
1 17
2 45
9 81
1 82
6 18
8 100
5 82
7 9
1 7
4 26
5 65
5 48
3 15
7 51
9 91
8 51
7 53
10 70
1 18
2 57
9 6
8 29
7 52
5 5
7 85
9 80
6 38
6 5
9 89
6 47
6 91
1 54
4 77
4 66
3 3
2 32
1 38
1 5
10 51
7 27
7 8
3 46
6 78
9 18
1 82
3 72
9 72
3 16
8 13
5 88
6 58
7 66
3 91
1 23
2 95
2 77
10 33
4 78
3 38
2 81
8 61
10 40
2 89
3 39
6 45
3 50
5 100
4 81
6 78
4 62
10 62
4 1
6 26
8 65
5 57
2 77
2 11
8 49
7 93
3 94
2 53
10 58
5 54
2 48
2 39
2 66
5 87
8 37
6 31
3 6
2 74
1 61
8 74
5 21
6 9
7 72
3 30
5 96
3 63
4 33
6 37
3 94
9 96
8 60
3 7
3 3
1 30
5 76
7 52
8 2
4 42
10 13
10 83
7 0
10 92
7 50
4 49
10 65
3 93
3 49
8 5
4 77
10 18
2 70
2 93
10 76
4 79
10 59
8 31
4 12
1 85
1 20
9 50
4 12
4 55
7 24
7 26
6 0
10 11
8 29
8 64
6 38
8 17
10 2
4 37
6 45
7 32
9 29
2 19
7 83
5 39
4 34
3 29
3 17
7 67
8 9
1 51
4 0
5 1
10 76
4 29
4 0
3 62
4 66
5 24
3 10
10 22
8 49
6 5
5 81
2 52
4 11
3 61
2 79
7 8
8 11
7 46
3 30
4 68
10 16
4 30
7 20
8 72
7 5
4 83
7 75
10 73
9 37
9 68
5 6
2 96
10 68
10 72
10 74
4 31
7 80
10 63
9 91
1 4
6 53
1 35
4 90
3 12
10 60
10 29
1 97
6 58
7 83
4 96
10 99
9 51
2 15
10 21
5 94
9 4
4 49
1 85
6 53
8 31
5 49
1 9
8 91
1 64
6 16
3 25
2 48
4 12
3 67
8 42
7 44
7 78
1 56
3 9
8 92
1 75
1 64
5 76
2 68
3 10
9 42
1 57
4 81
9 3
6 63
7 43
3 29
6 79
5 10
3 51
8 28
2 10
9 54
6 47
8 67
6 19
4 25
1 25
6 8
9 40
4 41
8 26
7 88
4 7
7 50
4 97
7 24
6 66
9 83
3 45
5 43
3 13
10 96
8 10
6 64
5 73
1 89
10 94
3 82
5 46
7 60
2 34
8 32
3 86
8 55
8 44
8 85
9 4
2 86
5 95
1 73
8 36
8 70
1 86
3 17
5 57
6 48
8 45
10 50
6 97
6 70
1 76
3 10
2 53
3 66
5 90
3 97
3 93
3 97
2 36
10 12
1 64
6 83
1 4
4 67
9 55
7 70
1 97
5 67
7 90
2 25
5 14
8 26
4 3
4 79
2 68
3 65
8 61
6 9
7 68
9 80
7 88
8 60
8 59
8 12
6 80
4 30
5 40
1 38
4 93
10 31
10 41
3 45
8 94
3 8
4 48
5 63
1 3
4 20
5 60
6 50
3 12
6 32
3 69
8 19
1 3
6 46
3 71
1 40
1 56
9 100
1 87
6 70
1 35
8 10
3 89
8 2
4 72
6 64
4 46
10 19
1 49
2 90
8 21
5 39
10 60
10 64
7 78
2 12
10 47
4 35
7 9
1 50
9 55
10 43
7 32
9 97
7 62
2 14
2 68
1 30
6 84
7 76
10 86
3 45
4 37
1 12
3 13
7 72
9 56
7 57
4 23
8 50
7 37
4 56
6 55
7 77
9 73
1 94
10 61
4 75
6 23
8 19
2 63
7 69
9 51
2 12
2 24
3 16
3 0
5 72
2 91
1 77
6 72
7 31
9 5
2 62
9 42
3 88
5 76
8 25
6 34
6 65
8 5
2 100
4 25
9 5
2 84
9 19
5 99
5 67
5 95
1 48
2 15
8 36
5 9
7 80
5 70
3 99
9 46
9 77
7 29
9 3
3 27
10 60
1 8
3 55
6 74
3 0
3 21
4 43
10 49
5 28
9 33
1 56
3 17
6 16
9 64
9 85
3 76
5 92
9 19
7 80
10 2
9 81
5 2
7 47
3 56
10 48
6 17
3 83
3 78
3 30
4 81
6 49
5 56
1 34
3 59
1 61
4 17
10 96
5 11
2 26
2 31
1 51
8 55
4 72
3 84
2 95
8 25
7 9
4 30
2 88
3 12
1 57
3 15
4 18
3 6
10 74
4 62
5 15
10 15
1 96
10 51
3 56
9 41
10 98
4 86
9 40
1 100
5 26
6 50
8 53
6 56
1 29
2 64
5 98
4 61
8 66
9 78
7 69
10 47
5 91
7 6
9 17
7 34
8 87
4 22
6 58
8 5
5 91
9 42
9 70
1 27
8 45
2 31
6 73
2 2
4 17
5 87
1 68
2 78
4 3
7 48
2 77
6 56
6 95
2 47
5 71
6 11
7 45
4 97
4 8
3 69
4 46
5 77
4 50
9 46
2 54
7 44
4 40
7 29
5 69
8 12
2 100
5 28
10 42
3 9
6 95
7 60
6 31
9 36
6 15
4 63
10 4
2 73
2 46
8 72
3 21
8 36
7 16
7 23
2 73
7 1
7 81
5 86
8 50
2 51
4 71
3 54
1 94
3 30
2 93
8 74
4 24
9 58
7 4
4 3
8 42
4 30
6 68
4 26
9 6
5 44
5 37
3 57
4 84
6 65
2 55
4 39
2 37
6 39
9 21
2 31
7 94
7 36
9 11
9 6
6 12
6 83
7 4
8 15
6 4
2 98
8 68
10 33
8 27
4 88
1 3
4 20
9 99
2 69
4 34
5 94
8 21
5 90
10 33
1 55
5 63
3 56
9 82
7 58
1 21
8 53
2 35
6 39
9 91
8 44
4 89
3 61
4 65
5 59
9 72
10 63
10 13
3 13
6 71
1 93
10 29
3 76
3 54
4 62
4 0
3 96
10 75
9 67
10 52
2 61
4 68
10 84
9 25
8 60
2 55
5 83
8 91
6 75
4 51
10 87
7 26
9 3
10 84
9 65
4 0
6 29
6 4
10 48
2 88
8 63
8 56
7 34
8 53
10 39
9 87
9 43
7 64
7 33
6 33
2 2
3 37
1 90
3 75
9 88
3 98
8 78
2 45
3 12
4 95
2 79
1 47
1 60
2 25
5 16
3 17
9 27
7 6
5 57
3 0
3 94
1 77
2 44
4 88
6 80
6 15
1 26
2 3
5 74
1 54
5 58
8 90
8 11
5 56
1 57
3 85
6 85
4 81
7 70
1 76
7 89
6 18
9 0
1 5
4 0
1 14
3 89
8 52
1 88
8 25
8 5
8 68
4 8
2 76
7 15
7 59
9 50
1 23
5 18
3 76
10 45
7 47
1 65
10 97
2 46
1 13
3 95
3 41
6 66
5 78
5 93
9 89
5 71
6 57
1 73
5 22
9 77
6 34
10 22
8 3
8 16
4 81
3 100
7 3
1 3
5 76
8 0
7 2
3 35
3 17
7 20
8 76
1 70
3 95
9 9
7 37
8 41
7 84
6 38
9 87
5 91
9 35
10 88
1 91
8 25
10 14
1 95
4 48
3 66
1 69
8 23
5 85
5 12
1 71
6 54
2 36
10 42
1 38
3 87
4 94
1 57
5 41
10 66
2 56
4 19
2 92
2 56
2 1
10 26
1 43
10 100
6 58
2 74
2 79
9 15
2 32
10 20
10 61
5 11
7 88
9 49
6 66
9 99
8 57
6 84
2 11
10 5
8 7
5 29
4 16
10 92
10 28
2 65
9 65
10 7
10 57
1 81
7 82
8 46
10 66
10 96
8 88
4 71
6 99
9 35
1 75
5 61
3 1
2 44
9 82
8 100
4 19
7 2
2 44
1 93
10 59
10 58
10 5
3 100
9 69
4 94
6 8
8 90
3 31
1 8
1 79
10 68
8 68
10 8
6 59
7 23
2 34
6 32
10 11
10 66
5 90
5 2
2 97
9 67
7 71
3 96
10 40
10 47
4 44
10 67
7 68
6 37
10 75
5 18
3 24
2 96
10 10
3 49
2 45
3 23
10 72
8 100
8 1
7 56
9 79
3 29
3 57
4 12
9 60
9 52
1 59
3 6
8 28
4 85
10 53
4 38
10 20
8 52
7 94
7 40
5 97
9 35
5 79
8 88
6 28
6 66
2 22
4 2
9 71
1 92
3 48
10 57
1 34
6 37
2 90
7 98
8 45
10 9
6 54
9 85
7 18
4 59
4 48
8 93
6 52
3 68
5 88
3 91
2 25
1 47
3 68
1 20
10 46
10 5
7 83
9 18
9 73
5 98
4 8
7 7
5 29
3 35
10 16
10 100
9 36
1 26
7 4
10 67
5 10
5 24
3 4
9 93
10 17
4 43
4 13
5 73
1 3
2 72
7 86
4 100
10 68
1 100
10 58
3 19
10 87
2 20
9 74
10 32
8 35
7 4
10 41
3 18
10 30
9 28
2 100
9 10
3 26
7 2
10 73
6 85
3 15
8 48
1 69
8 81
1 18
8 54
3 8
6 60
8 38
10 20
8 54
2 3
8 92
1 59
6 21
1 9
9 63
4 100
10 45
6 88
6 7
7 22
4 10
7 3
10 91
6 44
2 71
5 10
4 97
10 73
8 93
6 53
7 56
8 14
10 44
8 68
9 71
8 62
1 77
3 55
9 33
9 32
6 16
4 37
8 93
6 49
8 85
8 22
4 68
7 75
6 49
2 93
4 65
8 72
8 69
9 31
4 27
1 15
4 92
5 74
9 86
3 13
10 67
4 63
1 19
3 67
8 82
5 71
3 14
9 63
2 96
8 53
1 92
6 43
6 89
7 31
9 56
7 14
3 21
7 69
6 60
8 35
1 35
1 74
6 97
3 37
9 62
8 19
8 30
4 45
7 56
10 78
4 16
1 67
1 19
1 50
1 74
4 25
9 6
1 17
4 39
6 35
3 18
4 55
5 38
5 39
6 34
4 27
1 51
10 1
3 51
4 23
7 93
1 3
9 10
4 72
6 33
1 60
3 16
6 87
4 70
9 6
6 30
9 69
1 5
8 19
7 42
1 88
1 67
3 18
1 43
1 53
7 38
8 61
10 6
1 96
7 66
5 68
8 51
10 35
6 71
7 47
6 52
9 78
8 37
6 35
5 68
5 50
2 9
7 84
8 28
7 99
6 55
4 47
3 6
10 82
3 82
4 63
1 14
2 48
6 69
8 16
9 32
5 32
9 70
7 43
2 94
3 37
8 89
8 94
7 77
3 72
2 24
10 76
9 59
2 36
6 35
10 66
8 59
6 38
6 11
1 70
6 51
10 15
4 10
3 22
9 27
7 31
4 35
2 39
7 92
5 40
1 100
9 6
3 81
9 2
1 68
3 72
10 32
7 53
1 3
9 15
9 42
4 24
1 13
8 89
10 48
6 53
8 93
7 85
10 89
8 56
10 34
1 73
10 58
4 33
10 37
6 80
3 7
1 30
1 12
2 93
8 75
7 4
9 1
10 91
8 18
9 28
3 83
3 51
2 29
1 87
9 91
6 20
7 62
1 32
3 60
6 30
9 66
2 38
1 27
1 51
1 36
10 20
5 32
2 9
2 85
1 14
10 49
2 65
2 35
9 17
8 56
3 2
1 30
3 4
4 47
4 31
7 44
2 23
8 98
3 48
7 79
1 10
10 25
7 68
4 0
8 63
1 77
7 46
2 9
2 89
5 24
2 52
2 47
5 75
6 16
4 47
4 82
3 93
6 60
7 80
7 62
9 52
8 58
2 78
1 21
2 80
3 21
4 74
10 73
4 7
7 70
3 0
2 79
8 61
4 34
3 81
7 65
9 3
8 84
1 22
9 99
8 26
7 36
6 28
10 29
3 6
9 58
3 42
8 76
7 12
9 92
7 51
6 94
2 35
5 63
4 36
10 49
3 63
9 44
3 60
10 52
9 30
8 34
3 52
3 12
8 67
4 14
2 55
5 76
10 1
8 18
10 6
5 23
4 75
3 11
4 87
10 66
4 75
10 91
6 11
3 59
6 30
2 77
4 59
6 71
2 60
6 18
3 20
1 51
5 53
6 3
4 37
6 42
4 1
5 68
7 41
1 75
10 90
4 67
4 99
8 74
3 8
6 85
6 85
1 82
4 66
7 70
8 72
7 51
7 99
9 23
8 92
9 58
2 84
1 32
5 98
10 33
2 60
4 47
7 21
7 68
4 65
2 93
6 43
4 26
4 12
9 31
7 15
7 91
1 36
3 46
2 82
1 41
6 90
8 53
7 99
7 52
3 10
10 100
5 61
1 87
3 62
9 94
1 54
9 23
5 59
10 48
2 23
10 25
3 44
9 16
6 0
4 13
9 51
4 2
5 14
4 26
7 47
5 13
1 34
3 10
9 12
7 22
9 24
10 64
1 20
6 59
7 74
5 5
5 71
7 38
3 62
1 53
1 95
8 62
5 75
8 88
2 41
9 0
4 37
9 82
1 90
9 23
3 44
10 6
6 4
9 83
5 89
3 0
3 44
5 13
4 25
10 99
7 35
1 41
7 82
9 60
9 30
2 10
7 2
4 64
8 86
8 2
3 26
5 28
8 70
2 76
9 94
1 29
5 0
10 26
3 98
8 13
9 66
3 91
3 27
7 55
6 3
1 6
4 31
5 44
8 60
5 94
8 67
2 96
2 18
7 81
3 18
6 63
4 2
4 97
5 62
6 74
1 85
8 19
5 95
7 61
6 96
8 21
10 96
5 86
