10000
4 32
8 40
1 3
6 51
7 60
8 50
10 75
5 6
10 10
4 75
10 54
9 55
7 56
2 91
6 8
4 48
2 92
5 83
2 86
8 16
1 30
5 96
1 58
9 67
3 82
6 99
9 35
1 64
2 63
9 66
7 49
5 44
3 93
5 33
8 85
7 76
6 9
8 15
6 52
10 13
2 34
1 59
1 72
7 80
3 99
6 39
10 26
8 70
4 29
8 7
7 23
2 18
6 17
7 36
9 38
9 74
2 7
2 78
10 88
4 0
6 58
6 48
5 79
3 41
3 85
2 8
4 3
2 92
4 29
4 29
8 57
5 48
2 91
8 98
8 17
6 89
4 12
7 39
1 24
1 67
5 18
10 31
2 75
4 8
4 72
2 27
2 34
3 60
7 83
5 83
10 96
2 6
8 35
2 98
4 12
6 86
2 58
1 33
9 35
1 64
3 62
8 91
5 20
9 9
7 21
7 5
7 29
6 78
1 25
2 81
1 19
5 42
7 70
1 78
4 15
9 35
6 70
10 51
3 80
9 97
2 51
8 75
2 85
8 98
8 99
9 16
10 57
6 77
1 9
2 76
4 49
3 30
8 11
3 63
3 100
8 74
1 49
4 9
2 92
8 54
1 80
1 0
5 2
4 50
3 32
7 83
9 80
3 42
3 96
7 86
9 49
3 72
8 16
2 20
3 68
7 91
1 89
5 93
6 76
7 43
3 22
9 54
3 24
9 80
6 2
9 72
5 14
4 62
10 12
4 76
2 73
10 72
6 42
4 62
1 88
3 73
1 14
8 64
2 10
8 64
5 45
3 32
1 88
8 36
3 100
10 75
10 68
6 61
1 58
8 16
4 19
4 29
5 18
2 44
9 63
3 69
6 45
7 90
9 97
3 98
1 47
8 72
9 46
10 33
7 23
6 88
5 88
9 10
8 53
8 23
9 2
4 54
7 77
6 74
1 83
5 14
5 68
8 20
10 62
5 96
3 8
4 61
3 66
6 29
2 3
6 18
9 40
6 89
9 28
4 54
6 0
3 43
10 57
5 70
1 61
1 93
7 22
7 8
4 36
10 48
10 6
5 24
2 13
10 38
3 21
10 11
4 90
5 61
9 63
8 51
8 41
5 71
1 57
9 31
10 43
10 32
2 20
1 31
5 81
2 89
5 46
8 57
7 43
8 78
1 33
4 45
1 28
6 54
2 9
4 92
1 47
2 20
2 40
2 93
1 53
10 34
5 41
1 7
8 4
3 48
4 51
8 100
8 11
1 15
10 29
3 72
4 49
2 3
2 6
3 35
5 13
10 55
4 86
6 61
7 33
2 51
3 92
10 4
1 45
8 28
4 5
2 77
6 0
6 62
6 1
4 88
10 3
9 53
10 91
8 85
6 37
10 70
4 72
6 99
8 77
1 48
5 19
1 70
4 71
7 36
6 3
10 41
7 53
9 92
6 94
2 80
6 33
1 43
3 94
7 63
4 33
7 43
8 76
3 86
5 64
6 19
4 83
9 88
9 57
8 79
3 72
9 79
3 35
9 94
8 35
1 28
9 9
10 90
1 35
10 74
9 37
1 94
1 5
1 49
5 5
7 27
3 11
5 32
8 70
9 81
10 96
5 94
3 56
4 56
7 7
2 95
6 71
8 98
8 86
1 31
2 54
4 72
7 21
2 20
5 37
6 0
3 52
8 71
8 69
2 31
4 54
3 2
4 86
10 28
3 4
9 100
3 35
8 14
10 65
8 82
9 89
3 43
2 74
2 39
9 24
5 97
2 31
7 20
4 38
1 81
9 37
2 56
2 83
4 67
3 1
2 42
1 17
2 85
3 63
1 69
5 8
3 43
2 100
4 60
3 9
6 7
5 42
10 11
8 50
4 37
1 95
3 97
1 8
6 2
3 16
4 12
5 56
6 10
2 21
5 54
2 58
2 44
6 40
4 36
2 28
7 70
9 57
3 99
2 19
6 53
7 26
7 19
2 71
6 5
9 73
9 38
4 79
3 63
2 46
6 32
10 18
1 80
6 93
9 86
2 67
3 74
5 79
4 58
10 58
6 95
6 36
9 63
2 96
2 81
7 96
4 1
9 6
10 64
4 22
3 3
6 34
4 25
1 6
1 20
8 23
2 65
2 85
10 79
2 6
9 65
4 12
7 39
1 39
1 32
4 79
3 74
8 65
4 98
9 27
7 49
6 31
7 42
2 1
2 74
6 30
10 77
2 7
8 97
9 51
4 57
6 85
2 36
10 74
7 68
5 67
8 9
9 5
5 80
2 63
10 97
6 54
9 99
1 13
9 93
9 93
2 9
2 58
3 54
7 45
5 100
9 79
6 50
6 13
2 72
1 81
4 14
8 93
10 30
8 16
2 69
6 8
1 26
1 71
9 68
8 2
2 17
4 45
9 73
2 34
9 26
7 90
8 14
2 91
3 23
3 58
4 44
9 27
1 90
1 65
8 1
3 16
8 88
9 41
10 33
4 33
2 75
10 76
1 44
8 78
2 97
6 95
2 4
9 29
2 54
4 12
2 15
7 62
10 77
5 13
2 44
7 93
2 26
1 27
8 6
7 93
8 55
7 96
9 93
9 82
10 64
9 82
8 51
10 40
7 33
2 59
8 40
1 18
9 93
7 99
2 31
5 84
8 14
10 6
9 6
6 25
10 17
4 0
9 45
8 62
8 67
1 52
10 41
9 29
3 1
9 16
7 91
3 51
5 13
10 57
3 14
6 3
8 84
7 63
4 71
5 49
5 48
3 88
6 64
3 21
1 76
6 70
3 76
4 43
2 6
2 57
8 72
2 35
3 52
8 3
2 57
1 96
10 52
8 16
6 81
8 30
1 43
2 31
4 43
3 25
6 46
9 91
4 40
8 48
5 23
4 34
5 77
3 92
8 42
9 0
10 77
9 93
6 16
5 76
9 86
9 36
5 48
10 16
3 21
5 2
4 77
6 52
1 14
5 61
1 84
5 95
4 87
3 60
9 34
5 76
5 83
8 13
8 90
3 5
3 60
5 31
2 3
1 61
3 64
8 45
3 27
1 38
10 78
2 57
4 48
8 63
9 36
9 61
8 82
3 47
10 85
7 55
1 7
7 25
2 81
7 55
1 86
5 98
10 45
2 94
5 31
1 40
1 56
9 64
9 42
1 89
1 36
9 11
5 77
2 55
5 78
6 92
1 1
4 37
5 59
6 36
1 55
9 23
4 31
10 82
7 19
6 17
6 59
6 49
2 64
10 94
3 31
3 91
10 53
4 55
1 21
7 30
9 9
10 10
4 31
8 8
1 34
4 30
1 77
6 80
4 30
6 50
9 8
8 91
1 4
2 7
3 65
6 0
3 52
5 9
10 42
9 91
9 71
10 53
1 14
9 11
10 31
6 16
10 45
10 30
7 79
7 74
4 10
4 99
9 57
5 47
9 92
5 64
6 38
10 0
7 82
10 93
3 31
7 68
1 7
8 53
3 3
6 46
2 41
3 37
7 79
3 54
2 82
10 16
1 61
1 10
4 3
5 23
8 22
9 0
10 2
10 92
9 20
5 70
8 25
10 12
1 52
10 22
2 11
6 98
10 65
7 58
2 41
1 44
1 48
10 20
6 76
10 38
7 34
1 32
8 85
4 50
3 24
6 26
4 11
7 10
7 85
4 0
3 33
3 58
5 51
8 59
4 66
3 77
3 16
8 30
1 24
4 73
1 72
9 97
3 74
7 22
6 54
9 42
8 44
3 9
10 14
3 59
5 90
1 46
10 32
7 25
10 86
3 59
8 73
9 33
6 74
9 56
2 32
5 24
2 26
4 35
4 93
6 7
9 78
8 5
2 77
3 3
5 80
2 52
10 14
6 31
1 32
5 23
5 82
3 14
5 100
7 4
4 57
3 26
7 6
1 61
9 93
9 51
8 100
3 38
10 60
4 38
8 35
9 42
6 17
9 39
7 92
5 78
4 5
9 96
7 53
6 87
6 65
6 98
10 50
8 63
8 82
7 96
6 19
4 48
8 12
9 93
2 67
4 13
2 97
2 83
8 3
3 28
2 47
9 80
10 58
10 29
5 91
9 92
3 51
4 33
6 29
2 77
5 10
9 65
2 77
2 65
4 13
7 37
1 5
5 7
9 70
8 71
2 19
9 26
10 70
2 54
5 95
10 57
3 17
1 33
6 25
7 26
1 9
3 17
6 39
8 24
9 88
3 71
4 58
10 70
9 28
3 15
6 53
6 38
7 40
10 75
9 47
1 59
8 17
9 87
4 16
1 72
7 52
6 68
10 59
10 65
10 95
2 69
2 65
4 0
10 0
6 76
5 82
1 56
7 46
2 81
1 7
10 47
8 77
10 71
10 64
6 36
3 43
9 22
2 51
7 23
5 32
5 57
7 32
4 32
3 93
8 92
3 95
8 70
1 56
7 75
6 66
9 55
8 41
6 43
5 57
1 15
9 79
5 34
5 22
8 33
7 5
8 7
7 62
9 34
9 23
1 43
10 72
1 0
4 42
2 61
6 62
8 49
7 67
4 19
3 56
4 92
10 37
3 75
1 50
6 89
7 94
8 21
8 22
9 49
7 67
8 64
5 63
10 60
9 38
4 76
9 22
2 54
7 97
9 70
2 86
10 57
8 11
6 83
4 1
1 84
7 23
2 15
4 86
8 50
3 22
1 36
5 59
9 29
4 4
3 21
5 72
9 81
1 75
10 73
2 47
8 73
3 35
9 17
2 6
5 33
6 76
9 100
1 14
7 90
10 93
1 32
10 78
4 99
2 43
4 0
6 93
1 76
5 1
9 10
4 99
2 85
3 74
9 3
2 93
2 31
3 54
3 68
7 73
1 1
4 14
3 83
8 24
7 28
5 10
4 61
9 95
8 91
5 20
8 57
6 78
3 17
8 22
7 76
3 60
5 86
5 32
2 29
5 69
2 67
3 96
10 8
2 10
7 8
6 70
7 91
4 12
4 14
10 54
3 23
8 45
8 64
2 85
6 72
10 73
10 67
4 51
3 71
5 0
3 100
2 97
4 57
10 73
10 70
5 53
5 37
6 0
3 89
4 7
2 74
6 82
1 67
9 2
5 34
1 79
1 93
1 82
1 45
7 64
5 57
3 98
8 16
5 40
6 70
3 29
2 78
2 47
4 95
5 24
3 68
6 8
9 23
7 24
7 3
7 9
6 70
9 38
4 84
10 53
6 20
10 71
8 38
8 88
9 4
1 85
8 86
6 51
10 90
3 6
9 5
3 11
4 44
9 55
5 96
8 26
6 47
10 48
2 0
9 44
3 76
5 81
10 2
2 69
8 48
3 100
5 6
9 3
5 5
9 47
4 32
3 70
5 67
10 11
5 67
9 10
5 41
2 75
10 47
2 62
8 36
2 75
6 7
4 97
2 14
7 46
4 43
10 11
4 1
1 100
3 94
3 15
8 73
10 26
10 44
6 53
1 0
4 34
8 11
7 90
7 3
10 35
1 12
2 9
8 87
3 60
3 25
1 35
9 99
10 47
7 5
1 86
1 70
6 39
7 5
9 78
3 4
1 56
9 30
8 79
7 51
5 55
4 3
2 100
2 75
2 51
1 51
4 76
5 30
2 58
2 99
2 46
3 39
5 65
7 26
7 78
5 73
1 50
6 80
7 27
8 40
4 22
6 74
3 16
6 65
5 64
2 68
9 21
7 98
8 0
2 39
4 13
6 35
9 21
4 75
9 13
8 58
8 31
7 6
7 63
7 16
3 48
4 40
1 5
4 82
2 28
3 9
3 98
3 82
1 63
5 58
6 54
1 42
4 19
3 53
10 70
9 89
8 9
1 31
8 84
7 64
1 91
1 96
10 61
4 23
10 43
7 52
2 46
8 89
6 46
5 4
4 72
1 53
9 23
9 68
1 14
1 64
10 33
4 45
7 12
3 56
4 1
6 80
6 30
3 22
10 90
9 32
7 96
2 18
5 81
2 35
10 95
5 34
3 44
8 13
6 0
5 42
8 99
3 48
9 95
6 34
3 52
6 79
6 69
8 98
1 42
8 6
7 94
7 22
4 72
8 20
7 93
2 60
2 7
3 31
10 89
3 60
7 4
9 73
5 89
6 22
3 58
8 48
5 67
9 44
4 36
3 39
6 64
7 3
2 44
1 1
5 53
9 73
9 21
7 36
7 100
2 28
6 43
10 3
2 6
8 45
1 2
3 34
9 21
1 36
3 49
3 36
8 13
8 98
7 6
8 28
3 63
10 12
10 42
4 52
9 24
8 27
4 41
7 43
1 35
4 24
7 84
9 100
1 59
6 18
1 29
4 92
10 0
4 17
2 83
4 54
4 39
6 17
3 70
2 73
5 64
10 64
5 75
6 75
6 7
8 41
6 79
8 43
3 62
1 34
3 40
6 96
10 67
6 54
7 33
10 66
10 72
2 68
3 72
2 33
6 92
3 23
9 82
10 19
10 44
5 18
9 41
2 1
5 98
4 75
6 92
4 71
3 60
2 4
2 0
10 72
1 17
10 2
7 66
2 57
6 85
4 57
4 4
2 62
10 71
7 4
1 75
5 52
6 61
7 2
6 37
4 56
7 71
1 58
8 97
5 1
1 75
5 0
7 18
3 86
9 31
1 0
10 19
1 11
9 73
5 48
6 46
7 9
4 18
8 35
5 6
1 71
3 100
2 64
6 83
10 50
9 67
2 24
9 91
9 97
10 1
2 53
2 37
4 90
9 26
3 64
5 15
8 48
2 59
6 40
8 28
8 81
2 82
7 96
7 86
6 86
9 48
6 24
4 32
6 86
4 66
1 93
7 8
10 86
10 38
7 15
8 8
9 29
9 12
6 62
8 88
2 66
3 87
4 16
2 13
7 85
7 43
1 74
7 34
2 72
7 10
5 95
5 36
9 100
6 41
2 94
8 2
10 86
3 65
3 33
7 89
10 90
6 51
4 24
5 12
2 8
8 5
8 60
6 22
8 26
9 87
5 21
10 54
7 40
8 0
3 80
8 90
3 17
4 43
8 41
7 5
7 31
6 2
10 13
9 87
6 42
8 26
10 46
10 59
4 29
10 53
2 27
9 32
7 4
4 98
1 83
10 47
5 81
5 60
7 10
4 18
4 47
7 81
1 56
5 10
1 40
2 57
4 44
10 16
8 100
1 8
8 64
3 5
3 87
3 58
6 85
7 71
1 37
1 95
7 59
8 52
10 5
7 4
8 54
1 29
10 93
5 21
10 81
8 95
9 85
10 59
5 18
10 23
1 67
5 40
8 30
3 72
5 32
7 23
7 78
3 1
6 81
2 30
6 37
1 11
3 13
10 18
1 95
4 15
3 20
3 48
6 86
6 52
9 27
2 70
3 64
9 45
10 55
5 89
7 2
7 12
2 42
4 55
1 27
5 82
9 58
3 32
3 45
5 93
6 33
10 12
10 43
2 55
7 91
5 44
7 83
9 37
1 8
4 30
6 63
4 87
9 97
3 51
8 9
6 27
4 10
7 25
3 83
10 85
6 21
10 82
7 73
7 73
1 21
3 90
3 60
10 100
5 76
7 66
7 50
7 63
4 63
1 90
3 63
2 97
7 6
4 95
7 73
8 19
4 8
3 70
6 46
9 6
7 92
1 90
3 21
1 87
1 83
10 86
9 63
8 24
5 47
3 4
8 64
4 34
3 76
10 76
7 60
2 43
7 18
2 49
6 40
1 25
3 1
6 7
4 91
9 9
6 10
2 46
7 78
9 16
5 7
5 77
9 97
2 65
10 14
9 37
9 32
8 9
2 33
4 26
8 16
1 55
6 58
4 86
7 8
9 19
2 95
4 8
7 18
7 76
4 7
9 71
10 11
8 24
10 14
9 5
3 62
10 63
6 7
2 73
7 26
9 48
10 80
8 19
9 26
10 63
3 62
1 63
2 62
1 1
9 75
2 6
8 32
7 74
2 43
4 73
10 10
3 80
2 47
5 37
10 30
10 13
3 62
10 28
2 24
9 41
8 23
3 100
7 51
4 78
6 10
1 14
3 18
3 60
5 2
10 21
1 91
10 39
5 73
9 71
8 61
10 40
3 64
4 86
8 20
10 18
3 75
1 22
1 17
3 11
8 68
1 52
7 49
3 38
8 94
7 58
9 5
6 11
9 96
10 81
7 4
2 1
9 46
10 47
7 35
8 86
6 7
8 44
6 74
4 10
8 78
5 79
9 44
2 59
8 85
2 2
4 10
3 50
3 10
6 63
2 98
4 22
5 72
2 63
10 87
3 99
1 42
10 1
4 86
3 83
2 61
7 62
4 3
9 58
5 37
10 19
10 36
10 74
1 48
6 74
7 31
9 37
4 72
1 1
5 97
10 26
4 4
7 28
1 1
3 69
7 53
7 64
6 30
1 34
6 12
7 48
6 67
4 95
3 94
10 86
8 61
4 61
6 53
2 60
5 60
1 25
7 67
9 39
5 1
3 21
10 6
5 41
8 34
9 1
4 41
5 64
7 90
9 82
6 55
4 34
7 39
1 93
8 89
7 17
4 88
3 73
6 0
8 1
8 50
9 87
9 58
2 66
10 0
2 98
9 93
10 17
4 50
1 26
2 97
8 40
8 67
6 12
1 100
2 12
8 78
9 69
2 44
8 42
2 59
2 24
3 88
10 36
5 14
5 95
2 93
4 39
6 76
5 76
1 63
7 43
2 92
10 78
5 56
10 55
3 91
3 26
7 38
2 31
6 51
5 70
6 33
6 7
6 83
2 10
8 100
4 52
10 5
8 77
6 54
4 88
7 17
10 48
9 18
1 45
4 60
3 68
3 55
5 12
3 14
6 57
9 90
3 55
5 88
10 82
5 26
3 59
5 93
4 82
5 78
7 61
5 66
4 56
5 53
1 11
7 21
5 32
6 89
3 52
6 69
6 29
5 9
6 69
8 92
9 55
1 24
10 32
8 41
1 62
9 84
3 65
9 82
8 48
3 32
4 21
6 14
4 42
5 32
3 12
7 93
8 25
5 24
1 51
3 18
8 72
2 42
10 87
3 81
6 19
9 6
1 87
10 32
2 85
1 59
9 6
1 5
8 92
1 46
6 72
8 72
10 97
1 27
9 7
10 57
7 19
10 28
5 12
8 74
9 68
1 82
7 45
8 94
6 60
5 11
5 79
8 93
7 85
5 10
7 28
3 2
4 64
7 64
3 24
3 58
5 53
3 23
7 19
7 1
6 13
7 42
7 78
1 82
3 3
7 15
3 39
9 16
6 92
1 21
7 43
7 65
9 51
10 61
3 31
1 29
4 77
6 28
1 16
6 12
2 39
4 99
4 26
3 64
8 48
8 25
5 71
2 4
7 61
3 4
8 7
10 57
8 55
2 62
7 57
5 16
10 84
2 52
7 8
10 59
4 33
4 32
1 50
9 89
10 58
2 46
5 93
5 34
9 0
2 10
5 22
4 100
9 89
2 67
2 72
8 79
1 89
10 69
7 24
4 3
5 4
5 56
3 89
6 49
4 50
9 9
5 21
8 48
4 58
1 72
1 10
6 70
4 29
2 43
8 76
3 84
5 40
6 8
3 28
5 0
4 85
5 84
4 28
5 18
5 85
9 10
10 16
10 59
4 59
6 79
1 89
5 25
7 93
9 92
1 8
6 49
6 48
7 59
7 79
2 53
3 96
10 96
8 72
6 84
8 91
10 72
2 63
5 23
1 45
6 67
1 82
7 88
8 27
10 35
7 51
1 77
9 29
7 17
8 32
8 27
4 10
2 92
7 23
7 73
7 92
6 67
3 37
8 98
8 63
8 72
9 4
4 18
2 15
2 89
5 80
1 4
8 7
9 3
8 22
5 82
4 36
9 65
10 5
8 100
2 17
2 19
5 2
3 54
10 3
10 38
6 53
7 66
6 18
4 42
3 8
2 27
8 70
2 24
4 25
5 79
6 92
3 80
6 33
2 54
5 89
7 14
9 30
3 63
9 87
1 42
10 25
1 81
10 58
3 63
3 59
2 32
10 12
9 34
8 97
2 51
7 29
3 50
10 88
6 69
9 33
6 84
9 96
6 59
2 64
9 48
7 90
3 71
1 61
1 32
2 65
1 46
6 15
8 52
6 56
5 37
8 10
9 0
5 53
8 6
7 61
10 67
2 19
4 63
6 51
4 56
3 83
10 98
7 76
1 63
6 25
5 68
6 46
10 24
10 40
3 71
5 15
10 78
3 5
1 77
5 61
8 90
4 49
1 84
4 0
9 77
9 87
10 98
2 15
2 5
7 58
4 67
2 27
2 74
10 100
9 48
8 18
1 63
9 20
5 72
5 68
4 49
2 31
5 22
8 1
3 37
5 24
4 94
9 16
7 52
10 21
6 56
10 56
8 1
7 32
5 69
10 70
10 8
3 82
2 6
3 18
1 44
2 28
3 60
2 34
7 46
7 74
6 58
3 64
2 53
9 77
3 40
9 64
7 41
3 8
10 13
1 58
5 13
9 91
9 13
9 38
8 30
1 65
2 53
4 43
10 88
9 46
5 42
7 100
1 88
3 84
4 48
4 9
4 2
4 30
6 62
3 36
1 73
4 39
1 45
1 36
6 0
2 50
10 10
6 31
5 35
9 42
2 54
3 71
2 29
10 91
7 50
3 19
7 67
8 17
6 81
6 51
7 61
8 5
7 18
3 80
7 17
3 54
6 49
5 62
5 53
4 84
3 28
10 49
1 97
2 33
4 19
1 8
9 79
9 24
5 64
10 56
6 45
3 0
4 69
1 93
5 26
4 47
2 1
10 97
10 71
7 58
8 82
3 56
1 63
7 68
10 16
9 34
1 34
8 39
4 85
3 83
4 52
10 33
6 51
10 17
2 15
6 47
9 90
2 17
8 98
6 27
7 81
7 78
8 19
6 34
9 31
4 37
4 38
1 34
3 29
7 16
8 17
1 43
2 42
9 68
4 77
9 46
5 18
7 40
4 94
8 24
3 0
4 77
2 55
5 52
9 99
2 37
5 87
9 27
1 1
9 87
9 23
8 54
1 90
9 42
6 11
4 66
5 26
3 58
6 62
6 21
10 15
2 52
4 27
1 32
5 73
3 10
2 2
4 56
1 37
3 98
6 18
6 73
10 67
1 3
7 86
10 87
3 53
2 60
7 17
8 49
4 57
10 68
7 63
1 73
5 78
9 42
5 36
8 44
3 72
8 46
8 61
6 28
8 29
6 84
2 44
4 3
10 37
3 24
2 59
6 21
6 21
5 100
10 56
5 83
10 65
9 87
3 14
7 21
10 75
7 52
1 13
8 95
10 10
7 53
2 8
7 67
9 40
8 61
8 59
5 46
5 67
10 22
8 21
8 66
7 26
4 17
9 37
8 4
7 14
6 39
7 12
8 98
10 83
4 23
1 27
7 85
4 56
6 11
1 51
7 29
6 59
6 14
3 54
10 44
6 35
10 100
4 39
1 93
4 1
9 88
10 11
9 37
6 93
4 27
10 18
8 59
6 62
2 96
9 45
10 23
3 15
2 66
9 34
8 98
6 67
1 4
5 75
1 10
8 75
8 36
3 1
8 67
2 51
1 76
9 54
9 71
4 100
10 29
8 57
2 31
10 69
9 95
1 85
8 53
3 58
9 21
1 53
2 67
2 90
1 88
8 24
2 60
4 55
7 83
8 90
4 68
4 69
3 35
10 55
1 32
1 30
5 9
3 87
8 24
4 61
10 26
4 96
9 86
3 76
10 19
8 4
8 18
4 96
3 83
2 68
4 37
5 45
4 69
10 37
6 96
3 69
1 52
9 55
8 90
2 41
9 20
3 99
3 22
1 48
3 48
2 52
7 100
3 86
5 94
1 22
8 21
2 44
2 79
5 23
7 82
5 98
4 74
7 23
9 54
7 43
7 16
1 83
7 51
2 18
1 50
1 6
7 70
3 55
7 48
2 71
2 64
5 68
4 4
3 48
3 38
3 49
10 24
7 77
7 97
7 89
3 69
4 46
9 90
1 94
7 24
2 70
8 84
10 30
2 5
6 24
6 14
8 88
4 81
7 32
10 95
2 64
3 15
8 58
1 48
4 8
5 24
9 57
3 55
6 92
5 61
6 15
8 50
7 32
10 12
7 80
5 83
3 56
10 7
9 62
8 80
5 29
8 90
9 23
2 6
9 69
4 66
8 6
4 36
10 27
2 36
5 50
2 80
7 88
10 46
8 5
8 17
3 37
2 87
7 2
6 31
5 8
5 48
2 50
8 84
2 32
10 98
3 39
2 75
9 28
8 36
7 25
1 80
9 85
4 3
3 2
6 75
7 90
10 77
1 99
9 52
1 32
10 77
6 19
7 25
2 86
8 78
2 11
5 11
5 64
2 73
3 11
6 82
2 54
5 11
7 3
4 32
9 77
7 65
3 15
2 78
4 57
5 84
5 77
1 30
4 51
5 43
3 54
6 76
10 24
8 93
8 65
8 41
5 12
7 28
9 29
2 1
8 94
3 64
10 17
6 34
5 63
9 82
4 26
4 90
6 79
3 45
4 17
8 91
4 47
10 98
6 82
1 66
1 75
7 48
4 56
6 53
2 32
2 75
6 98
2 73
3 73
6 10
1 27
5 35
4 18
8 36
10 38
4 86
10 64
1 88
4 44
3 50
10 25
10 27
10 60
10 17
1 96
10 86
6 20
9 78
8 91
9 9
3 87
8 50
8 91
3 11
4 43
2 11
5 66
9 23
9 30
4 28
5 93
8 25
6 14
3 81
8 91
3 94
7 39
3 2
9 42
2 6
10 67
7 76
5 21
9 44
5 27
5 58
7 32
2 94
8 93
7 82
9 20
6 100
7 38
10 9
1 22
10 30
6 41
6 43
1 22
4 55
4 54
3 52
7 37
5 88
5 28
9 89
9 74
1 66
7 10
7 99
2 36
10 63
1 87
9 43
7 81
2 21
7 85
7 37
4 70
3 58
1 63
6 8
6 57
1 61
4 77
5 49
5 72
1 59
3 24
1 40
6 85
2 85
3 44
5 70
9 65
5 49
4 45
4 46
3 92
6 16
4 74
1 60
6 10
3 49
10 37
8 46
3 80
4 3
5 6
2 11
8 37
4 87
1 18
4 83
6 65
6 89
2 3
3 46
7 61
8 62
10 23
2 63
5 13
10 67
7 87
9 73
10 21
7 51
6 83
9 22
5 62
2 11
6 73
5 19
1 19
7 61
9 84
10 55
4 15
8 72
5 7
10 27
3 43
8 52
10 64
3 33
2 86
6 25
3 72
7 0
10 70
8 96
4 8
9 66
9 6
8 24
4 3
6 24
10 90
1 89
10 65
2 96
3 18
2 47
7 30
4 27
4 80
8 55
5 69
6 6
1 13
10 11
2 54
10 30
4 17
4 59
5 58
4 29
5 77
3 30
1 74
6 11
9 59
3 5
6 14
8 2
10 15
3 82
6 9
5 91
9 52
5 74
3 36
2 47
4 52
5 7
10 47
10 74
10 73
1 42
7 83
9 85
10 20
7 32
6 5
1 52
2 59
7 60
8 76
7 5
10 97
8 11
9 91
10 4
8 57
9 38
8 14
2 31
2 55
3 68
9 11
5 66
9 78
7 23
9 61
5 39
3 41
8 15
4 57
4 3
4 29
3 40
6 23
1 17
9 40
7 72
7 51
8 29
4 58
3 78
10 94
6 72
5 34
8 75
2 71
6 77
10 67
6 82
10 11
9 18
9 91
5 1
5 39
1 43
4 2
10 16
4 69
2 14
7 58
7 37
5 64
7 59
4 66
8 40
4 54
9 46
10 7
1 81
2 40
6 40
4 16
4 35
5 71
9 47
1 31
4 17
5 83
9 78
4 3
2 10
10 1
2 29
8 90
4 96
7 37
6 83
6 3
8 6
7 75
2 3
5 98
4 92
9 41
1 1
6 36
1 97
1 74
9 89
9 12
9 99
9 0
3 31
7 93
5 13
9 76
2 61
3 8
9 40
1 88
10 84
5 8
9 64
2 4
1 84
4 20
10 16
10 92
5 92
8 76
5 53
1 26
1 29
9 54
7 23
6 72
9 95
3 55
2 3
5 57
3 62
1 48
5 59
2 31
5 85
2 43
1 64
7 68
9 95
7 71
9 29
3 69
3 4
2 72
6 44
7 98
10 27
9 27
2 87
1 61
7 69
2 50
10 52
4 39
9 14
10 40
5 14
3 96
7 91
9 55
8 44
4 41
9 15
3 25
10 53
4 28
6 21
10 28
8 34
2 9
9 68
9 41
8 38
4 37
7 10
6 2
5 79
7 83
7 40
9 34
10 32
2 63
5 100
8 8
3 45
5 87
5 55
3 62
7 71
6 68
6 7
1 20
6 18
1 94
10 72
9 70
4 10
9 53
6 91
5 71
6 18
1 38
7 84
10 1
8 41
2 69
1 88
10 42
6 76
8 59
6 100
3 42
9 55
6 36
7 15
3 88
9 33
6 10
1 56
3 72
4 96
10 8
10 76
3 64
4 58
10 73
2 68
8 82
10 22
3 63
10 0
4 0
2 75
8 16
6 56
7 87
6 85
9 67
8 52
2 56
9 14
9 23
3 93
7 72
4 8
5 53
9 0
8 31
6 92
4 74
2 88
3 6
5 58
6 14
9 29
8 27
1 36
1 42
10 69
4 86
1 2
10 48
1 41
7 18
9 79
9 96
10 67
2 67
3 56
3 89
6 44
4 44
2 74
1 49
1 50
8 28
4 70
8 1
1 95
4 10
10 80
10 57
7 83
2 45
3 8
6 20
6 24
5 98
7 57
8 22
9 50
8 98
6 66
10 47
7 32
2 14
5 93
1 32
3 91
5 73
4 14
10 64
3 32
8 37
8 81
8 3
9 21
4 43
9 90
3 38
6 63
3 93
3 30
10 79
3 99
5 29
6 84
10 76
8 10
1 15
6 92
3 33
1 4
2 97
10 41
7 27
10 15
3 17
9 39
9 52
2 2
3 7
9 97
2 40
5 21
9 42
4 29
1 73
5 70
2 75
6 8
10 33
4 41
3 12
9 24
5 85
7 35
4 65
4 25
2 18
7 60
1 28
5 24
9 56
10 82
3 62
8 4
7 92
5 100
3 7
9 8
2 87
10 79
2 7
3 83
1 5
1 70
8 47
4 1
2 22
3 29
6 16
8 48
6 93
3 62
3 2
3 17
3 91
8 9
1 84
1 26
6 33
5 82
10 31
10 39
7 64
9 68
5 58
5 92
10 41
7 29
6 49
10 70
3 1
1 75
6 39
8 48
4 30
8 6
10 93
4 89
4 74
7 46
1 53
2 96
9 22
1 31
6 9
10 17
1 58
9 77
5 83
7 67
8 41
2 16
8 17
1 40
4 56
8 97
5 9
1 85
2 10
6 4
2 89
8 60
4 18
4 68
10 33
6 51
2 53
4 85
2 39
8 3
1 62
10 98
8 47
10 72
10 62
8 55
10 90
9 48
6 35
1 58
4 83
8 21
7 79
4 43
1 3
1 45
9 95
2 59
1 70
4 17
7 22
6 53
6 95
8 43
5 69
6 4
5 76
6 91
4 45
4 23
4 20
4 19
4 67
7 20
9 23
8 89
4 13
9 100
9 80
10 49
3 53
2 84
7 3
5 63
2 16
6 1
7 28
3 54
6 35
4 68
10 46
3 59
10 99
7 83
7 55
3 91
9 24
6 5
10 74
10 87
5 47
1 87
3 63
2 72
8 97
5 25
2 1
6 67
4 59
4 10
4 96
8 77
10 71
2 96
3 68
8 40
9 44
9 59
8 90
9 72
8 90
4 22
7 85
9 11
6 44
5 12
5 36
1 37
6 42
4 84
9 51
6 21
2 23
2 22
7 26
8 85
1 17
4 52
3 39
9 59
10 52
1 43
8 15
8 9
6 40
10 9
1 67
5 13
1 64
4 75
7 94
8 76
9 26
4 8
8 47
3 4
5 2
3 47
3 60
3 51
4 24
1 89
6 99
9 42
2 0
1 59
7 34
5 8
2 75
4 92
6 4
8 10
6 75
5 1
10 82
2 31
3 98
4 17
7 24
7 60
2 12
3 33
9 76
6 35
9 4
2 6
1 13
7 37
10 33
9 35
8 16
2 57
5 46
5 61
4 33
1 90
4 29
3 27
4 86
2 17
4 53
1 64
2 65
3 39
3 60
4 78
8 89
4 72
3 59
3 86
4 58
2 8
4 100
3 0
7 54
4 7
1 54
1 67
5 40
8 64
10 90
1 37
10 73
6 19
10 89
9 31
1 90
4 28
5 40
8 18
8 91
5 64
7 32
1 55
3 68
4 18
3 83
9 33
2 34
2 52
4 83
5 1
2 0
5 32
10 42
5 65
8 86
6 9
8 10
6 100
10 10
3 72
7 14
2 21
7 97
1 80
10 91
1 85
9 83
3 59
4 0
6 75
6 16
8 40
2 27
5 92
3 48
5 73
7 64
5 80
4 6
4 48
2 38
2 68
7 39
8 81
9 45
8 99
2 79
6 92
3 8
9 37
5 53
6 11
1 3
10 70
1 19
9 22
7 40
10 4
7 53
7 100
1 99
1 7
9 22
5 1
6 44
3 73
4 74
1 22
5 79
5 45
1 32
7 66
7 70
5 47
2 31
9 18
9 47
10 27
3 78
10 33
7 73
8 39
10 14
3 43
4 43
1 30
5 44
1 59
6 53
10 52
9 74
3 17
4 53
5 32
8 54
7 46
10 90
10 60
9 85
8 74
3 88
7 41
2 61
2 99
1 40
7 99
3 23
7 72
7 47
8 81
9 33
7 5
10 24
5 78
7 25
8 26
2 64
9 14
1 13
3 44
2 91
8 57
4 56
1 9
2 27
3 31
1 93
9 52
6 89
6 77
4 90
10 96
7 18
7 64
9 57
4 59
10 7
5 79
3 20
4 33
10 71
6 80
7 93
7 62
7 25
2 63
6 60
7 44
6 70
4 19
4 86
5 13
3 29
6 89
10 55
7 49
4 35
4 46
2 9
10 30
3 94
9 16
6 88
3 65
5 68
5 100
6 69
5 23
5 38
8 58
8 44
4 37
6 81
1 27
2 16
10 75
10 80
5 99
9 69
10 61
8 60
6 48
1 25
7 100
2 62
3 21
8 30
1 44
5 18
4 69
1 56
1 76
10 99
10 50
5 64
2 59
4 97
2 19
2 91
6 96
7 32
2 3
10 66
9 57
5 72
4 25
1 68
5 60
5 58
10 28
8 49
3 35
8 69
1 50
5 3
7 47
10 65
3 86
4 3
6 85
6 0
2 48
4 32
5 64
9 76
2 75
4 33
9 1
4 49
4 49
8 24
9 55
10 12
4 81
10 49
3 11
5 69
2 16
8 88
7 9
7 46
9 52
4 55
3 16
6 35
4 88
8 56
10 22
6 21
10 27
7 66
9 69
4 51
3 95
1 29
1 73
3 60
3 52
6 20
9 82
1 91
10 24
4 30
9 17
10 22
4 78
8 62
5 68
7 82
10 27
3 67
1 76
10 17
7 49
5 23
8 5
10 5
7 63
8 85
3 79
8 39
4 86
9 14
1 68
5 13
4 15
2 1
3 60
1 39
7 36
9 5
9 94
8 73
5 32
2 64
3 14
5 13
1 47
6 17
3 27
2 7
6 74
3 8
3 4
9 52
4 20
3 94
9 2
1 33
5 60
3 82
7 43
7 26
9 5
9 29
3 53
6 64
6 64
1 80
10 42
4 75
2 38
1 53
4 14
10 81
4 93
2 77
3 84
4 52
7 26
8 82
10 63
10 1
5 32
4 85
1 61
7 91
4 60
8 43
1 13
5 6
8 20
1 28
1 39
10 46
6 5
7 94
2 10
7 91
1 33
8 36
10 15
10 52
7 44
3 2
8 96
2 68
10 51
2 20
3 56
5 39
7 48
9 84
8 65
8 48
1 12
9 36
10 30
6 12
9 28
9 36
9 37
7 41
8 37
8 96
4 51
10 7
1 64
2 4
1 100
3 46
8 55
5 6
1 34
8 15
8 36
5 85
7 46
5 40
3 30
6 53
5 38
7 96
2 59
10 91
9 79
3 4
3 25
6 62
1 64
2 56
9 57
4 88
5 85
6 33
10 47
3 54
8 87
4 69
9 93
3 1
2 34
2 0
6 39
5 58
7 90
9 60
5 6
4 55
9 20
8 12
2 1
4 3
4 80
4 19
1 56
7 83
4 9
1 99
9 95
7 42
7 59
6 52
9 30
6 19
4 79
5 66
7 65
8 21
9 23
8 62
4 15
8 54
3 82
3 6
3 55
4 15
5 55
9 91
10 34
7 96
7 27
3 19
7 81
10 96
5 8
5 8
6 13
6 47
9 79
10 26
8 70
7 9
3 58
8 24
4 65
2 87
8 80
6 49
7 62
3 52
9 6
6 39
4 47
3 83
6 71
2 8
7 36
8 48
9 28
1 36
4 3
3 51
9 48
1 87
6 42
9 3
6 7
1 51
8 99
5 59
10 21
1 67
7 32
7 38
6 66
2 60
1 2
9 15
6 34
10 36
6 63
2 93
8 0
5 68
4 41
4 80
3 51
3 61
2 76
8 7
7 12
5 63
4 2
3 82
5 13
10 45
3 82
7 30
6 86
5 7
10 3
4 16
6 100
4 23
5 85
4 21
7 48
6 44
1 97
2 51
3 89
9 8
4 59
2 96
8 0
1 68
7 7
8 6
7 0
3 38
1 17
8 5
9 14
4 12
10 48
2 74
1 80
1 71
6 22
8 8
8 36
9 15
6 70
5 37
4 53
2 88
2 44
8 81
2 33
10 43
4 45
9 37
6 4
8 15
9 81
6 10
1 11
4 70
5 42
7 48
3 61
3 25
9 4
6 56
2 64
7 35
5 0
9 16
2 86
4 62
7 64
4 6
7 22
6 91
1 7
6 3
7 69
5 48
2 97
3 42
3 95
1 11
6 6
9 4
5 8
7 62
1 72
8 5
9 96
6 90
3 83
6 10
8 19
9 17
7 68
3 29
8 1
1 73
1 91
5 38
9 62
3 93
8 4
8 28
4 12
9 64
9 87
10 52
2 34
6 78
4 38
4 20
6 15
3 39
2 91
9 62
10 58
9 97
4 65
9 44
2 32
5 67
9 49
10 15
2 71
5 49
3 2
4 32
7 31
4 42
9 82
2 51
9 91
1 89
8 81
8 44
4 35
4 39
1 4
6 69
9 61
6 50
7 65
6 60
2 51
10 96
10 57
4 30
1 92
10 50
1 99
2 85
6 76
4 64
5 64
6 96
1 3
3 92
2 62
2 31
8 69
10 36
8 55
8 28
3 33
4 5
7 76
9 15
5 58
8 19
5 75
8 17
6 51
2 23
9 89
6 83
9 79
1 28
6 17
1 10
5 97
4 96
10 97
5 26
2 40
2 98
10 55
4 89
7 28
2 91
1 38
10 29
5 2
6 32
2 10
4 92
2 97
7 19
4 86
5 85
9 24
6 33
9 72
8 36
5 51
10 46
7 39
4 20
2 94
2 40
2 0
3 36
4 30
2 65
4 94
5 5
3 99
5 83
7 42
7 63
9 59
1 10
7 2
10 79
1 44
5 76
4 58
10 39
1 63
1 89
8 0
4 78
5 35
3 29
6 1
8 78
6 12
5 23
7 67
4 74
5 41
5 76
6 48
9 3
7 65
1 78
9 90
3 46
2 41
7 96
4 51
10 31
9 77
3 65
2 40
7 11
4 71
9 73
8 22
9 19
4 10
10 82
2 56
3 80
5 2
1 50
3 44
8 53
9 81
10 79
7 98
7 56
5 29
6 70
5 55
9 97
6 43
10 60
5 94
4 14
10 24
8 35
10 99
9 70
6 60
10 92
3 92
6 1
6 35
3 87
4 99
1 32
6 100
6 85
1 0
1 12
6 45
9 100
4 1
9 13
9 15
7 57
2 1
5 74
3 48
2 69
7 23
3 53
5 58
4 44
4 39
9 36
6 59
4 42
4 87
3 11
5 12
10 1
9 11
1 4
10 8
4 16
3 13
6 58
5 82
8 5
7 14
3 4
2 22
7 25
9 85
8 38
4 37
10 63
6 6
9 63
3 62
6 66
5 9
9 16
8 85
9 33
1 75
10 19
6 58
3 13
2 74
7 4
1 3
5 49
9 62
10 32
7 26
10 85
5 89
5 13
3 37
9 74
8 95
1 76
9 5
5 24
9 2
3 48
4 73
4 6
2 23
2 90
10 19
8 74
5 18
9 39
6 83
3 6
9 69
10 14
1 33
4 58
5 22
5 12
8 74
8 83
1 87
1 25
9 16
7 36
6 25
4 85
6 90
4 11
6 10
8 0
4 73
3 23
1 12
1 87
4 88
2 2
5 67
3 17
1 27
1 91
4 9
4 29
1 57
3 44
3 83
3 18
10 52
6 39
9 40
2 80
6 32
7 1
4 52
5 85
2 60
5 65
6 17
5 42
8 88
7 98
2 60
9 83
3 91
4 55
8 1
5 72
4 73
1 99
7 31
2 72
7 79
1 96
10 36
9 28
6 53
9 61
6 92
8 65
3 3
7 16
2 99
10 53
6 75
9 16
5 51
2 9
1 79
10 44
4 8
6 56
4 62
4 91
8 62
7 50
10 52
8 27
7 34
3 63
8 52
6 63
7 63
8 6
10 56
5 2
5 41
1 16
7 39
8 1
3 1
10 55
4 78
6 43
7 27
3 40
7 40
6 45
3 25
2 35
7 93
10 59
10 41
6 51
2 24
2 99
9 74
7 13
9 78
9 19
4 38
7 33
1 9
9 25
9 57
4 14
4 57
1 92
1 8
3 50
1 46
4 100
10 5
7 32
8 88
7 90
6 87
1 67
2 84
1 4
2 74
1 88
6 66
7 85
9 23
3 24
1 36
8 99
4 77
4 8
2 4
10 33
1 61
4 58
2 6
5 60
3 96
4 6
2 41
4 69
2 46
7 17
4 1
6 70
2 11
4 15
9 1
7 75
1 78
1 56
3 39
6 64
3 85
10 39
6 88
10 58
6 89
6 79
7 82
4 15
7 46
1 88
5 85
2 27
4 93
10 86
5 19
6 78
3 35
2 0
2 42
2 22
9 3
10 51
10 19
5 99
10 17
6 97
2 36
10 93
4 32
8 17
10 15
10 42
1 98
9 88
9 45
7 11
10 92
1 24
9 60
10 3
2 2
4 38
10 20
3 16
10 12
3 79
1 66
2 1
1 23
1 13
1 37
1 0
7 63
5 71
3 27
5 19
2 24
3 72
4 8
7 13
3 78
4 68
10 76
4 3
6 66
6 42
8 67
7 59
3 69
7 18
7 46
7 55
7 78
9 13
9 46
4 62
3 7
7 1
3 96
10 96
9 63
2 15
3 41
5 79
4 97
9 0
5 18
5 31
6 93
3 77
9 80
4 36
8 4
10 18
9 72
4 59
6 26
8 6
3 22
1 45
2 82
7 53
2 72
8 2
3 57
10 34
3 20
1 64
5 11
9 49
5 30
7 28
10 37
7 35
1 88
3 70
5 70
5 4
4 49
9 16
4 53
2 68
5 67
8 88
7 33
10 18
5 37
3 1
1 18
4 60
8 53
3 58
9 13
10 46
5 49
3 73
7 32
6 13
2 63
2 68
5 8
3 51
6 15
3 47
7 31
1 60
2 74
4 44
5 70
8 33
8 15
7 25
5 86
1 83
8 57
8 54
4 77
3 12
9 54
3 19
1 40
4 87
1 47
7 8
10 61
8 73
5 72
6 24
10 65
3 100
4 36
8 24
9 24
1 98
6 96
5 31
7 18
4 65
5 53
2 12
4 75
8 84
10 14
8 56
5 90
8 67
8 4
8 7
1 16
7 44
7 3
1 92
1 85
2 39
8 48
10 74
7 47
9 56
1 22
7 16
6 20
5 50
2 58
5 100
3 54
8 47
5 9
9 12
1 74
6 43
6 83
9 73
7 69
6 97
9 14
8 5
5 33
10 40
10 89
1 44
6 70
9 86
3 46
1 50
3 68
7 69
3 36
2 57
5 12
7 76
9 83
2 36
2 53
9 97
9 44
6 13
8 41
4 76
3 76
2 25
2 7
4 9
7 92
8 17
6 26
7 31
5 93
5 91
3 19
2 93
10 28
2 86
2 95
9 49
2 25
9 63
7 11
9 29
6 70
10 21
9 63
8 48
8 47
3 43
2 10
6 80
7 8
8 44
10 25
9 96
8 39
10 9
7 78
7 42
5 77
1 90
10 50
4 97
9 51
9 82
2 23
7 2
9 83
7 44
5 94
10 56
2 71
7 83
10 83
8 72
2 99
7 35
9 31
7 88
5 42
7 54
5 58
9 56
3 77
4 7
1 36
1 3
4 74
10 88
10 82
2 22
6 34
4 49
9 77
8 71
8 74
9 10
10 71
8 83
6 12
8 8
7 66
9 94
5 83
10 95
2 7
2 78
6 93
5 95
3 5
10 68
7 61
7 36
7 74
1 100
2 77
9 94
5 32
7 38
5 91
4 51
8 39
9 100
4 86
1 72
10 64
8 97
2 6
6 8
5 59
7 31
6 91
2 18
3 9
6 29
1 11
8 49
8 35
4 6
4 14
8 92
9 93
4 3
2 25
2 45
6 37
4 8
8 41
7 15
2 30
1 68
7 30
10 82
1 86
10 35
3 17
3 84
8 51
9 90
6 92
7 31
8 37
1 5
5 19
1 87
6 55
7 3
5 43
3 24
10 58
7 66
3 29
10 23
4 8
8 52
9 62
9 91
1 55
4 0
7 24
3 88
6 12
4 85
10 63
6 8
4 99
9 15
2 10
6 8
2 86
7 90
2 20
8 27
4 81
1 85
6 31
5 95
1 91
4 5
8 0
2 41
3 56
8 19
7 43
1 45
1 5
5 67
7 28
8 58
9 92
1 32
9 33
10 42
4 1
9 9
7 32
1 91
9 65
10 83
9 51
10 44
5 90
7 41
1 61
1 79
10 53
4 93
8 84
8 46
2 37
5 53
8 69
5 59
5 48
9 44
6 19
6 29
3 93
4 24
9 59
9 20
2 41
6 74
4 47
10 74
4 35
2 38
10 99
6 36
9 84
10 29
8 57
8 90
6 65
6 15
3 57
2 40
10 96
2 57
3 57
4 56
10 5
9 34
10 29
7 76
10 31
3 18
10 60
2 24
4 3
2 82
3 40
1 67
10 57
2 84
4 6
6 4
5 11
10 30
1 27
4 1
3 53
9 73
5 45
10 9
6 46
4 4
1 49
3 24
6 49
9 2
2 64
4 81
9 57
5 36
8 27
4 2
7 97
4 5
7 62
6 5
3 22
7 0
1 96
10 64
1 34
4 8
6 0
9 33
1 2
5 63
3 15
2 25
7 46
6 48
4 56
5 73
8 79
10 14
7 51
9 47
4 95
9 1
7 94
6 62
5 74
9 1
3 32
8 3
8 87
9 64
1 19
2 22
10 2
6 99
3 94
5 37
4 45
8 75
6 51
9 44
1 22
2 42
1 57
10 58
6 70
9 1
1 64
10 45
3 35
10 5
8 79
9 32
6 11
6 21
2 23
2 56
3 56
4 49
1 34
3 61
3 10
5 68
2 81
4 73
7 80
9 74
3 80
6 60
1 56
9 23
1 29
10 8
9 2
7 29
4 26
10 66
3 66
6 62
9 67
9 93
5 55
4 84
7 73
9 8
5 41
2 60
7 97
8 56
3 25
7 12
5 98
1 1
8 21
7 11
4 18
6 59
10 15
5 21
10 32
1 89
6 68
1 31
3 87
8 42
4 87
2 9
2 2
7 79
7 6
5 46
4 13
7 58
2 74
10 35
8 62
2 5
10 11
7 33
8 10
10 84
7 35
8 73
9 65
7 75
4 5
7 26
10 77
2 61
1 60
2 48
2 90
10 73
9 37
3 77
5 38
8 27
1 30
9 57
3 89
9 59
10 31
7 75
4 85
9 99
1 97
10 12
4 71
8 47
5 39
1 59
1 46
1 15
6 23
9 75
6 50
2 77
3 83
3 2
5 36
5 25
6 94
5 78
8 3
8 9
3 68
5 82
8 36
4 54
1 46
4 72
9 27
10 54
4 38
8 82
4 96
10 29
10 93
2 98
7 28
10 75
7 64
4 12
6 33
2 35
10 42
4 44
7 98
6 76
4 2
8 33
3 1
9 51
5 88
6 24
5 96
2 53
6 36
5 100
2 26
6 91
2 75
7 50
2 69
10 87
10 52
4 40
6 38
9 75
5 74
7 8
5 97
9 52
3 12
9 94
7 97
3 21
8 66
5 93
9 75
8 28
10 22
8 74
9 25
5 5
4 83
3 42
1 87
4 20
4 52
10 97
6 29
9 92
2 99
6 29
1 74
3 4
5 76
1 57
7 47
8 62
2 7
6 68
3 44
7 55
9 68
1 53
2 74
2 60
8 84
5 87
7 38
5 46
4 9
8 73
1 64
7 12
9 39
9 51
6 88
5 38
4 58
1 30
5 51
6 17
6 44
1 80
4 17
5 22
10 9
3 77
8 67
4 55
6 45
6 80
3 86
2 65
8 1
10 2
1 15
4 3
1 51
4 21
9 15
4 44
1 89
10 91
5 65
4 59
4 31
5 57
4 10
3 5
3 6
2 22
9 12
7 49
7 84
1 3
1 9
5 41
7 13
6 87
5 1
4 75
2 90
7 21
3 30
1 20
4 31
1 85
9 14
7 2
4 18
9 15
2 24
4 85
9 0
1 55
5 77
8 24
8 49
5 3
3 31
6 57
3 17
8 85
5 30
1 28
5 62
10 82
1 92
1 18
7 45
6 29
7 75
6 100
6 3
1 80
4 93
9 20
4 14
4 44
6 28
9 87
9 49
7 1
9 62
1 51
8 3
8 89
6 7
3 4
7 1
4 34
2 70
7 72
1 33
8 7
2 41
7 95
7 7
2 74
1 33
4 10
7 45
5 88
9 26
9 86
5 52
2 96
4 18
5 52
1 95
1 70
5 42
5 28
1 82
4 26
3 26
5 99
9 49
8 0
1 81
6 63
3 59
10 78
3 19
5 0
10 72
1 12
4 58
10 11
10 76
9 54
9 5
9 5
9 86
7 59
3 22
5 34
1 13
3 86
5 88
5 40
8 37
7 6
5 43
9 71
6 48
5 13
1 33
1 38
6 53
9 88
4 81
4 74
5 65
2 16
4 64
3 22
1 50
4 40
7 61
10 30
4 55
5 74
10 69
5 6
5 0
1 38
6 54
9 21
2 64
8 53
10 10
3 48
9 43
10 32
1 42
7 89
1 15
4 95
4 97
7 98
10 59
4 0
4 58
3 50
4 16
8 61
3 80
10 74
4 34
9 18
4 37
2 59
3 50
6 41
6 17
8 19
6 34
8 39
8 27
3 74
1 37
8 59
4 32
7 18
3 11
6 80
10 10
4 42
6 33
7 78
8 37
5 94
5 43
4 86
9 93
2 66
9 56
4 31
5 53
8 74
10 13
4 6
4 5
9 36
1 75
1 99
7 65
4 36
6 73
10 13
2 51
1 5
7 27
7 63
7 50
1 91
10 43
9 24
7 6
10 47
3 78
6 60
8 32
9 55
7 26
9 43
7 78
9 99
2 80
1 10
8 63
4 84
1 100
3 66
2 0
1 47
4 3
4 53
2 50
4 37
5 84
2 51
8 69
3 55
7 77
4 47
4 33
1 5
10 80
10 30
4 57
10 5
3 43
9 8
1 6
9 90
1 77
5 88
10 71
9 99
1 25
6 30
8 68
7 35
1 73
3 78
1 20
2 8
4 73
6 79
8 26
6 7
9 2
3 53
8 62
4 11
5 54
6 24
8 91
6 4
3 1
4 44
6 78
5 68
8 19
10 78
1 68
6 1
6 18
5 35
4 38
10 96
6 34
7 49
2 32
7 95
7 52
4 83
2 84
5 60
2 31
4 21
7 2
8 31
5 90
7 32
5 59
2 61
4 92
3 68
9 95
3 53
7 52
6 1
5 66
9 46
1 39
1 79
7 13
2 2
8 81
6 23
2 35
9 96
10 26
7 8
10 33
5 36
7 78
2 2
10 89
5 8
8 64
1 62
10 92
10 50
6 27
9 84
2 53
8 37
2 77
4 93
7 56
2 40
9 39
1 72
3 7
8 99
4 26
6 0
7 98
8 15
2 42
3 13
8 11
4 31
5 26
3 48
7 55
2 2
5 26
4 66
2 97
1 51
3 13
7 56
8 63
10 70
6 29
6 34
4 29
10 12
10 55
8 89
8 4
8 70
3 75
1 87
5 95
3 66
2 48
9 85
5 83
9 70
7 3
7 78
6 79
3 24
9 88
7 58
5 77
7 44
7 9
10 100
10 72
4 31
3 36
2 47
1 9
2 33
6 86
8 7
10 78
6 40
7 28
2 46
10 40
10 99
9 19
7 55
2 77
8 58
8 46
2 63
8 22
8 1
6 66
7 65
10 52
6 60
3 76
4 16
4 87
6 92
2 75
1 38
8 33
9 55
7 34
10 1
1 34
1 37
6 80
6 75
4 41
3 10
9 97
5 71
1 69
2 40
5 71
4 12
4 99
6 56
10 78
8 95
8 18
10 66
5 48
8 90
9 81
9 47
6 0
4 98
8 54
2 19
10 85
2 57
9 98
5 91
5 26
10 47
9 47
5 8
10 35
3 53
2 59
7 37
5 24
9 81
2 21
10 33
4 83
3 64
5 44
7 60
1 52
10 18
2 90
5 80
8 18
3 62
5 100
3 35
9 63
6 55
10 99
5 56
2 71
3 39
9 78
1 85
9 95
5 89
1 37
9 11
2 59
2 2
2 71
6 83
3 82
4 32
8 57
1 57
8 92
5 30
4 66
8 66
6 63
3 36
3 69
9 98
2 72
4 60
10 50
4 82
7 32
6 86
2 28
10 29
1 32
9 34
10 30
1 71
1 61
1 59
1 31
6 23
10 100
6 39
5 33
2 44
1 17
8 38
8 96
5 58
5 82
4 73
8 72
6 37
9 54
2 30
8 13
9 36
4 72
9 52
7 89
4 47
4 21
6 25
7 98
2 22
9 8
2 80
6 53
9 25
5 15
6 49
5 58
7 75
10 11
1 32
9 26
1 28
8 67
5 69
6 30
5 32
9 84
9 59
4 54
10 32
1 68
9 12
2 10
2 84
9 24
7 68
5 78
10 32
1 4
10 70
8 35
2 29
5 20
5 40
10 73
8 83
1 44
2 18
6 12
9 28
2 52
6 34
6 6
2 68
5 61
8 35
10 40
5 71
6 57
5 62
7 80
10 26
2 10
9 56
5 65
1 1
2 5
4 65
2 2
9 60
6 9
4 53
8 63
9 78
1 36
9 56
5 64
1 100
3 35
4 44
4 37
7 93
10 97
3 13
10 62
6 32
9 29
7 50
4 84
3 37
6 69
2 51
1 92
6 83
8 68
5 90
5 72
3 10
8 85
7 42
10 44
9 60
2 58
5 33
5 89
10 81
10 80
6 29
10 84
4 77
8 33
2 51
7 12
6 72
8 13
5 21
2 99
8 74
4 53
5 62
4 41
3 45
7 76
8 83
6 21
1 2
9 65
3 5
9 66
9 91
1 43
9 27
1 97
9 72
9 4
3 37
10 64
6 51
4 25
1 4
8 50
2 7
1 14
1 54
4 69
3 69
6 84
9 78
9 67
5 43
9 93
7 84
6 89
10 89
4 58
4 98
9 30
5 82
4 93
1 67
6 97
8 71
3 47
1 3
10 3
7 79
8 42
4 48
8 37
4 84
2 48
3 7
7 21
2 92
5 44
10 79
10 52
10 27
1 26
7 76
10 56
4 42
8 82
3 72
1 6
6 15
6 65
3 98
10 45
7 7
1 28
2 2
8 3
4 23
6 27
3 27
9 95
5 98
6 75
9 18
1 97
4 31
9 0
6 95
9 48
4 80
6 83
7 60
4 34
7 57
10 51
8 24
9 28
5 79
7 86
10 28
7 92
1 33
1 59
10 32
6 14
3 38
4 83
3 27
1 17
8 85
2 62
8 90
8 59
9 27
2 99
9 98
10 57
10 48
6 59
7 44
3 94
10 12
9 97
2 20
6 46
10 26
8 5
4 20
2 32
7 30
9 48
1 96
8 47
4 71
7 9
10 68
4 87
5 80
9 30
7 51
10 88
7 19
9 98
10 50
9 45
9 31
4 88
1 43
8 68
2 13
4 59
4 76
8 35
9 71
3 72
4 48
1 32
1 9
6 10
7 26
2 69
5 69
3 9
4 96
8 22
2 61
1 86
10 92
2 6
5 73
9 23
2 91
7 63
4 41
6 18
5 37
8 86
5 16
8 42
10 67
1 33
10 87
8 20
6 38
2 11
3 30
5 69
4 38
6 79
5 81
4 90
3 55
10 83
4 99
6 77
6 53
9 4
10 45
3 3
3 9
9 33
6 90
7 1
7 65
6 61
8 4
2 17
7 66
4 24
9 23
10 32
2 89
2 28
2 47
6 62
2 92
5 16
1 100
9 59
2 47
7 41
8 37
4 35
8 84
5 55
2 90
3 24
4 9
6 14
4 96
6 81
5 0
2 82
4 67
4 44
9 79
8 28
2 32
6 45
2 24
6 31
6 43
9 69
4 42
9 27
4 54
10 67
8 17
1 38
9 18
4 45
2 62
2 14
10 77
8 51
6 32
1 62
2 93
5 16
3 64
4 86
5 52
3 3
9 43
7 28
3 3
7 68
6 26
1 84
2 99
3 7
8 81
10 69
5 54
8 35
5 47
4 31
2 68
2 94
10 4
10 100
2 25
2 36
6 19
4 52
1 67
6 91
1 50
7 80
3 97
8 60
4 92
6 72
3 52
9 72
2 44
3 82
1 14
3 59
1 59
5 68
1 41
7 75
8 84
6 80
10 22
8 55
8 79
4 22
1 55
8 78
1 45
8 90
4 67
3 68
8 50
3 1
10 20
8 7
6 53
3 48
8 66
4 93
7 10
8 84
7 25
6 88
9 90
6 94
2 83
9 78
3 81
2 14
7 47
6 63
2 9
7 33
2 45
2 85
7 45
9 64
4 48
10 57
3 76
7 3
10 63
10 82
10 84
7 22
5 68
3 29
3 46
9 53
1 7
7 60
3 32
3 0
2 78
3 74
3 28
8 12
7 73
4 82
4 89
4 65
9 29
9 92
8 36
5 28
7 10
8 61
1 37
8 32
7 57
5 84
5 42
7 51
5 38
4 83
3 0
8 77
1 83
1 24
8 45
3 0
4 67
5 82
10 52
9 79
10 4
3 23
1 30
5 22
7 86
10 9
5 64
1 28
9 62
8 46
3 66
5 88
4 40
8 23
9 8
10 16
2 47
1 46
8 94
7 34
1 25
9 6
7 40
4 52
9 43
1 19
5 96
5 84
10 13
4 78
6 65
7 19
7 85
6 87
7 17
9 59
4 78
3 97
6 45
6 79
5 38
3 99
4 66
8 83
3 96
10 36
4 34
9 28
1 5
8 80
3 6
2 92
4 62
6 42
6 82
4 61
9 1
7 7
2 14
6 13
7 85
5 23
2 47
3 85
9 57
4 19
2 5
7 52
4 16
5 38
9 30
4 51
8 69
4 82
3 82
4 25
2 27
8 64
6 96
4 6
9 60
1 94
7 54
6 18
2 98
7 42
6 10
1 67
10 9
9 91
2 45
5 13
4 90
6 76
2 32
6 99
1 82
8 74
3 64
3 60
10 26
5 37
1 62
4 72
1 99
10 27
9 96
4 0
10 38
5 58
9 46
2 75
5 79
8 90
8 33
2 86
10 14
5 57
8 31
4 99
5 1
10 22
1 0
4 51
10 31
9 61
2 63
9 99
2 4
8 24
7 18
3 84
8 69
3 78
7 9
8 67
7 20
3 17
5 19
9 94
1 3
2 53
7 2
10 37
6 32
8 85
2 21
10 27
5 48
10 24
4 54
6 71
4 79
1 9
8 0
7 58
10 86
6 61
1 14
5 19
4 98
6 49
10 86
7 76
8 40
9 17
2 64
2 90
2 0
9 28
9 50
6 55
3 47
3 17
7 2
5 81
3 59
4 71
6 95
4 36
3 68
3 92
3 64
2 44
9 8
4 83
3 66
5 90
3 67
8 89
5 55
1 14
1 100
3 75
5 23
4 23
5 8
10 77
10 78
9 24
8 87
4 20
9 50
8 68
2 64
4 4
1 15
4 69
3 98
2 39
6 78
1 26
3 45
8 56
9 20
5 93
10 40
3 82
4 86
4 67
4 97
5 88
7 46
7 33
1 25
5 33
3 30
4 12
1 71
2 76
7 82
10 15
7 8
1 12
9 44
2 98
2 13
1 15
8 89
5 56
2 38
1 49
6 8
2 71
5 15
1 14
2 55
6 58
2 86
5 37
9 15
3 20
8 20
6 97
2 93
8 83
8 35
6 84
9 80
6 74
4 56
5 24
2 6
9 25
5 98
4 17
2 40
6 96
7 29
6 11
10 81
1 79
4 96
5 58
9 12
4 77
5 85
1 60
9 68
7 56
1 2
2 91
9 28
9 17
8 48
1 33
6 55
4 4
8 18
10 35
3 45
3 58
1 78
7 22
9 30
2 91
5 35
9 35
6 17
10 54
1 96
1 99
5 38
4 16
3 97
9 100
10 17
8 71
3 81
9 79
1 93
7 0
10 10
5 34
6 98
7 69
4 92
5 81
5 15
8 62
6 85
9 66
10 12
10 50
1 42
9 13
7 66
6 80
9 85
8 73
5 4
2 93
3 41
6 6
10 72
9 64
3 28
5 64
8 61
1 67
5 40
4 30
3 18
4 75
6 10
10 38
2 49
1 51
4 24
1 10
2 17
3 38
10 41
2 31
2 22
3 69
8 15
5 31
10 38
5 41
4 94
4 88
8 16
1 1
10 19
3 10
9 77
3 26
2 89
6 41
8 68
6 7
4 57
4 92
7 62
10 33
8 81
8 24
1 19
5 57
8 13
9 70
10 89
8 5
8 100
4 76
6 93
6 85
7 82
10 45
8 100
10 23
2 12
7 17
4 11
8 56
10 73
1 25
7 92
4 40
6 55
5 41
9 50
10 56
8 62
2 13
3 84
8 60
7 70
6 28
3 96
6 31
7 90
2 20
1 54
3 40
3 87
3 89
6 73
7 26
7 78
7 58
2 6
6 94
3 46
2 1
10 40
6 13
9 51
6 51
5 55
9 37
1 12
3 26
8 61
10 76
4 59
8 55
2 41
4 13
7 65
3 61
2 35
1 12
2 66
2 14
9 59
4 26
3 29
7 5
1 24
5 7
1 22
8 98
2 86
1 26
3 7
3 13
7 35
10 15
8 17
2 98
8 1
9 99
2 60
3 39
1 47
7 28
10 53
4 41
5 65
6 41
6 77
7 96
2 77
4 65
6 53
6 81
7 73
8 69
7 45
4 12
9 51
1 83
10 74
5 20
6 29
6 6
1 78
4 82
6 94
8 66
6 93
6 78
7 73
3 15
4 78
1 60
3 86
10 44
1 14
5 57
6 28
4 96
3 1
10 30
7 22
5 7
2 17
6 43
2 21
1 96
6 87
3 37
6 1
1 9
5 74
5 97
6 49
2 2
7 10
3 17
8 64
10 91
7 48
1 82
8 58
5 6
3 13
3 44
9 76
3 8
10 19
3 47
10 28
7 80
1 44
1 58
3 23
5 31
7 73
6 68
3 37
4 53
1 55
10 24
3 84
3 51
10 83
5 17
2 94
4 47
2 58
9 56
3 76
1 34
2 66
7 94
3 79
8 5
10 21
8 2
5 94
2 39
9 64
10 61
7 85
8 60
9 44
2 45
1 54
5 89
3 42
6 71
8 78
3 95
6 65
2 95
6 97
8 81
8 49
6 73
9 98
8 66
1 3
3 38
6 30
10 37
1 51
2 31
10 23
10 47
4 79
7 72
8 83
2 73
9 50
2 53
6 70
4 80
2 65
1 38
10 7
10 22
3 66
9 24
7 58
3 68
3 70
9 22
6 86
5 6
8 53
4 18
3 41
7 6
2 23
6 44
6 72
4 81
5 22
7 94
2 68
3 44
8 32
9 62
6 10
4 2
3 23
7 96
5 93
8 40
3 69
2 58
1 21
1 29
2 80
3 5
9 91
3 92
10 26
7 24
3 91
5 53
5 62
8 9
7 73
9 52
10 25
5 49
1 71
9 78
3 13
10 65
6 90
6 75
4 86
8 65
2 77
2 39
2 12
3 33
7 3
6 15
9 66
10 8
10 91
1 73
1 7
4 77
2 89
5 47
5 39
2 98
6 70
9 20
10 64
9 41
7 72
3 85
8 98
3 69
3 95
3 85
10 92
3 72
2 77
9 25
1 24
6 41
4 40
5 63
7 17
2 16
4 1
10 10
7 9
6 55
2 8
6 80
8 15
6 23
3 20
6 38
10 95
4 79
8 38
8 65
5 4
4 82
9 49
6 57
10 8
8 61
3 66
8 38
6 72
9 37
10 70
1 91
7 61
3 100
9 13
4 45
6 71
6 16
6 7
9 59
2 99
8 53
6 52
9 83
6 27
6 61
1 10
4 27
8 48
7 43
1 95
1 90
1 91
2 26
7 5
7 49
9 12
8 31
7 30
8 59
2 76
5 38
2 1
6 20
6 28
4 91
3 74
9 61
1 0
3 93
10 11
4 81
1 41
6 55
4 34
6 32
6 32
3 42
1 18
1 5
5 47
9 20
4 34
10 13
8 24
7 32
2 12
1 44
6 89
5 94
1 96
4 61
5 83
9 65
2 63
8 78
2 49
9 38
7 61
6 25
1 57
3 67
7 46
1 54
3 92
2 44
10 81
3 88
6 40
5 60
7 5
8 28
5 42
3 87
1 4
5 62
6 78
9 94
7 71
6 74
9 87
7 22
4 93
3 15
8 36
6 26
4 28
8 8
8 53
2 96
5 87
6 49
3 36
7 32
2 24
1 72
6 28
4 99
4 6
6 88
4 86
2 77
7 22
3 85
3 63
4 6
10 91
3 77
2 78
3 23
2 36
2 60
7 45
1 54
1 48
4 47
1 24
3 38
1 34
8 51
2 74
5 7
4 50
7 70
8 64
3 87
5 10
8 63
7 98
2 100
3 24
1 13
2 12
7 93
4 97
4 34
3 44
6 24
1 42
3 40
5 96
6 80
10 43
6 63
6 16
5 56
9 33
6 30
1 9
6 52
4 68
9 71
10 11
7 30
4 30
5 18
5 14
2 38
4 2
8 60
3 61
6 40
6 59
7 30
5 91
6 96
5 85
8 36
5 58
3 55
9 79
4 13
2 13
10 85
4 37
3 39
8 25
7 42
3 18
10 64
5 25
5 43
9 52
7 59
9 31
2 59
4 79
10 15
9 92
1 70
1 27
8 73
7 97
3 88
4 91
7 25
9 8
4 65
2 99
9 23
10 47
7 46
2 37
7 13
6 77
10 40
9 74
2 95
3 53
4 42
1 97
4 48
8 19
5 53
1 44
9 11
10 82
7 1
3 93
10 1
10 76
10 76
7 37
3 37
3 58
4 47
9 46
8 84
8 65
8 7
7 4
1 35
6 23
1 68
1 45
1 62
5 7
2 20
10 66
2 64
3 58
3 49
1 10
9 36
7 48
3 0
10 69
5 87
3 38
9 14
5 14
2 33
5 98
4 29
5 23
2 53
7 26
3 38
1 56
6 24
1 58
5 37
4 84
3 75
4 82
2 11
8 46
2 95
5 24
10 48
10 82
1 75
2 46
2 87
1 23
9 34
5 55
8 17
5 42
4 51
9 89
9 94
2 51
1 60
3 40
3 50
5 3
8 25
1 33
6 28
9 90
10 51
5 80
8 61
6 35
6 100
7 44
4 45
4 81
7 93
6 65
10 69
1 51
3 83
4 64
4 54
3 56
1 17
1 16
6 40
2 15
8 4
5 91
10 84
6 77
9 25
7 63
2 4
5 81
3 53
2 28
2 17
3 28
7 19
7 60
8 24
3 92
9 9
10 87
6 34
1 24
5 41
5 45
4 26
8 76
3 56
7 42
9 40
4 87
8 55
4 10
3 12
6 88
2 47
10 38
5 89
4 32
8 33
5 61
10 61
1 1
5 56
1 82
6 76
8 46
1 21
6 5
3 30
7 6
5 8
5 50
9 52
6 67
5 63
5 53
8 2
7 100
2 40
1 73
2 14
6 57
9 71
3 20
1 44
2 49
9 1
8 65
7 79
4 88
7 95
8 84
5 83
6 68
5 13
7 48
2 94
3 36
3 42
6 43
8 75
2 69
4 73
7 60
3 79
6 86
3 6
10 76
6 11
7 84
2 25
2 52
9 96
10 87
10 45
2 61
9 53
7 27
3 88
6 24
7 42
2 43
1 18
5 18
3 70
8 96
5 67
1 81
4 13
10 86
3 78
2 81
4 19
6 19
8 37
3 50
10 75
3 66
1 97
3 51
8 38
10 91
3 5
1 3
10 8
6 73
3 85
7 29
10 10
3 81
6 76
8 84
2 75
8 51
7 22
3 14
7 29
8 93
10 100
9 13
7 42
5 16
4 26
8 5
1 21
6 62
7 29
6 34
10 57
3 18
4 95
6 8
5 1
5 32
2 91
3 58
7 7
2 35
5 45
4 30
1 41
7 51
7 24
5 82
9 18
2 37
4 90
10 29
8 19
1 76
9 80
8 63
7 89
7 52
3 13
6 38
10 62
3 4
3 80
10 80
2 90
4 46
7 92
5 85
10 33
6 55
1 27
7 0
10 83
9 71
5 33
6 52
6 76
5 26
5 19
7 52
3 95
7 15
8 34
3 66
1 88
4 85
9 75
9 14
3 62
4 15
3 22
2 82
10 84
4 9
6 53
5 58
5 38
8 74
4 68
6 78
9 72
3 10
6 69
3 38
2 20
3 53
4 19
2 14
7 26
8 75
8 56
5 88
5 45
4 22
3 54
2 12
1 34
8 72
5 30
1 36
5 13
10 91
1 30
9 63
6 84
7 13
8 60
2 53
3 79
9 18
2 71
6 11
2 37
10 33
10 79
1 74
6 4
3 56
4 95
10 57
5 41
9 24
6 90
4 42
1 33
3 40
10 97
3 86
5 5
5 96
6 42
10 30
6 99
3 96
9 15
8 57
4 94
5 87
4 17
5 73
9 69
6 6
8 7
1 21
7 67
2 52
4 50
7 98
1 53
2 75
10 42
9 14
5 0
7 2
3 4
5 86
10 36
1 68
4 59
1 91
7 59
3 73
10 38
3 12
8 7
5 57
1 22
3 75
3 42
5 3
10 1
1 67
7 34
2 71
9 53
9 13
3 53
5 57
6 74
10 73
1 99
10 59
1 57
3 76
6 63
9 84
5 21
6 26
10 85
4 14
3 59
7 72
4 14
6 79
10 99
1 33
2 98
10 15
2 21
5 68
10 20
5 69
4 76
7 44
7 19
3 52
9 33
4 99
2 10
2 57
2 57
9 35
9 80
6 21
1 77
6 23
1 36
5 21
9 74
9 27
1 73
7 98
3 42
3 84
3 3
4 19
2 67
1 72
4 38
10 96
1 23
5 76
4 93
5 66
8 14
2 44
6 59
5 83
2 59
9 49
6 18
8 57
10 65
4 3
4 75
10 9
5 63
4 22
5 37
6 41
7 16
3 43
5 12
9 26
7 55
7 11
4 61
3 19
3 27
6 26
4 33
4 27
3 78
9 89
1 50
8 70
6 58
4 16
9 81
6 73
4 0
9 90
4 84
10 65
8 19
9 86
4 92
7 52
5 51
2 71
5 88
10 59
7 27
7 70
10 48
5 52
1 93
3 12
6 37
7 38
9 50
10 35
2 39
2 53
9 35
10 10
10 99
2 83
3 93
5 71
2 6
1 48
5 95
7 28
10 59
4 32
6 58
5 59
2 24
8 23
9 97
9 7
7 28
10 5
7 14
3 55
1 16
10 21
10 87
3 9
9 3
4 56
10 5
8 88
3 46
3 55
7 19
10 70
7 84
4 59
5 24
5 47
7 83
5 3
6 30
1 60
7 96
2 4
1 51
9 62
10 24
3 73
10 78
10 59
9 63
7 72
6 15
9 89
1 35
3 13
1 68
7 98
4 83
7 23
10 56
1 47
2 29
6 39
6 62
2 12
5 59
2 81
3 78
10 85
5 29
7 45
6 7
10 7
10 36
1 55
10 12
6 78
8 6
3 27
1 82
8 23
4 16
1 96
7 69
3 38
10 85
9 74
2 60
1 94
2 69
10 82
2 27
3 2
5 45
9 20
3 16
10 78
3 7
3 30
7 17
3 96
9 37
5 50
4 7
1 74
4 55
10 10
3 96
1 52
8 14
5 16
1 61
10 10
3 74
8 36
9 69
10 100
9 100
7 62
2 28
3 63
5 71
1 55
5 46
2 12
5 43
9 50
9 1
5 92
6 63
3 65
10 55
7 55
1 78
7 57
4 15
9 6
9 96
10 5
1 39
7 19
8 94
3 47
9 47
9 20
2 28
7 61
9 54
3 67
7 71
2 78
9 22
8 64
2 22
10 12
3 32
1 90
5 62
4 73
8 20
10 0
10 95
4 18
10 39
8 98
10 45
3 23
7 12
10 81
1 31
4 32
6 56
6 38
5 18
1 15
5 14
7 1
10 92
9 43
3 68
7 16
7 72
6 41
6 91
10 5
10 41
4 100
2 17
6 56
6 79
10 44
7 3
4 67
4 46
9 40
7 39
5 39
7 27
6 57
1 58
2 51
8 86
1 98
1 96
10 22
10 65
3 67
8 17
1 87
5 33
4 56
1 14
6 88
4 78
8 31
8 22
6 87
9 67
1 89
2 62
5 16
1 79
8 68
6 93
3 10
5 29
9 66
6 74
6 84
2 48
9 29
9 3
9 80
9 28
2 67
1 9
5 31
3 10
10 27
6 55
4 53
2 84
2 83
1 27
10 41
1 75
2 73
10 38
2 56
1 100
6 48
7 67
9 14
6 59
4 23
1 43
7 13
4 6
8 25
10 100
5 13
2 86
4 54
7 35
7 27
4 36
8 69
1 80
1 92
4 67
2 88
8 97
5 67
2 2
7 91
6 63
5 18
3 52
1 83
5 6
4 63
10 30
2 20
2 94
7 15
7 68
9 30
9 81
4 28
1 42
10 4
5 72
1 35
4 83
8 83
8 51
5 58
10 0
9 100
5 48
6 8
5 99
6 35
2 100
4 51
8 7
8 99
9 98
9 67
4 37
8 80
8 72
1 11
6 43
1 40
4 26
1 93
1 29
5 37
2 74
1 68
6 87
5 47
4 9
2 1
5 98
2 82
3 8
2 57
9 53
2 41
5 64
10 27
3 69
5 22
5 62
5 57
4 35
2 41
10 96
8 17
6 64
2 47
2 50
8 42
6 88
2 18
5 35
8 19
4 95
8 64
2 2
7 6
9 9
10 20
5 11
6 93
4 55
1 57
2 36
4 94
9 4
8 73
10 79
2 13
7 78
3 82
6 38
2 68
9 65
10 77
1 8
8 12
7 54
9 79
1 73
10 21
2 23
2 76
3 39
5 69
2 35
2 54
5 23
5 68
3 49
3 86
9 13
8 92
2 2
10 100
2 3
2 38
7 9
9 50
6 84
7 23
5 71
5 10
10 90
8 21
4 73
5 95
6 57
3 72
8 94
3 100
3 3
8 13
7 83
8 64
6 25
4 16
9 30
5 26
10 4
7 72
7 10
1 29
2 19
8 61
5 84
3 66
9 50
4 62
7 0
6 34
7 14
5 50
7 42
2 27
10 75
8 42
4 82
4 79
8 47
5 16
2 31
5 76
5 67
10 7
9 14
3 40
7 5
5 82
6 30
1 36
1 6
8 94
1 12
9 23
1 80
6 75
6 76
7 59
10 18
2 48
7 25
6 54
2 7
2 98
10 7
7 16
3 80
1 28
3 26
9 86
2 68
6 36
1 37
1 73
2 22
10 44
4 97
7 36
5 68
8 72
10 85
1 53
4 74
10 70
5 72
10 31
8 50
8 75
8 14
5 87
1 92
7 62
1 35
2 31
8 42
1 46
7 72
4 37
1 34
4 87
5 100
3 11
1 68
2 10
4 67
4 44
6 2
1 1
1 84
2 24
1 26
3 1
5 87
7 56
7 84
5 3
7 51
1 43
5 39
1 95
6 45
10 25
9 87
9 46
4 70
10 81
6 1
3 93
4 95
5 46
3 3
8 62
3 20
1 75
2 79
8 33
5 39
6 53
6 16
8 86
5 83
5 4
8 15
3 36
3 44
8 45
5 58
6 16
8 71
10 55
4 4
6 33
4 61
1 65
7 49
3 48
2 6
7 29
4 14
3 95
9 19
1 33
10 4
6 53
10 12
6 2
7 0
7 98
5 84
10 97
1 85
1 90
3 50
3 37
3 72
9 60
10 43
10 24
1 30
4 55
6 11
7 4
3 49
9 60
8 93
5 50
3 31
1 23
2 4
8 70
4 47
1 67
5 43
10 89
10 100
5 7
5 16
7 60
1 100
8 62
2 58
1 27
5 36
1 33
5 98
2 5
1 16
6 29
1 25
4 63
7 14
2 73
9 67
4 96
5 29
3 53
9 41
2 36
1 63
3 83
2 23
2 59
10 95
1 20
4 26
4 75
10 58
9 54
2 70
10 95
2 56
10 49
10 28
10 70
6 69
1 97
8 22
10 5
2 14
5 69
1 96
6 32
1 92
8 93
10 14
5 68
2 1
2 64
10 45
3 99
4 35
5 81
9 13
4 26
6 35
8 61
10 31
4 46
10 100
3 52
10 28
8 76
9 26
3 61
4 35
8 54
8 50
10 76
9 11
9 35
7 55
10 45
10 47
7 85
4 92
9 18
9 8
8 81
6 28
8 58
6 22
4 55
6 51
3 26
3 82
5 92
7 34
6 35
4 74
7 27
1 85
2 13
7 41
10 4
1 22
3 17
1 66
1 44
1 30
8 39
6 64
1 99
7 76
1 32
9 69
2 60
6 45
1 86
5 47
2 84
3 59
9 36
8 73
4 57
6 45
4 84
8 74
2 27
1 23
10 7
5 93
8 89
1 95
4 15
2 88
10 100
4 27
6 85
9 59
3 64
8 100
5 16
4 7
9 25
4 99
9 8
8 50
8 88
9 29
7 66
8 49
8 83
9 7
3 99
2 93
3 33
5 25
10 97
10 2
1 8
9 20
1 86
2 14
1 46
4 82
3 77
2 22
8 56
8 69
2 64
8 55
2 24
3 4
4 62
2 70
8 72
2 85
5 41
7 74
2 56
4 38
9 67
8 34
4 70
5 66
4 26
6 31
2 31
6 33
9 75
9 89
8 99
10 90
2 41
6 72
3 51
7 35
5 18
9 62
2 9
3 17
10 25
7 21
10 55
9 63
1 3
8 50
10 44
6 94
6 97
7 40
4 48
7 52
4 31
3 81
3 15
10 50
8 99
7 92
7 59
7 26
1 29
3 36
8 22
9 5
1 91
10 38
7 43
9 37
6 16
9 10
8 4
8 94
3 19
8 64
10 15
7 26
10 35
8 56
2 69
8 25
7 23
7 66
4 41
5 65
9 9
3 3
6 92
4 38
6 19
7 24
3 84
3 9
2 60
7 6
2 54
10 93
3 29
5 100
1 1
4 14
10 11
10 61
2 73
7 12
1 78
6 98
7 50
1 40
2 75
8 56
2 75
8 11
6 93
9 77
7 32
10 50
2 35
4 46
6 45
2 52
10 25
6 18
9 33
7 23
10 3
2 71
9 91
4 28
1 92
1 70
7 68
10 65
7 2
6 36
5 82
2 43
2 95
1 91
8 47
5 0
4 53
4 54
3 77
4 11
9 24
9 62
8 32
5 31
4 3
4 9
2 2
6 15
7 11
9 87
1 61
4 14
1 40
6 11
6 86
9 99
10 57
10 5
8 77
1 79
7 81
2 32
4 40
8 2
5 36
9 50
9 61
9 98
9 98
7 70
3 22
3 15
5 23
10 71
10 53
9 30
9 96
5 29
9 4
5 72
1 55
2 54
4 53
8 24
3 59
8 88
10 87
8 47
1 97
5 21
10 83
7 24
5 93
2 41
7 96
2 28
1 77
1 2
1 43
2 70
5 31
7 76
5 77
1 57
7 28
2 49
3 94
3 94
2 8
3 68
4 17
2 74
6 89
8 85
9 55
1 66
6 90
10 74
1 37
9 72
1 78
7 17
6 74
4 48
2 82
9 90
2 16
4 41
4 96
4 35
8 69
4 8
9 16
3 70
5 64
9 71
4 8
4 35
9 85
6 73
4 0
5 53
5 69
6 53
4 8
1 32
4 75
1 22
4 37
8 35
8 85
8 48
1 39
5 89
10 71
4 86
5 100
2 25
2 76
10 67
8 48
10 73
9 34
2 55
7 87
6 62
3 48
1 68
4 58
7 4
5 53
5 80
4 85
5 8
5 93
4 79
8 10
3 65
9 8
8 57
3 79
5 38
3 23
2 0
2 90
1 20
3 31
2 88
1 53
10 53
3 53
7 88
2 5
5 99
3 85
1 31
8 84
1 40
6 59
9 24
7 34
9 66
2 59
3 92
1 83
1 4
7 14
8 35
5 19
1 47
9 77
7 15
4 83
7 98
6 43
9 15
10 90
6 40
8 43
6 15
2 50
4 77
6 30
6 97
8 48
1 55
4 35
6 29
5 42
3 95
6 99
7 31
4 48
10 94
4 82
6 13
5 34
3 65
4 0
7 74
6 84
10 81
9 6
9 83
5 66
8 84
7 90
1 39
7 10
9 95
4 65
9 69
4 2
1 14
5 54
8 27
5 72
3 94
5 44
10 51
6 81
4 43
10 9
1 5
7 72
2 75
4 41
5 1
5 63
5 2
5 48
6 67
9 10
3 97
9 31
6 86
6 86
10 1
1 26
6 92
10 85
9 74
6 37
8 36
9 46
7 23
7 94
9 9
3 47
9 44
5 20
3 41
8 28
2 35
3 74
2 14
2 14
6 34
6 38
9 77
5 14
7 89
6 15
7 73
5 34
1 38
10 97
4 80
2 5
1 100
2 5
5 77
8 21
9 65
1 96
6 46
2 87
8 32
9 76
8 55
3 46
8 67
1 93
4 91
8 10
10 13
4 35
9 87
10 97
9 72
6 62
6 62
4 39
1 63
4 84
6 25
2 41
10 38
5 94
4 41
5 98
1 38
6 47
4 82
10 23
6 34
10 96
6 35
3 39
10 30
9 38
9 21
10 55
1 79
1 41
7 28
9 89
8 77
10 12
10 68
3 24
4 29
6 24
9 3
6 77
8 52
3 81
3 25
1 83
10 32
3 34
9 60
5 67
9 5
8 34
5 13
3 49
1 7
4 84
7 39
3 46
9 57
6 3
3 30
7 74
6 97
10 35
2 38
10 69
10 67
2 82
2 51
2 86
5 24
7 50
7 44
8 8
2 1
6 80
4 49
2 25
9 7
5 25
5 79
8 89
2 53
1 23
7 51
1 35
8 47
6 22
4 22
3 68
7 78
3 71
6 59
10 46
5 86
7 9
1 37
2 28
1 29
7 35
8 97
2 33
3 23
5 67
9 83
8 45
5 11
8 7
7 98
3 14
8 4
4 8
6 15
9 45
3 74
4 52
6 52
5 31
3 46
4 62
6 36
10 69
1 31
4 22
3 77
10 61
9 6
6 65
1 85
9 53
3 22
7 20
3 56
1 17
7 99
2 54
2 88
5 70
1 17
8 37
8 95
3 96
6 80
8 20
5 35
7 14
8 80
2 60
4 84
3 8
3 58
2 30
2 83
8 61
9 98
8 22
7 54
7 22
3 64
6 6
3 63
2 39
3 70
5 15
10 21
4 41
3 69
7 59
8 29
9 11
9 82
9 27
6 23
5 25
9 94
1 80
5 39
2 84
5 1
5 34
5 65
5 67
9 83
7 57
9 62
9 82
2 38
2 40
3 95
5 31
6 43
7 81
2 9
5 98
8 34
2 26
1 66
3 30
5 72
3 88
5 50
1 29
8 78
8 0
9 9
3 78
1 84
1 83
1 45
10 35
8 93
8 40
6 1
8 91
4 76
6 80
8 92
4 47
8 0
10 14
8 6
6 30
10 22
2 91
3 1
4 40
8 77
5 84
1 51
5 39
7 66
6 86
6 9
9 41
4 42
1 48
7 65
8 18
7 77
8 16
2 7
8 46
10 54
6 70
1 62
8 7
9 31
7 97
5 96
3 96
4 45
2 83
8 36
6 21
3 79
4 54
1 52
10 71
9 8
2 58
4 26
3 21
4 33
2 35
1 6
1 1
8 20
6 1
4 43
8 61
3 36
6 55
8 58
2 85
5 15
10 13
5 16
6 56
7 38
2 87
4 100
10 50
4 81
4 49
4 8
2 15
9 44
4 71
1 97
5 28
2 3
1 100
6 73
6 62
4 38
8 67
5 40
2 43
8 94
3 80
6 2
2 27
9 92
4 14
1 100
7 77
2 31
4 43
10 6
6 74
6 70
10 28
3 34
5 57
1 76
3 7
6 59
3 2
4 11
5 47
4 43
1 83
10 75
5 29
1 85
4 3
5 45
4 29
9 3
7 56
6 53
7 64
8 6
10 15
9 64
3 86
3 98
9 67
7 62
4 88
8 37
4 80
4 91
5 65
7 12
2 71
6 31
3 42
8 59
5 32
8 26
7 27
8 85
7 56
10 56
5 81
5 23
2 5
9 22
7 29
3 67
9 67
4 45
7 49
8 76
8 64
9 86
4 90
10 87
5 66
8 83
3 85
7 9
10 88
10 6
2 61
1 72
9 99
8 13
1 66
5 40
3 95
1 56
3 91
5 66
4 2
8 28
5 20
1 57
7 85
1 33
10 0
3 67
6 88
5 75
5 18
6 27
5 48
1 97
6 63
6 25
6 56
6 44
2 63
8 94
9 56
3 1
7 50
3 79
4 0
3 19
2 26
10 20
4 13
1 100
2 80
2 37
1 46
2 7
2 45
10 0
7 12
8 41
1 56
9 53
7 7
1 89
8 10
6 7
2 87
5 98
10 72
6 60
9 49
2 19
2 78
7 45
7 49
1 83
5 83
10 46
7 40
9 30
10 16
10 43
1 23
5 53
2 52
4 78
7 72
7 71
6 42
1 87
10 61
8 60
8 12
1 19
3 53
5 33
4 87
7 58
9 39
2 76
1 47
2 65
5 93
6 5
2 60
9 12
2 63
1 16
4 35
10 1
4 63
3 58
7 49
10 59
6 98
9 59
10 24
4 35
6 99
4 4
1 59
1 28
7 49
5 21
5 61
8 59
2 89
7 78
3 28
7 2
3 44
5 17
6 30
5 42
8 88
2 58
3 57
6 46
2 1
5 42
2 6
3 19
8 1
2 69
1 64
10 7
6 21
7 49
2 35
9 94
6 65
7 16
2 77
2 24
1 58
8 87
1 59
2 76
4 0
1 24
4 63
2 26
3 59
1 65
9 84
5 5
9 51
2 88
3 68
2 85
1 35
6 43
10 43
8 30
1 52
10 3
8 61
1 27
9 71
2 45
6 31
3 99
4 94
3 66
2 74
4 7
4 27
4 7
1 51
6 38
1 90
7 80
3 13
9 6
10 39
7 22
7 55
8 3
3 15
8 59
7 15
3 67
5 40
6 36
3 44
10 45
7 99
3 6
5 49
9 27
1 15
8 28
10 84
4 52
8 61
2 81
10 45
7 9
4 58
6 5
5 12
9 88
1 53
1 62
5 22
6 56
5 1
4 10
7 94
10 16
6 49
9 95
1 100
3 43
4 81
7 64
5 77
1 12
5 53
6 2
10 41
9 62
3 14
4 58
6 20
8 83
1 42
4 19
2 72
5 31
4 26
3 38
2 0
2 15
6 78
9 12
10 53
1 34
1 44
10 2
6 60
8 98
7 57
9 2
7 65
4 84
10 24
6 22
2 96
1 34
1 79
8 6
7 9
10 88
7 6
4 61
3 61
2 100
7 9
1 3
5 53
5 61
6 33
7 27
10 55
7 88
7 80
4 81
8 87
8 55
2 48
10 82
7 51
2 25
6 98
8 23
4 83
5 54
2 47
9 8
1 98
1 47
7 78
1 81
5 5
3 24
8 83
5 41
9 82
4 70
6 66
2 33
6 22
4 97
10 5
1 93
5 25
4 14
2 66
3 60
8 53
8 44
9 98
4 27
9 89
10 14
1 80
10 24
3 77
7 94
5 50
10 87
9 35
1 0
4 89
2 61
4 13
1 94
9 15
3 27
1 20
4 11
5 14
6 51
9 64
1 7
5 79
5 41
1 48
8 93
1 37
9 59
1 41
8 87
8 23
4 77
9 62
2 24
8 27
4 81
5 16
5 25
5 77
6 99
6 6
8 57
4 16
1 33
8 100
10 56
1 71
5 75
6 79
7 75
3 2
7 95
10 26
1 53
7 19
4 28
1 92
6 24
9 93
9 74
6 98
10 88
9 92
2 71
2 13
10 24
8 50
5 76
4 83
8 35
7 69
3 38
7 11
1 17
1 13
4 25
8 72
5 90
5 52
3 39
5 16
8 96
5 97
5 89
5 76
2 81
3 37
10 91
7 86
1 12
1 29
4 10
5 49
4 8
3 22
2 7
6 48
6 90
4 97
10 64
2 24
8 35
2 66
1 11
6 7
9 54
2 57
6 56
6 79
7 31
3 14
8 53
2 13
10 34
9 20
8 27
7 86
10 0
2 82
3 19
3 100
6 23
8 79
3 82
6 86
6 69
8 1
2 1
4 96
4 83
6 94
2 43
8 88
7 34
2 8
8 68
7 33
10 40
5 85
7 2
