100
3 26000000 11000000 6000000
3 10 11 1
2 93397959 42151056
3 94478415 94478415 41722166
3 77131403 28583252 77131403
2 28459111 80057259
2 28343453 86126380
3 61647453 11639909 11639909
2 89723383 23078695
3 1191718 37289040 37289040
2 75241670 32841004
2 13310736 2094133
2 20467816 23610400
2 28340045 21299371
2 7873259 9770858
2 39765094 66961004
2 39764084 60515151
2 9189615 8980577
3 34123175 21768096 21768096
3 21949679 21949679 15665890
3 39218025 73336753 73336753
3 24873652 32389965 32389965
3 68401540 68401540 34200770
3 47717605 95435210 47717605
2 6858179 41149074
3 9054792 81493128 81493128
2 60889630 12177926
2 45152111 90304222
3 97475158 8861378 8861378
3 31199660 15599830 31199660
3 40369097 80738194 80738194
2 35199840 11733280
3 32694620 32694620 37365280
3 42713856 42713856 37374624
3 53816632 47089553 47089553
3 71484760 78633236 78633236
2 11488558 17232837
2 14624500 29249000
3 52761724 51614730 51614730
2 93734953 86524572
3 47036985 62715980 62715980
2 66996732 89328976
3 6235 8711 6234
3 42703 103 42704
3 268724 1127 103
3 23815884 52908926 52364
3 77512862 49375298 99197224
3 18128208 25648528 36775424
3 2923356 45919533 12198909
3 61474463 61044839 27765503
3 11059572 55250568 23311578
3 10203198 14202938 5912898
3 65047458 8802498 47633538
3 1480626 31986803 59081052
3 2029248 16623646 9252565
3 179758 1810504 2860702
3 20225866 43399163 36580818
3 15175168 68729952 46203456
3 25380201 24503369 3300825
3 18012869 27655521 50216197
3 11690084 22223684 732599
3 11616040 3379320 21518580
3 35539099 9846563 48382173
3 71164480 47071220 19789370
3 195060 34411746 16052916
3 69479905 39592525 75378730
3 7223803 34640566 20454350
3 32994859 1346215 23985391
3 57756329 473183 30243569
3 18599064 44798808 7508018
3 32602427 70159937 64528811
3 21544869 73520119 28896369
3 23209186 9897796 82199176
3 3064091 24183723 47478055
3 610273 31372615 70314336
3 85557759 60773735 93028217
3 19445496 54616736 37079792
3 20762511 6889545 65111235
3 37650847 46990069 9054901
3 237527 46935827 32742527
3 15774426 57885306 39176442
3 92248627 37745995 1905439
3 87916879 43060855 24841759
3 1999613 808809 4466161
3 22991392 59304176 45379376
3 5558566 46114381 33260128
3 50034961 29564785 3963505
3 16058616 27900180 58726164
3 7682888 43557903 22243588
3 17702014 18635196 7389970
3 452652 2037246 4738334
3 12188754 5149966 18280800
3 14011480 43344308 68336772
3 61997138 11288018 45197138
3 11851046 36214233 52975387
3 11607538 21307850 33616506
3 12569424 9758640 11811252
3 8018210 5638160 9412055
3 64767636 34669800 47395656
3 725368 74249973 30069749
