100
4 3
4 5 6 4
4 2
4 5 6 4
3 3
1 1 1
3 3
11 17 17
13 3
11 22 34 82 37 17 9 80 40 7 71 77 17
26 4
33 70 57 93 66 59 63 13 38 35 3 53 41 97 19 70 45 17 5 41 25 51 17 86 25 62
26 4
3 45 49 70 53 5 51 1 80 93 67 15 14 57 68 42 45 51 88 71 28 33 4 89 61 95
16 4
1 51 7 3 77 57 93 49 57 71 31 51 69 45 19 39
2 3
47 23
20 4
59 67 69 29 77 9 97 53 93 21 93 13 25 5 67 67 81 69 51 3
100 4
75 39 23 37 78 42 38 31 46 82 45 29 83 18 33 18 41 19 89 85 65 1 23 21 17 67 69 9 17 26 54 63 9 65 49 73 9 15 5 67 47 54 61 47 69 50 94 59 23 5 22 83 86 47 14 23 82 10 90 25 75 66 30 82 79 21 82 67 46 30 51 14 11 43 61 86 19 69 75 95 45 39 10 93 25 3 46 69 50 74 31 86 61 97 38 85 95 63 11 58
30 4
91 89 36 9 16 89 92 85 67 65 97 15 29 19 35 69 89 91 33 1 17 69 13 45 89 9 60 43 79 84
100 3
80 4 58 2 16 94 88 1 53 2 91 1 43 25 88 49 19 31 29 85 70 10 89 13 41 74 70 64 14 43 88 66 70 91 51 49 66 52 4 64 17 6 46 61 19 26 89 97 79 40 30 10 32 7 89 4 22 19 43 83 16 88 2 59 28 71 43 98 75 76 52 32 71 76 78 52 40 62 4 7 79 52 92 10 88 38 43 4 1 96 67 46 25 7 97 44 80 34 20 35
14 4
87 49 11 79 27 85 67 69 61 60 17 53 5 51
16 3
71 68 22 4 46 45 94 23 83 41 47 32 7 10 76 23
17 2
40 25 42 6 18 63 92 14 97 74 86 55 76 5 96 7 7
35 4
87 23 31 95 25 39 56 70 27 56 62 15 23 25 3 2 76 43 11 35 17 43 37 74 9 9 33 63 37 75 16 56 94 63 71
18 3
46 35 31 30 87 82 40 65 27 80 14 63 64 4 65 68 16 83
3 4
66 6 42
16 4
57 27 79 22 61 25 6 37 27 17 67 11 42 78 64 70
100 3
4 96 72 2 89 64 89 56 56 59 56 6 20 68 59 68 65 26 10 59 32 14 49 7 28 4 98 41 7 29 72 44 70 29 86 17 8 26 80 5 1 27 92 76 86 88 5 86 20 73 95 17 16 10 79 5 68 27 50 43 8 29 90 63 31 32 14 57 17 24 4 13 65 62 81 5 55 93 8 40 18 56 23 6 79 73 77 26 71 90 43 5 31 10 95 64 14 87 67 80
1 3
33
20 3
17 61 88 15 73 37 43 41 91 16 35 80 58 17 35 22 31 74 83 49
22 3
35 10 86 10 5 73 73 73 65 5 85 13 13 10 73 19 28 1 86 50 29 40
3 4
95 95 3
17 4
77 91 75 89 41 73 51 82 1 19 61 27 95 91 39 45 61
100 2
88 68 18 1 57 83 70 33 38 69 51 77 23 4 36 97 26 91 22 1 53 44 49 51 44 24 21 12 10 85 49 45 12 41 30 20 66 87 19 1 24 83 97 68 45 74 4 94 80 42 61 70 38 27 44 12 24 61 65 38 84 78 8 14 35 51 59 85 66 99 51 81 13 48 84 66 81 24 40 66 19 77 17 59 81 85 4 18 59 20 16 91 53 15 16 30 1 13 8 88
100 3
80 44 85 85 26 34 8 76 32 90 51 13 32 28 28 97 97 91 82 70 45 13 34 95 91 24 7 83 76 62 94 62 59 19 52 31 19 91 65 10 7 13 52 76 29 38 71 1 79 34 74 58 10 4 29 94 22 73 58 37 51 13 17 69 77 43 72 84 62 97 52 5 31 80 69 49 94 76 7 4 74 19 19 15 49 10 7 83 73 92 50 43 59 8 80 86 63 91 13 37
1 3
85
100 4
53 6 37 59 51 92 23 75 28 58 52 88 16 47 92 76 78 48 25 62 54 9 93 72 86 29 71 70 52 61 22 6 4 24 1 91 23 48 7 85 45 19 42 41 72 50 7 55 55 17 85 35 46 49 69 43 45 64 19 29 16 7 74 42 45 14 4 82 4 62 30 63 68 67 18 66 63 21 13 53 80 89 59 95 82 45 62 3 63 48 30 12 66 41 41 68 4 39 4 6
15 4
73 35 7 65 19 37 23 93 37 13 63 67 43 15 85
2 3
4 22
21 4
47 55 31 39 37 11 63 15 41 71 29 39 39 15 65 71 45 79 79 81 6
12 4
51 28 53 15 90 97 3 41 93 79 9 71
16 4
27 22 39 79 81 71 73 41 31 17 57 61 59 27 47 85
1 4
47
100 4
94 46 82 61 5 81 1 65 22 2 74 78 21 52 66 58 10 29 10 38 83 13 93 54 29 90 61 42 59 49 69 29 45 81 65 29 97 6 42 42 17 90 77 45 61 81 77 17 17 86 61 30 5 69 85 83 30 82 33 90 1 21 69 29 38 22 25 81 37 29 46 97 46 6 58 25 39 32 65 86 74 13 69 57 51 27 86 5 37 25 85 41 25 42 61 25 71 77 89 80
26 4
21 25 8 78 2 95 6 11 81 49 13 55 69 10 51 19 95 75 68 22 35 95 36 57 22 41
21 4
31 11 3 83 83 23 51 43 47 32 15 82 65 43 45 1 75 91 45 87 93
15 3
19 52 76 61 29 42 62 60 55 92 23 72 36 17 7
20 4
95 53 73 67 96 25 81 75 97 3 75 79 69 11 84 75 80 91 89 21
23 4
55 96 17 17 41 11 39 53 83 52 91 3 63 87 1 61 96 84 17 3 60 43 59
28 3
35 97 77 35 67 83 97 34 15 20 76 8 3 32 17 59 29 56 22 68 14 74 89 74 87 16 62 75
2 4
49 49
1 2
24
100 3
58 67 70 41 59 2 57 20 2 22 86 69 92 26 34 65 50 17 9 44 75 97 74 89 65 41 84 55 93 47 20 32 74 41 62 40 47 11 38 76 98 98 24 45 65 33 44 22 89 38 8 65 20 63 29 35 80 4 89 83 16 83 44 41 62 59 67 89 56 23 56 56 98 77 43 15 68 83 65 56 1 38 13 50 79 28 61 2 80 86 50 71 56 74 98 46 64 94 83 16
100 4
42 16 9 14 65 97 18 90 93 2 45 41 89 93 5 17 30 18 26 85 70 12 61 74 85 38 71 50 4 18 17 44 42 53 13 96 66 53 82 37 97 53 94 77 53 85 17 33 49 13 86 61 46 25 21 97 78 67 13 59 30 1 97 14 61 89 5 58 93 13 73 29 65 75 82 39 74 29 57 42 3 85 18 77 75 85 82 13 66 45 77 85 37 58 97 50 43 81 21 21
100 3
94 67 25 55 34 48 64 84 72 21 8 70 27 27 57 75 62 77 68 97 88 63 86 95 82 15 23 4 97 55 53 14 65 54 41 18 36 68 16 9 69 13 8 93 9 15 23 41 17 2 1 78 90 95 39 86 65 6 29 24 83 43 44 41 57 68 53 4 60 1 37 84 71 44 33 3 79 16 50 28 34 26 91 61 87 93 56 7 22 82 96 52 82 46 24 80 82 22 48 83
23 3
5 2 88 61 71 51 50 92 26 29 53 19 80 27 50 67 94 67 35 33 72 45 29
19 4
87 5 61 47 3 55 95 19 17 75 15 93 67 3 7 39 57 19 15
19 4
9 53 31 27 27 43 18 62 22 71 4 83 85 15 55 75 5 90 61
100 4
21 54 27 77 22 18 82 49 74 58 31 81 10 83 83 6 30 14 97 81 11 46 73 47 3 9 35 36 81 14 35 2 71 17 50 55 39 79 46 10 33 93 7 73 41 66 91 69 89 79 63 2 45 35 45 5 55 53 62 79 77 7 78 63 26 57 62 66 81 73 95 50 34 67 7 61 73 19 15 83 23 29 82 90 43 71 90 39 61 9 93 42 77 14 30 77 51 2 61 50
100 4
39 27 82 67 51 55 69 51 61 16 3 79 89 14 9 43 42 46 79 55 6 85 75 59 73 75 17 35 81 87 46 46 59 47 25 42 75 20 47 10 51 75 20 43 35 3 43 95 30 91 73 95 67 6 15 91 44 47 34 11 67 85 4 48 75 23 90 64 78 74 35 31 27 82 41 26 42 70 95 41 46 67 7 51 34 85 72 87 32 87 85 21 66 95 78 31 2 77 31 9
11 4
41 23 91 56 85 85 97 15 11 21 95
20 3
80 76 88 53 76 91 4 68 32 50 41 56 68 59 53 28 71 47 24 11
100 3
37 36 52 88 73 38 19 89 26 77 56 59 40 43 2 89 60 47 62 19 77 17 41 4 54 5 8 41 27 66 33 77 5 92 61 62 41 24 74 8 14 86 91 55 4 68 71 23 62 60 43 76 29 17 89 83 44 74 92 69 11 38 59 86 90 34 92 8 71 45 83 38 8 74 29 74 66 35 64 98 20 21 54 74 44 97 20 40 13 49 89 5 80 83 63 91 38 49 86 82
1 4
50
18 4
87 41 79 78 76 55 69 22 42 9 67 37 10 97 87 47 89 67
22 4
79 63 67 79 25 1 89 66 16 70 42 21 97 4 14 94 93 47 2 72 83 52
23 4
55 54 29 53 91 62 89 58 3 35 1 67 75 11 23 34 87 51 51 81 95 31 15
17 4
41 63 71 31 33 41 88 73 4 55 47 37 54 20 88 49 79
100 3
77 91 94 70 83 64 37 1 2 34 83 89 38 94 83 73 53 34 98 62 58 55 56 73 94 53 55 26 38 34 37 16 76 28 91 44 41 77 46 83 37 11 56 5 20 20 76 82 44 20 68 67 83 92 41 89 47 49 43 79 70 38 5 28 53 79 98 28 53 68 11 89 73 50 8 7 5 92 80 14 14 92 8 13 38 7 76 49 44 35 32 89 22 5 52 94 46 46 5 19
23 4
85 10 7 37 43 89 63 79 91 13 19 27 87 3 24 79 9 46 58 87 7 39 15
100 4
3 65 95 42 95 31 73 43 95 59 83 70 63 55 65 7 10 78 83 63 25 51 3 19 35 3 83 92 19 83 93 86 53 11 1 14 58 75 75 51 81 51 11 42 33 65 63 79 60 46 80 22 2 6 26 50 23 10 74 55 79 69 91 27 35 69 7 77 71 61 95 33 27 66 54 36 81 65 61 7 81 6 86 83 6 39 38 71 67 77 71 82 27 9 15 30 90 15 35 64
1 3
38
18 2
17 49 19 37 14 18 40 84 80 86 32 85 24 84 80 99 37 87
100 3
82 91 23 94 26 67 38 15 21 27 1 6 13 73 92 10 80 40 46 40 76 29 52 67 73 11 88 1 79 79 81 73 76 70 76 25 83 2 36 19 32 76 39 80 41 61 70 90 55 8 19 34 29 34 82 58 44 41 59 62 82 23 94 19 2 44 91 49 97 64 97 76 17 65 38 19 23 3 34 91 91 64 56 56 20 64 93 25 64 73 79 55 55 33 49 46 10 88 10 74
2 4
91 75
4 4
27 27 83 83
100 3
92 70 82 87 64 49 79 25 13 4 25 58 31 62 52 36 37 76 46 24 76 67 61 82 42 58 58 80 93 94 81 14 13 89 16 47 11 78 97 32 73 53 91 96 95 79 56 53 60 26 28 40 85 86 88 28 97 88 97 20 22 11 52 64 8 88 16 43 61 40 16 34 38 89 34 14 43 68 80 16 79 2 76 10 54 22 28 55 31 56 17 16 59 25 37 71 64 22 94 67
16 4
52 4 53 57 88 51 43 84 21 79 87 57 95 45 3 45
20 4
43 89 29 15 23 19 87 91 95 47 15 73 19 35 35 95 24 21 91 1
100 3
61 32 25 72 31 26 67 69 30 85 62 72 4 79 88 4 80 78 46 85 37 91 98 46 20 12 13 82 55 56 85 69 44 26 85 71 64 82 80 62 7 46 50 10 37 40 89 79 91 45 64 79 88 95 74 59 22 52 19 68 14 52 75 2 40 2 19 89 16 94 44 1 90 59 95 89 86 89 55 13 94 78 17 61 19 41 58 1 19 13 46 75 14 87 40 7 41 43 93 55
2 2
85 3
11 3
34 85 95 10 76 43 92 20 74 52 14
100 4
19 2 88 9 57 97 55 66 5 49 13 69 33 1 5 54 89 57 77 13 61 11 34 61 54 89 14 54 33 65 2 95 19 41 89 41 85 37 3 1 81 35 61 17 62 6 58 53 69 59 77 49 35 81 29 60 41 86 70 88 81 89 65 34 25 30 10 89 6 22 43 33 23 61 25 66 70 26 89 41 21 25 49 11 49 2 79 78 9 77 61 9 26 42 90 17 90 58 93 34
31 4
31 21 19 21 67 4 40 23 71 47 81 79 27 75 12 77 45 86 51 91 81 55 96 79 27 91 56 43 1 13 51
100 3
98 75 35 89 4 23 53 35 23 74 29 13 41 56 97 14 37 11 11 32 41 89 74 2 57 19 40 59 38 77 33 50 65 26 61 92 13 73 33 26 62 62 3 59 71 50 68 89 65 92 23 47 14 50 77 74 51 2 83 37 95 26 4 82 70 53 59 2 21 80 59 86 95 74 35 3 70 7 41 74 97 86 9 17 92 85 19 37 4 95 31 29 71 44 34 19 19 1 20 86
15 4
19 79 95 24 81 85 71 45 71 91 55 87 35 65 13
14 3
2 67 4 80 71 46 14 80 26 79 35 77 71 64
21 4
40 5 81 97 19 37 86 5 69 27 36 23 55 41 79 23 68 5 59 83 91
24 4
44 36 73 1 34 64 92 19 85 51 51 65 47 33 93 32 25 41 91 33 97 83 77 55
20 4
27 87 3 3 17 3 91 27 75 90 65 55 19 29 51 95 51 29 85 23
12 3
67 14 73 28 46 98 17 26 50 61 47 79
18 4
30 95 13 89 83 27 17 7 13 70 19 31 55 53 18 5 73 35
19 4
23 35 94 95 30 81 23 85 87 85 83 46 59 33 97 65 89 71 57
100 3
16 22 97 35 40 83 79 4 61 13 64 55 64 18 60 66 56 58 65 74 88 49 97 16 40 64 67 13 61 91 73 23 97 95 22 65 4 56 7 5 70 37 49 17 78 46 28 91 79 7 27 58 19 34 28 83 4 22 22 52 55 59 82 19 34 2 25 91 58 77 61 37 37 97 40 43 10 22 6 42 35 82 63 91 59 49 11 43 81 7 86 80 58 25 58 73 37 65 64 19
100 4
15 23 7 72 47 4 83 1 71 51 15 46 39 23 64 43 31 67 19 77 63 67 63 94 88 74 45 10 77 35 23 89 34 15 16 20 91 66 39 10 35 11 43 66 67 67 11 39 19 94 79 27 94 51 31 51 60 10 49 2 46 45 48 19 82 79 45 31 85 30 67 26 83 1 33 6 79 88 31 75 65 54 71 49 59 7 27 22 19 19 2 47 71 97 39 91 6 47 14 66
100 4
24 14 57 37 94 23 2 61 37 93 93 42 21 97 69 18 21 69 45 2 49 25 39 59 13 27 13 93 31 77 75 45 46 17 17 49 49 21 67 61 11 1 25 97 73 81 47 91 46 93 33 69 91 22 54 2 73 73 70 57 49 66 5 97 51 49 73 68 94 50 31 14 65 30 89 94 65 21 33 13 9 26 6 94 3 82 93 32 89 44 83 91 34 89 90 21 26 29 23 17
2 4
58 30
1 4
92
1 4
9
100 4
55 59 23 10 42 38 52 18 31 69 79 71 2 61 30 91 87 46 11 59 11 58 75 86 28 23 79 55 3 63 51 46 9 3 58 67 52 57 18 35 30 58 67 19 38 55 84 91 97 11 29 70 35 71 94 11 94 95 87 3 82 87 74 47 43 55 59 2 89 43 97 3 67 49 43 9 28 95 86 39 70 50 47 39 78 67 50 22 70 19 3 38 71 11 3 79 15 54 90 67
100 3
2 77 41 13 67 32 35 27 10 29 95 38 7 43 23 77 29 11 86 98 67 10 11 22 92 86 1 62 71 53 41 7 35 11 20 17 71 76 98 7 26 67 51 50 65 62 98 58 20 11 80 86 14 73 68 65 8 27 7 98 89 35 50 29 98 95 95 74 44 31 84 94 53 46 38 32 17 59 8 83 44 98 56 32 9 93 14 94 71 65 28 68 1 68 80 65 43 13 65 20
100 3
2 68 43 28 65 1 58 13 41 56 14 5 62 64 31 40 82 59 68 34 46 44 91 97 2 41 83 41 26 41 77 68 16 22 34 7 10 19 92 28 11 43 91 61 43 5 14 47 59 61 38 98 82 86 50 8 2 79 91 70 64 59 26 49 35 13 55 94 92 62 46 14 49 85 49 13 61 40 29 50 26 47 49 67 20 8 13 73 41 49 97 89 46 41 58 65 2 17 92 79
1 2
17
100 4
83 66 47 42 33 39 33 90 23 55 67 10 31 43 50 3 30 34 97 18 62 83 30 57 22 22 33 58 39 51 65 87 74 91 10 43 78 69 90 95 35 87 95 83 60 31 15 23 54 96 66 51 4 50 87 72 21 58 35 71 76 71 82 11 23 35 74 3 70 66 95 66 71 91 41 33 15 10 11 79 30 15 91 35 89 55 43 59 35 2 83 26 35 62 63 27 56 68 62 12
15 4
47 35 83 56 25 22 17 65 71 95 49 35 71 53 49
100 3
36 26 47 11 22 71 37 71 89 26 56 80 22 8 47 76 83 77 83 53 23 58 14 97 11 35 82 34 41 62 47 25 98 53 43 95 50 32 86 92 47 54 94 37 32 92 4 75 43 98 15 71 89 43 71 5 46 38 40 55 89 79 29 36 70 64 19 98 11 71 7 95 20 80 61 38 77 41 56 15 65 22 58 80 37 41 34 89 62 58 81 89 59 95 15 74 23 40 50 93
16 4
79 89 40 59 17 65 51 63 9 39 71 19 61 43 27 90
