100
4 3
4 5 6 4
4 2
4 5 6 4
3 3
1 1 1
18 2
78 92 50 78 79 1 3 54 42 10 74 84 47 48 1 60 39 37
100 3
4 5 33 11 5 65 56 19 49 50 72 37 10 11 71 5 23 43 41 4 23 16 38 21 68 67 54 74 29 28 39 38 70 26 31 20 10 94 1 62 2 59 31 11 46 15 61 20 73 50 40 98 92 62 83 1 2 47 26 84 65 95 83 11 37 53 95 54 53 35 35 53 29 34 67 56 64 79 80 17 1 62 47 20 39 87 83 21 17 13 38 83 34 68 35 79 76 17 25 47
100 3
83 17 55 50 15 67 25 46 49 67 52 52 22 85 90 97 67 43 25 91 43 34 41 23 56 80 91 38 10 97 59 49 40 44 58 49 95 76 40 70 35 68 14 43 82 52 88 72 56 1 71 10 97 13 4 48 82 74 15 34 67 19 70 1 5 31 93 79 46 73 21 17 74 23 68 55 41 73 94 76 18 43 42 73 29 16 31 4 64 25 13 22 47 37 49 64 31 22 31 11
100 2
34 10 86 75 22 51 79 83 52 9 29 14 2 43 84 29 58 63 88 61 63 80 26 18 5 60 1 47 81 2 63 19 60 67 44 96 53 49 32 54 9 3 14 24 45 66 26 2 27 33 9 36 88 95 45 17 21 31 47 13 28 53 53 50 50 47 48 8 42 40 24 71 87 16 26 28 72 78 3 56 74 36 43 85 21 77 66 45 12 35 39 59 98 71 76 72 32 40 65 9
100 3
31 71 23 41 71 95 85 65 80 43 8 59 82 88 49 67 38 7 38 86 35 85 47 67 50 76 26 88 11 52 43 65 10 8 40 44 47 92 97 44 91 5 43 47 46 65 65 88 89 23 31 10 55 95 31 95 35 26 77 16 19 64 85 32 80 92 7 67 31 28 2 49 34 14 58 11 79 50 59 94 43 31 37 58 47 97 56 49 82 23 62 52 29 92 94 68 49 17 40 10
100 3
47 73 25 79 91 88 88 44 42 73 14 82 29 91 70 43 56 65 76 88 97 11 51 10 91 83 4 73 73 76 82 82 22 94 59 44 7 1 53 49 76 68 82 13 35 10 15 55 7 50 85 45 70 47 70 36 22 89 36 98 32 85 49 73 97 17 4 40 55 25 1 4 82 43 64 26 85 73 94 29 37 22 22 56 97 29 37 14 13 43 92 30 28 46 56 28 62 34 19 59
100 3
36 52 32 41 86 56 19 77 50 83 41 95 20 41 44 35 50 83 20 23 74 35 32 65 65 14 38 74 72 47 56 32 2 70 11 20 50 29 59 73 22 11 41 49 80 43 47 4 14 89 58 38 32 53 95 38 25 62 65 19 84 23 96 31 23 21 92 36 31 93 45 19 14 44 8 76 2 21 2 65 20 34 17 92 44 31 75 11 44 8 88 93 86 56 47 52 38 46 97 87
100 3
17 15 96 10 73 40 22 68 46 61 20 19 48 7 88 67 7 52 35 85 22 93 38 67 41 97 4 70 40 76 58 16 14 88 10 2 37 7 7 67 46 61 8 91 28 12 59 73 1 84 82 2 58 20 68 14 17 63 19 2 46 82 41 74 47 43 52 40 5 16 62 49 56 90 88 72 50 28 74 74 56 38 43 22 67 73 55 46 64 61 83 59 52 97 71 2 56 10 46 58
100 3
23 2 80 5 38 26 86 71 59 80 81 47 35 35 32 92 17 4 49 42 61 44 25 50 32 14 94 3 44 23 47 4 32 89 59 17 22 30 2 4 38 13 16 17 54 16 53 92 74 64 82 77 41 11 89 11 14 32 31 14 8 68 71 56 41 38 4 80 6 2 65 24 44 59 95 10 92 80 77 23 59 95 47 71 18 43 32 69 10 89 74 56 31 16 83 34 90 76 15 83
100 3
57 98 69 98 19 85 85 67 21 75 44 51 11 16 20 15 61 31 17 40 52 94 37 98 2 73 44 14 37 46 37 61 56 56 58 92 25 28 37 83 16 36 22 6 68 94 10 97 41 11 51 46 39 53 82 62 10 34 83 28 49 59 81 2 90 67 50 25 34 79 79 10 34 52 50 37 82 94 88 74 92 28 94 58 31 50 28 19 52 88 2 67 32 79 11 80 5 74 88 37
100 3
87 62 50 50 32 11 93 56 8 25 35 74 85 4 91 62 16 66 97 14 11 91 40 65 69 4 20 51 77 29 28 67 44 61 23 13 41 62 43 7 72 67 71 26 77 29 19 39 56 23 16 80 64 92 15 59 29 38 32 43 5 71 20 93 44 38 65 29 86 82 77 59 80 2 3 2 53 32 44 57 53 35 64 52 13 44 38 1 82 14 9 28 80 83 79 68 5 14 67 76
20 3
74 28 34 34 43 97 98 40 76 11 31 91 55 13 67 5 4 13 34 83
100 3
1 46 62 20 91 5 72 13 29 97 16 15 89 59 9 71 62 5 55 13 27 74 80 5 94 68 83 55 88 23 95 52 35 83 1 3 12 68 26 81 88 16 32 68 23 20 62 17 74 68 8 75 38 13 8 14 41 41 77 92 59 86 80 35 86 64 44 77 71 95 92 31 14 43 65 50 47 70 68 68 58 49 89 76 94 68 77 86 38 9 89 14 55 18 50 88 95 83 74 63
100 3
44 95 76 26 44 98 94 95 68 65 43 62 62 49 68 70 44 71 23 20 92 47 46 77 47 76 86 65 59 98 64 65 97 89 41 63 34 5 98 16 1 91 53 76 61 61 93 74 32 50 56 53 14 48 50 19 47 64 35 20 89 77 77 62 44 67 41 64 71 23 2 9 20 2 2 85 11 73 56 80 12 33 92 44 20 89 67 41 10 68 38 69 86 17 62 20 59 91 81 67
100 3
23 71 68 32 77 53 77 88 95 83 29 11 20 26 40 98 15 14 88 53 41 8 71 71 32 49 1 74 47 17 53 59 25 71 24 5 88 50 20 38 13 53 95 83 50 97 14 92 8 41 2 17 5 53 83 85 92 98 88 44 62 73 43 84 31 38 41 98 36 43 20 32 36 56 83 41 23 23 28 61 83 76 89 6 56 95 65 82 39 76 26 73 68 60 16 28 32 83 44 68
100 3
37 17 83 41 17 17 85 64 22 64 40 8 90 47 95 35 14 72 98 80 22 76 23 70 71 41 16 74 47 23 1 52 58 76 56 80 12 20 35 35 92 7 5 11 67 2 84 89 31 58 2 35 41 59 33 62 86 59 74 28 27 47 49 89 65 86 14 38 88 49 65 46 5 3 24 91 88 95 93 11 20 95 76 8 53 26 91 37 47 28 80 77 28 31 53 67 68 29 89 26
22 3
85 80 69 71 53 23 14 65 85 8 47 61 47 37 62 32 9 33 34 85 65 32
100 3
14 69 76 20 23 91 61 86 62 14 26 86 56 74 62 67 2 98 25 98 58 41 3 79 38 41 7 2 14 89 50 5 44 61 39 89 34 53 8 35 86 79 41 68 38 96 59 47 83 41 77 54 47 50 79 41 47 41 16 47 65 53 85 4 3 14 17 56 37 82 19 29 46 8 65 92 86 44 47 65 23 86 74 37 80 41 22 69 78 41 80 14 71 14 69 73 2 55 85 44
100 3
29 29 86 72 1 23 59 17 14 26 41 53 27 44 14 58 46 65 37 22 87 35 59 61 76 68 32 44 54 35 83 24 28 44 2 24 54 23 94 7 50 50 13 38 82 90 53 14 17 90 54 76 23 38 13 58 5 62 44 2 2 98 1 22 93 48 83 74 96 47 19 41 98 80 89 86 59 74 92 2 26 89 59 32 98 81 70 43 41 9 56 28 26 52 83 63 26 67 89 74
100 3
28 55 70 49 98 19 55 50 62 80 68 30 53 79 82 14 81 42 67 71 70 92 83 65 58 67 94 89 88 95 61 18 76 88 50 71 35 8 25 89 89 11 95 23 1 92 5 29 47 48 83 62 44 80 77 77 65 37 32 10 15 84 50 56 26 23 61 66 85 80 29 89 28 47 20 23 4 29 48 32 45 76 98 70 94 10 29 92 80 13 32 91 47 83 12 22 95 34 23 56
100 3
71 97 17 60 4 89 89 68 58 77 35 26 89 95 35 10 1 83 59 7 39 68 54 21 67 15 8 38 83 5 96 80 73 38 61 98 92 43 23 94 31 22 21 22 43 53 73 62 17 94 34 38 40 79 98 29 62 88 15 18 30 43 59 43 28 23 53 77 17 62 43 54 35 38 17 44 65 8 48 74 77 62 62 62 67 74 17 44 11 77 10 65 25 47 2 56 11 11 16 32
100 3
93 64 25 73 31 38 79 43 4 3 47 48 8 97 17 75 16 13 64 4 94 8 19 14 4 19 86 49 43 27 39 59 71 46 71 40 19 4 89 46 31 4 96 7 34 71 82 34 6 58 1 37 91 49 74 97 4 73 24 50 28 77 20 25 77 72 98 87 79 79 79 19 86 43 25 40 4 22 35 68 61 90 16 28 39 33 61 61 48 97 4 2 10 25 88 52 56 83 40 10
2 3
98 23
2 2
23 95
100 3
19 49 49 49 9 43 67 61 22 70 59 38 70 23 78 52 19 82 14 78 23 12 50 55 16 35 85 2 68 30 60 35 18 28 28 40 46 41 86 14 10 37 97 61 97 8 92 71 70 28 43 13 96 86 53 20 8 79 72 25 28 37 19 49 78 70 68 58 28 55 16 5 59 88 71 71 29 61 85 98 76 1 73 46 77 76 67 91 82 7 53 42 40 30 59 58 30 97 91 25
14 3
30 43 22 3 74 60 35 83 89 7 98 4 52 43
1 3
26
100 3
40 19 5 71 31 73 82 37 66 38 66 23 38 76 50 73 56 65 2 47 80 8 29 58 12 76 93 31 13 14 69 24 39 71 56 41 1 2 68 92 94 61 98 12 35 26 82 1 59 10 13 26 92 59 77 25 65 50 73 14 43 2 77 59 73 12 82 77 44 7 77 28 98 65 76 27 8 92 14 40 23 59 14 38 21 2 21 45 23 56 71 26 8 47 59 53 86 8 74 74
100 3
60 31 81 63 71 5 10 73 66 38 16 4 26 73 62 6 53 29 48 38 95 89 38 11 5 80 59 74 75 39 32 5 73 1 20 18 72 27 91 13 89 22 73 53 83 79 77 23 53 8 47 77 25 81 53 68 98 44 41 68 77 48 27 7 41 50 10 68 64 48 13 68 29 14 89 62 56 94 75 41 18 78 14 14 53 65 52 65 5 95 94 26 4 29 71 21 42 70 11 56
100 3
94 98 59 38 25 83 28 95 88 79 34 39 68 67 73 7 82 76 88 40 15 82 7 82 94 58 25 41 61 87 65 40 85 55 34 82 49 46 65 83 19 67 29 17 2 88 40 7 46 25 41 95 34 7 61 12 29 93 3 83 14 7 10 88 47 67 74 52 97 85 50 13 56 45 37 82 70 50 43 29 34 40 90 38 49 97 70 10 46 32 52 82 6 67 45 41 52 93 80 40
17 3
80 16 92 29 49 7 25 73 65 26 2 65 43 10 62 47 95
100 3
27 39 16 84 41 98 82 89 82 92 85 77 3 70 70 71 72 70 50 27 62 33 88 8 93 40 35 8 63 73 57 28 33 19 49 55 2 93 19 33 86 30 51 63 41 11 70 86 30 64 49 21 96 17 29 4 24 8 88 88 65 72 45 71 26 97 38 36 49 17 8 21 16 72 81 28 10 59 19 75 1 55 73 47 17 9 59 78 50 28 69 79 87 90 94 2 69 29 62 55
1 3
75
100 3
53 97 56 29 17 25 67 13 12 98 19 15 95 33 83 41 79 63 8 22 94 97 60 31 82 21 69 93 32 91 41 61 38 58 44 76 97 12 34 97 7 63 68 89 52 41 68 47 31 35 19 2 57 73 31 2 49 31 83 49 94 73 49 73 98 9 9 59 91 12 13 46 95 77 80 47 4 55 73 17 67 39 16 49 37 22 23 53 61 83 89 85 4 33 86 49 14 76 13 25
100 3
13 34 64 50 88 73 22 29 65 79 38 19 11 52 70 13 59 22 28 28 73 40 11 1 56 56 85 79 62 86 83 38 10 70 73 34 55 13 58 23 80 14 80 80 44 4 22 55 38 50 88 98 20 94 83 71 38 59 50 86 98 40 22 76 14 50 71 64 88 40 85 67 25 85 37 43 5 8 97 35 88 25 19 82 4 74 17 35 85 11 20 10 89 34 83 40 52 58 62 77
100 3
37 97 33 46 36 97 77 70 82 26 65 31 70 62 37 70 49 37 49 98 79 94 10 49 28 1 43 46 25 30 8 49 21 55 38 97 52 61 22 64 76 46 73 64 74 90 46 13 87 25 28 46 89 52 10 61 94 64 19 19 39 82 85 22 34 31 2 64 79 52 67 19 31 11 97 94 73 85 68 58 97 39 18 24 83 77 52 27 55 37 77 52 53 34 7 85 31 20 38 84
100 3
56 33 20 11 73 82 85 17 50 47 32 59 44 39 95 41 49 26 79 34 39 79 80 83 68 54 59 77 68 35 91 32 3 79 54 95 11 28 8 11 35 23 80 80 71 20 17 59 20 59 5 61 35 22 77 10 22 2 76 62 62 57 50 82 23 42 41 76 29 70 20 83 49 80 67 27 29 33 13 19 62 41 23 60 89 48 17 74 77 34 98 89 58 92 2 4 43 76 72 14
100 3
22 25 31 83 86 70 57 34 25 64 35 61 14 70 58 20 35 73 51 7 50 25 64 53 31 70 49 76 41 91 16 51 7 91 14 28 28 20 4 76 29 96 86 97 94 67 55 31 4 35 46 87 28 46 87 7 91 46 58 34 8 11 22 76 40 45 13 38 70 28 94 77 56 50 29 34 4 97 4 96 73 35 22 94 82 38 68 10 53 32 41 82 31 1 98 45 56 4 29 25
100 3
76 35 51 10 35 83 70 62 89 50 38 50 23 82 92 86 95 61 92 75 26 98 68 80 52 53 23 86 14 28 44 14 93 62 32 65 49 12 48 65 8 1 79 55 35 46 28 98 12 77 40 29 38 17 3 80 73 35 43 7 98 53 48 62 56 70 26 41 89 45 47 40 2 38 74 47 97 68 82 68 11 20 47 18 38 77 4 38 21 46 31 66 52 56 23 73 22 92 56 92
100 3
53 10 52 34 43 61 61 11 70 21 50 40 19 41 56 7 88 22 48 64 80 94 2 34 17 79 14 46 14 98 46 3 12 74 88 10 29 40 78 49 82 51 70 43 31 19 70 59 67 38 46 46 16 4 76 43 5 40 73 83 23 88 16 20 65 95 43 31 82 10 5 3 8 29 76 3 18 38 82 84 35 40 94 88 68 41 10 44 58 63 68 94 58 13 97 47 1 67 35 79
100 3
59 44 52 32 14 74 4 3 12 43 23 65 73 74 98 77 92 4 95 59 37 14 64 44 44 80 50 85 38 52 14 27 20 7 52 11 25 72 50 62 89 20 91 38 47 8 19 71 35 42 26 34 98 26 22 49 67 86 44 98 60 56 61 26 8 95 61 67 44 38 77 71 38 95 5 31 26 75 4 37 61 83 68 89 38 77 42 65 55 32 48 74 40 95 79 17 19 68 87 71
100 3
37 61 28 43 5 57 16 37 70 34 13 46 45 92 22 79 47 54 34 47 64 76 13 8 9 40 25 74 68 29 61 40 80 68 61 88 30 36 70 5 97 67 88 46 55 55 37 79 52 1 55 91 34 35 52 76 55 66 97 19 47 82 67 13 1 32 25 71 11 64 74 42 53 7 66 76 46 91 28 55 61 16 34 65 80 85 71 76 76 43 14 19 8 3 12 31 59 91 67 46
100 3
22 29 86 4 92 77 50 41 83 5 7 47 75 88 41 26 44 64 74 25 20 6 97 13 94 53 59 44 20 14 77 44 50 82 82 23 91 3 26 58 77 60 14 46 86 47 95 35 51 41 80 29 62 83 75 29 26 29 56 12 83 14 28 71 17 32 58 25 59 64 10 42 87 22 24 32 94 95 39 5 98 22 62 23 44 92 17 11 22 86 2 80 71 37 12 56 58 59 83 46
100 3
92 86 92 10 89 68 80 83 62 45 97 84 73 10 71 91 2 40 21 10 19 44 23 46 17 35 13 80 63 70 27 76 92 4 58 91 2 75 71 65 14 69 77 92 8 41 94 76 14 67 76 77 2 59 11 88 74 98 77 55 73 85 92 16 68 77 32 31 62 78 80 38 61 43 92 91 20 46 59 62 28 11 37 8 97 47 59 77 31 50 22 73 32 15 69 68 59 53 98 86
15 3
46 29 49 74 31 65 70 50 86 11 61 29 22 4 84
14 3
35 47 22 34 32 44 23 62 58 55 97 97 98 31
100 3
4 56 56 91 83 62 7 16 65 56 8 56 62 11 14 77 66 59 15 81 35 14 38 71 92 80 68 76 4 98 89 59 75 14 48 50 47 38 63 40 40 74 39 91 41 32 89 50 26 95 27 13 98 83 74 74 50 85 53 90 14 51 44 91 11 73 29 5 20 86 32 14 38 52 38 65 64 5 83 62 1 17 94 89 38 72 34 97 59 38 62 62 30 70 46 59 52 91 21 32
1 3
58
100 3
44 55 85 52 4 88 83 98 95 7 79 94 58 56 1 86 29 39 25 40 91 94 43 36 22 6 13 20 26 43 46 82 49 13 30 51 16 38 97 88 4 37 6 70 53 85 39 39 40 83 52 79 7 77 70 55 80 46 98 11 16 76 7 10 10 82 57 91 46 78 27 22 40 37 84 4 52 13 59 94 7 76 92 91 43 23 56 53 22 64 94 11 79 73 31 66 68 61 91 22
20 3
77 80 13 58 91 76 34 43 72 37 23 2 82 70 14 70 1 64 85 80
100 3
74 49 40 31 62 1 7 47 91 89 91 90 71 91 52 36 64 94 64 84 4 82 97 71 66 96 5 52 40 12 14 74 37 19 43 58 61 65 46 59 46 90 61 83 59 97 43 37 94 9 55 29 34 65 23 61 43 10 44 52 27 32 50 97 90 98 46 97 76 26 61 78 7 22 49 35 47 25 8 68 56 61 76 47 50 40 37 58 7 98 68 59 73 14 34 92 86 66 85 85
100 3
49 47 92 88 20 7 37 74 56 83 14 97 89 26 49 67 22 74 23 44 80 35 26 2 19 28 49 86 42 47 86 20 16 50 59 19 26 98 23 29 67 47 67 38 55 7 20 56 85 86 74 21 47 5 34 2 41 95 96 70 26 8 67 7 58 74 14 94 19 46 68 51 49 45 59 17 41 38 89 13 44 80 4 76 4 41 5 20 40 23 1 59 53 25 44 46 98 97 22 2
100 3
55 8 35 94 80 8 11 21 19 88 31 55 82 1 67 4 86 26 11 53 64 70 56 37 34 10 43 25 44 34 72 40 1 64 44 91 18 85 91 91 2 29 63 91 14 61 61 79 31 49 64 74 26 26 19 58 68 97 81 47 14 91 88 25 55 40 31 22 29 37 50 4 55 7 70 62 41 38 10 67 32 28 35 32 28 64 98 38 79 64 4 88 97 2 31 76 94 25 37 37
100 3
8 60 41 91 35 70 94 59 80 43 38 23 84 22 97 17 85 17 91 61 14 16 22 26 9 16 31 7 7 72 2 17 14 49 25 89 15 88 38 94 64 90 83 73 76 8 33 28 35 16 98 7 61 73 1 1 2 25 38 16 10 7 6 65 91 39 82 37 20 91 67 16 97 79 23 94 58 61 91 33 80 10 70 42 13 16 81 66 13 53 28 34 1 44 68 41 30 82 56 73
100 3
82 10 17 41 82 5 35 31 74 94 94 5 20 51 29 51 17 89 71 98 8 8 20 17 74 44 5 83 92 37 82 26 71 38 2 50 47 77 70 77 73 89 29 79 66 32 58 64 88 88 95 23 41 50 3 55 85 56 17 27 72 14 95 14 35 80 92 2 91 11 42 44 62 10 32 19 17 73 88 86 12 50 5 4 92 93 68 73 68 91 81 22 40 92 37 25 6 37 32 98
100 3
37 92 17 41 50 22 67 31 50 23 26 81 43 85 59 8 55 47 46 70 80 14 65 8 26 65 90 39 17 18 83 42 70 98 50 6 87 29 26 38 92 65 2 77 98 2 1 92 46 29 95 95 56 48 9 94 55 32 45 68 14 29 30 8 89 32 38 50 71 95 23 44 24 71 30 20 89 50 58 76 92 17 38 68 23 50 59 70 2 95 18 90 82 58 59 46 20 55 71 89
100 3
28 96 46 13 23 25 10 70 88 96 31 35 25 7 39 19 97 37 7 95 85 26 7 19 37 5 98 49 94 88 4 37 76 25 61 39 1 34 22 82 35 4 10 74 13 53 74 85 13 28 54 1 29 94 23 16 1 49 25 67 16 10 64 74 28 46 20 48 17 16 4 67 82 4 4 34 88 40 95 37 1 16 85 62 26 85 68 86 25 52 74 11 28 81 88 16 71 4 72 13
100 3
4 14 97 76 39 43 56 92 85 73 8 35 55 12 83 73 7 97 35 2 68 4 25 70 34 49 17 22 13 34 1 49 75 76 67 49 83 90 19 38 49 85 38 4 62 39 59 64 44 94 3 84 10 70 53 28 17 7 92 2 94 31 94 65 18 19 45 79 19 84 28 29 94 34 54 4 72 25 29 34 76 26 53 34 71 97 29 20 35 94 67 73 61 16 98 91 23 70 22 82
100 3
67 35 10 8 1 29 14 37 30 79 89 65 31 53 44 88 40 77 83 80 50 11 52 20 71 67 67 25 26 38 23 89 34 2 32 98 14 74 46 62 31 61 88 17 67 80 32 87 53 53 46 15 44 14 74 94 85 72 16 60 11 56 17 2 16 49 5 2 14 5 71 24 11 86 29 23 74 34 44 64 37 55 20 10 18 86 20 41 32 11 40 26 74 50 62 51 35 21 11 41
100 3
58 7 20 62 91 11 91 42 55 19 26 56 20 39 31 52 20 21 65 70 63 84 49 25 10 34 46 49 40 82 90 79 10 23 7 31 65 85 94 7 34 46 32 19 47 52 40 83 32 65 52 25 20 46 41 92 56 91 1 63 64 58 70 46 8 47 67 1 43 91 32 38 85 28 85 83 73 76 97 97 43 80 46 49 76 85 50 40 20 13 19 82 31 1 14 80 52 38 1 58
100 3
26 9 7 25 49 39 6 19 91 6 77 73 16 17 28 5 1 7 13 73 17 46 13 46 59 79 22 76 82 37 70 46 10 88 55 43 13 83 38 89 61 11 10 73 89 81 60 5 13 10 5 61 2 70 11 47 37 93 10 78 4 58 94 70 54 88 43 22 82 53 13 22 45 62 82 91 28 19 5 22 86 72 28 85 78 47 8 59 91 4 53 88 44 4 67 50 85 50 34 92
14 3
77 74 5 85 33 94 95 59 55 67 41 46 34 28
100 3
88 8 88 17 77 13 89 81 76 94 73 80 22 55 19 67 13 31 25 46 23 94 41 30 26 22 43 16 15 46 23 1 56 31 48 10 13 14 62 70 4 73 26 96 25 14 40 12 1 79 4 47 64 83 8 28 26 72 43 95 70 21 76 82 13 28 2 82 58 14 94 28 67 59 44 60 77 64 76 77 55 7 31 47 67 85 65 40 7 16 32 25 68 34 14 29 18 20 19 40
100 3
29 43 47 27 13 22 2 92 59 83 2 21 94 37 43 35 43 80 10 47 44 44 38 92 11 95 68 33 59 50 2 90 68 71 76 59 91 22 45 88 44 29 98 6 36 80 59 84 11 48 79 69 58 54 35 78 88 77 95 76 10 67 92 29 29 16 98 56 80 3 78 92 35 13 12 34 35 58 56 73 56 73 49 46 44 86 89 11 58 56 29 14 68 76 77 64 38 58 83 17
100 3
74 16 62 64 26 29 12 4 53 85 6 28 88 58 89 81 89 57 86 20 49 24 19 95 56 16 87 78 49 23 73 23 29 53 91 23 74 79 14 71 88 66 41 91 5 65 34 23 23 97 38 43 23 47 11 64 19 47 11 73 74 42 38 89 18 92 53 79 86 65 76 41 78 80 88 94 18 11 70 53 44 2 40 8 93 86 40 17 32 78 32 20 32 44 49 53 98 47 40 9
1 2
96
100 3
27 38 56 88 2 18 75 95 88 38 7 68 17 83 79 86 2 95 96 65 63 63 19 85 68 41 74 83 25 10 11 32 94 66 89 53 80 19 23 91 53 18 25 21 61 2 98 10 8 25 23 91 3 2 74 15 4 92 95 13 44 62 80 34 34 16 52 28 52 65 95 65 44 94 7 45 93 49 44 98 68 80 35 55 47 20 90 89 40 89 85 47 9 44 98 19 94 62 61 43
100 3
95 79 62 47 50 94 30 68 19 26 98 25 33 26 39 34 38 11 58 74 71 82 83 98 57 44 14 66 16 34 54 17 16 56 55 43 83 14 85 28 98 73 38 29 38 49 25 84 8 38 83 25 95 85 62 63 22 35 7 85 35 94 95 8 80 59 77 5 19 60 89 41 82 14 28 53 74 47 92 20 44 35 47 50 5 50 44 80 4 85 2 23 88 76 58 61 98 82 58 2
100 3
96 88 87 92 93 26 98 17 13 38 14 27 41 44 92 14 46 8 70 65 40 7 42 47 47 55 52 74 8 97 74 35 23 26 70 31 54 73 89 88 12 76 96 59 98 28 61 36 4 50 92 17 92 72 86 35 73 2 70 77 20 32 41 26 40 53 53 24 73 48 6 98 92 28 5 16 49 11 23 77 68 47 62 62 85 53 82 17 58 47 23 11 74 16 64 71 73 68 50 23
100 3
5 22 26 43 74 61 58 97 88 40 26 55 59 43 10 50 64 67 70 87 92 40 31 94 88 91 13 13 73 12 97 13 88 43 37 58 1 95 86 29 82 52 38 59 88 64 86 38 80 19 97 36 51 73 32 35 34 67 67 40 1 29 64 44 31 22 98 47 5 10 11 53 25 91 79 1 10 26 70 70 89 40 64 1 31 37 14 2 83 13 89 31 25 8 85 67 74 4 29 73
100 3
61 11 25 32 55 7 40 10 94 67 79 7 88 13 73 26 36 13 85 52 28 91 4 52 28 31 40 67 4 28 71 31 63 71 51 34 77 79 31 1 68 91 82 19 97 56 87 77 61 19 74 28 97 28 49 71 97 25 94 1 65 37 55 64 76 97 97 67 31 56 1 65 46 37 11 52 61 89 31 85 83 60 88 47 16 43 2 7 90 82 11 55 88 28 16 69 57 84 46 97
100 3
1 46 58 47 56 47 43 7 89 8 47 13 82 58 58 82 94 36 47 70 22 55 46 76 93 37 43 70 3 95 43 63 24 43 62 25 28 75 42 63 1 17 55 48 19 22 28 11 49 8 73 32 95 14 94 58 92 42 28 78 37 85 21 13 14 1 67 91 56 45 61 60 22 38 62 36 70 79 47 95 17 92 69 31 31 5 16 89 61 20 65 30 28 88 79 17 7 86 38 58
100 3
50 70 22 52 64 71 44 1 92 52 31 46 87 26 32 2 97 58 37 10 85 43 9 55 55 34 97 56 38 28 85 16 74 97 28 1 74 5 91 13 24 94 38 22 49 95 31 43 22 97 82 16 14 90 82 26 40 37 38 79 1 65 92 13 60 27 52 42 16 91 58 50 4 23 91 10 95 72 61 25 73 44 11 73 20 40 41 67 31 13 37 31 79 31 44 20 88 61 60 40
17 2
57 56 62 92 69 7 42 59 60 2 58 81 20 99 62 60 28
13 3
40 61 2 41 10 23 23 79 98 91 35 79 38
100 3
26 86 50 8 5 4 2 53 74 76 95 59 37 18 23 34 4 94 28 2 22 10 98 46 35 93 23 14 79 20 34 29 17 85 89 59 87 92 88 89 86 13 16 59 92 35 59 28 38 37 83 11 4 2 26 89 20 85 55 58 42 64 1 47 58 98 53 71 74 95 7 50 32 37 41 13 11 59 61 29 36 23 22 70 32 74 14 4 94 4 66 62 67 26 62 71 39 10 91 94
100 3
3 25 95 59 44 74 30 52 16 1 37 88 71 61 55 4 34 54 1 71 1 14 46 70 38 47 8 46 19 80 26 83 95 64 61 49 73 40 34 7 32 37 22 39 37 86 22 91 88 9 55 67 4 92 10 6 93 47 78 31 61 26 18 14 62 28 76 88 23 62 95 71 16 3 45 92 22 37 10 67 22 66 46 79 58 41 19 41 49 2 44 97 21 20 4 12 15 56 65 15
17 3
82 76 37 29 80 85 86 37 57 50 19 71 10 37 55 4 94
100 3
95 91 16 28 26 71 22 94 53 93 76 34 90 28 76 31 86 49 61 4 4 52 32 70 44 19 11 55 61 20 85 58 95 73 26 62 22 97 59 41 68 49 62 52 13 89 19 97 70 80 10 49 27 31 14 91 12 82 22 4 1 43 94 81 47 8 67 59 59 10 71 12 31 53 49 28 49 25 4 19 32 40 23 44 73 6 88 20 61 55 43 7 73 73 62 59 96 23 82 97
1 2
47
100 3
46 67 61 62 73 29 84 40 77 61 82 20 70 85 53 2 7 25 75 19 94 2 52 74 31 40 79 7 74 28 67 46 1 38 58 4 38 86 31 27 76 90 19 81 48 35 4 47 64 24 13 65 31 92 19 26 73 53 90 40 47 65 82 76 32 37 64 94 79 81 40 82 58 34 31 70 43 55 97 92 55 24 43 47 1 79 71 4 29 38 7 71 32 94 4 86 31 88 16 80
100 3
47 59 61 4 47 26 1 84 4 11 38 98 26 2 38 86 32 58 38 38 55 47 56 40 44 83 89 32 98 45 83 36 59 56 35 31 74 4 52 38 95 58 8 35 56 21 67 74 20 53 88 53 50 47 62 23 26 89 90 55 65 20 50 28 14 14 92 80 58 40 21 67 51 29 86 86 66 25 18 83 68 5 29 71 2 54 50 62 1 58 17 30 5 44 2 75 45 79 64 6
100 3
31 80 5 10 91 11 58 54 35 95 85 35 5 35 74 91 94 20 97 61 76 8 79 83 17 47 12 95 98 86 28 68 91 68 14 26 37 52 32 86 17 95 20 59 47 36 53 73 57 71 50 32 44 71 80 39 65 7 26 98 94 21 47 59 61 59 40 59 77 35 41 34 65 55 20 7 97 61 73 68 6 56 62 30 97 80 76 35 34 89 68 97 76 46 61 27 96 43 63 9
3 3
98 38 83
100 3
97 25 12 65 78 80 82 52 29 1 29 25 97 64 4 49 70 25 56 29 73 19 34 28 67 1 68 97 19 74 91 70 65 1 14 94 49 88 76 26 82 10 34 70 55 55 46 53 72 1 2 64 16 82 91 64 11 7 95 7 26 58 13 14 47 13 62 45 52 80 64 22 77 55 49 93 38 28 25 10 58 15 7 86 84 97 61 95 22 85 68 42 67 46 16 42 70 7 17 23
100 3
77 29 92 98 98 71 5 98 44 70 7 68 93 98 86 55 35 92 71 17 71 2 20 61 62 26 76 61 60 29 35 23 59 32 80 12 32 22 20 89 11 53 23 74 86 65 59 67 55 5 98 32 44 88 55 73 88 8 14 97 20 7 80 44 77 94 18 91 8 97 31 91 38 80 8 44 98 74 17 83 74 32 84 97 77 20 36 20 53 79 77 2 3 39 97 53 23 83 41 82
100 3
28 83 74 38 17 68 61 85 71 48 14 47 8 45 46 34 39 97 71 89 11 6 11 98 62 68 2 20 38 70 47 64 74 51 91 30 68 96 26 85 43 72 62 50 71 94 53 40 35 21 65 68 5 5 44 20 79 53 71 62 11 11 10 23 17 80 95 50 56 30 71 35 59 29 92 49 23 12 55 55 96 61 8 1 77 68 57 63 11 89 48 44 41 5 91 92 5 59 55 6
100 3
51 20 25 50 70 93 78 77 68 38 98 92 56 46 44 91 26 22 47 77 98 82 25 74 19 67 73 50 10 26 53 23 63 18 86 88 37 27 38 5 46 71 49 13 86 38 97 90 55 2 53 40 80 38 92 44 67 17 23 13 41 4 80 97 23 23 83 11 41 1 74 86 2 62 14 38 86 20 2 47 61 59 32 39 41 17 14 17 77 29 44 29 35 35 5 37 55 89 86 15
100 3
98 91 89 61 59 63 50 16 5 4 74 38 26 48 71 11 64 76 58 98 44 71 56 56 90 80 80 56 10 67 50 74 20 89 29 48 56 56 59 40 59 71 20 59 20 44 17 1 8 65 4 78 68 29 2 97 79 62 22 8 83 38 42 29 29 89 83 73 2 42 40 4 10 32 80 85 68 56 54 26 92 51 5 77 77 11 78 62 23 62 88 8 41 50 52 53 77 74 65 5
2 3
43 52
19 3
32 67 26 68 26 80 75 67 55 62 1 92 31 55 91 6 70 98 12
100 3
86 13 68 51 80 49 14 49 89 47 35 8 59 82 98 63 17 5 77 33 5 47 75 23 22 23 91 96 58 4 17 26 62 47 47 47 50 29 40 65 71 38 64 46 41 5 69 41 48 38 39 3 2 89 23 62 92 68 83 95 95 92 80 77 65 88 26 98 20 88 38 2 89 75 38 16 89 49 77 19 59 37 89 43 50 97 22 50 89 11 98 70 14 4 62 77 17 37 10 7
21 3
82 98 2 43 76 47 46 51 5 58 49 67 82 82 76 64 42 94 22 23 70
100 3
65 50 36 18 71 65 20 57 69 77 98 34 41 1 46 11 89 38 7 48 27 21 50 41 56 76 46 70 79 47 20 17 55 58 36 12 51 17 82 17 47 79 71 62 56 8 23 18 80 31 77 65 47 17 82 73 51 20 80 73 92 68 31 79 50 11 53 8 14 62 5 44 11 44 33 2 52 71 7 49 26 82 17 97 49 4 93 98 40 14 4 6 14 30 92 97 59 37 77 83
100 3
74 56 22 88 72 52 14 59 98 91 37 34 35 53 93 85 77 53 29 85 13 81 32 19 11 20 98 52 68 41 80 8 52 71 73 49 71 68 80 92 94 86 86 28 80 32 27 46 61 35 14 83 2 29 17 38 26 4 66 89 51 59 97 98 95 49 68 64 29 62 68 83 59 89 14 47 5 76 67 20 62 61 64 32 97 22 14 79 7 17 68 1 28 12 31 79 98 22 52 83
100 3
98 47 86 62 92 74 20 80 80 7 62 89 83 65 49 44 38 71 52 71 5 41 71 89 74 82 44 83 52 26 61 26 91 85 7 50 67 44 47 88 70 32 38 41 50 68 38 38 47 98 86 49 47 64 83 71 44 11 63 62 89 8 71 20 2 44 47 44 86 53 35 94 2 17 11 30 31 26 44 50 73 14 80 91 32 67 86 50 41 62 8 31 37 63 86 47 26 59 98 52
100 3
91 34 97 68 1 19 88 37 98 46 91 61 4 74 55 88 29 86 61 23 1 77 16 13 19 7 25 64 22 29 28 29 61 12 89 4 13 48 22 49 68 91 26 16 1 74 16 37 46 37 79 50 82 35 52 34 76 16 8 85 68 1 91 88 10 90 97 40 61 25 40 71 75 22 10 26 77 97 22 8 91 58 16 80 49 19 43 44 82 26 89 76 71 85 25 11 61 32 13 46
