100
5
1 2 3 4 5
3
3 5 6
2
5 6
2
5 5
15
727927 511804 630237 847780 969137 943608 788668 862582 321453 801227 331907 36907 609661 71198 863772
15
919168 704047 416361 536639 786583 461141 359131 854904 108534 947520 726936 984290 979413 118618 938893
4
502257 706686 17745 861406
15
95346 189424 853864 647589 357026 345015 313230 103767 908597 422885 582322 178801 306625 661585 872704
9
699622 430287 723692 372588 726703 716921 623424 991387 384164
11
592974 327670 241769 205061 241215 170977 525198 466428 493213 204904 520077
3
155017 285609 394784
2
81116 375450
8
815272 516149 156555 727659 951092 970107 653117 741391
3
26098 632423 936333
3
8168 4169 4001
7
7245 1603 8011 3544 8865 6492 13152
3
2862 4954 6260
14
4120 7807 8306 7309 3614 1794 8084 3865 1901 3687 2584 8616 2162 449
14
8951 1349 5151 1087 9237 4730 1691 3251 8820 5889 2779 7897 1082 11928
8
5408 833 5364 5838 3564 3300 643 6096
9
5743 4768 8769 6284 6767 3601 9892 261 8322
15
3750 3950 6882 2555 769 659 9016 1695 7633 6375 6409 950 5186 7353 5037
12
7562 6005 2538 6075 8266 4478 2558 7126 3990 3064 8466 4814
8
9331 8445 5495 5585 4901 5458 1530 1957
3
1812 8942 1328
15
9331 9637 1131 9097 2234 1891 8233 517 4429 2811 8838 2661 5283 6175 13352
5
3018 2206 7607 4076 4367
6
1371 8283 928 754 7788 14910
3
1239 5893 5074
4
4898 1384 4151 1661
5
2297 4768 8152 4503 4294
5
8374 2217 920 5614 9073
6
4056 1758 263 4229 6940 7680
15
7181 3645 6536 1230 8573 690 6724 2499 4262 2270 6218 9598 1225 8132 383
5
3046 961 663 6357 4709
3
8576 8001 16065
15
4750 3879 7095 1452 7824 1890 5003 6060 1294 1614 1567 5960 8205 5478 1831
12
6684 27 6302 5293 4966 6769 4969 928 4102 4738 7462 4168
7
7626 2993 69 5821 7880 8605 16342
14
5509 4066 42 9677 1024 150 4997 9192 5201 1778 5031 1101 6224 5730
15
7176 4492 4182 3210 9546 6333 1966 2619 8356 9214 4609 8533 7832 5751 6619
10
9356 4913 456 1711 673 9675 1774 8499 7108 11177
5
108 7409 5174 4314 6257
14
9055 4259 708 3946 3182 9068 5927 5273 7208 1422 7827 6160 5788 6999
10
9129 5819 9883 5790 9534 7773 594 4586 3184 8636
2
9874 7733
6
3347 564 5605 2280 44 4614
3
83 5774 5853
2
6480 7167
10
8008 1304 9944 3043 6477 3053 4387 2974 1687 14817
13
5370 8 3821 5835 715 2180 8217 8388 790 2703 3625 9680 9254
9
7360 2623 2236 8750 315 1857 4680 3288 2474
12
1792 4160 8621 5901 1013 3474 8482 8403 9028 1666 9329 12225
6
2953 6545 9829 1828 4225 5656
9
687 4342 1987 7261 3302 6677 5324 9255 12255
13
7962 1727 1851 1182 2663 1752 1543 8081 7844 6442 9318 6194 13555
9
1634 489 6497 3488 6341 2488 945 580 962
6
5721 7072 5394 2976 2480 6907
11
4127 1775 9378 4782 1326 8307 7845 9231 2818 961 14280
8
8675 1985 6198 2882 8874 9039 4035 15216
15
9139 3887 2654 6130 4605 8265 1133 9485 8040 6071 189 373 3344 5631 12316
6
7269 9367 295 8974 1699 7288
7
9389 7170 6632 476 6113 870 13340
5
3186 3720 8386 4762 12450
7
3052 3015 4490 340 5995 4367 1806
3
9325 1894 8971
2
7995 4175
6
5204 159 5169 9478 441 9285
8
7361 5472 9174 5334 5489 7983 476 13603
2
7527 3234
8
9668 9438 661 3577 1062 8526 6684 12546
13
7884 8036 8684 1089 1425 664 5283 7970 3477 5251 5352 8846 2045
7
8425 5460 2960 5347 6210 8401 873
3
6791 5351 3680
7
9513 3216 1423 7333 5326 3078 10331
8
6049 4335 7613 985 6333 928 9031 8560
8
3049 1142 4722 2223 2098 9766 3322 14252
9
1480 8311 8289 4129 7733 5082 2370 2755 7057
5
9148 3237 7794 262 8556
4
5665 4786 5900 5023
11
4369 779 4316 3714 3028 5043 5415 8750 1855 37 9264
11
3944 4757 7645 1055 3068 1586 8933 989 2365 2289 10501
3
6002 9687 12965
3
5376 2459 7323
3
3302 7142 5888
7
1441 6298 2960 1969 5036 6790 5373
14
2865 8719 7520 4985 2106 4306 8995 3077 6935 8184 468 9293 9750 6379
4
1118 9487 2390 3522
14
3110 950 5886 7440 4848 5492 5744 903 1780 8047 9028 2140 7061 16155
4
5900 4574 7732 6374
10
9128 5804 1239 1555 4920 5501 5232 7711 2988 12358
4
4015 8632 2570 8529
4
2599 141 8283 10993
7
1733 6755 9047 6 6117 9162 2763
5
3866 7786 6210 8640 10482
3
1642 3329 2923
13
8051 3241 8691 7464 476 7549 8491 6670 156 4696 1316 2802 5527
14
8727 3694 7002 934 1113 1008 8789 5632 4195 7893 4669 1915 1701 6700
14
1057 1563 8684 5559 2478 505 2106 7242 8392 6622 1683 9534 3826 15887
5
5200 9697 2043 5692 8310
