99
2
2 1
3
1 3 2
4
2 1 4 3
4
1 2 3 4
4
1 2 4 3
4
1 3 2 4
4
1 3 4 2
4
1 4 2 3
4
1 4 3 2
4
2 1 3 4
4
2 1 4 3
4
2 3 1 4
4
2 3 4 1
4
2 4 1 3
4
2 4 3 1
4
3 1 2 4
4
3 1 4 2
4
3 2 1 4
4
3 2 4 1
4
3 4 1 2
4
3 4 2 1
4
4 1 2 3
4
4 1 3 2
4
4 2 1 3
4
4 2 3 1
4
4 3 1 2
4
4 3 2 1
1
1
22
1 2 3 7 5 6 9 8 14 4 11 12 13 10 15 17 16 18 19 20 21 22
42
4 2 3 17 5 6 7 8 9 10 13 12 11 14 15 16 1 18 19 20 21 22 23 24 25 26 27 28 29 30 31 32 33 34 35 36 37 38 39 40 41 42
3
1 2 3
6
4 3 2 5 1 6
15
5 11 3 4 8 6 7 2 9 1 10 12 13 14 15
21
1 2 3 4 5 6 20 8 14 10 11 12 13 9 15 16 17 18 7 19 21
30
1 9 3 4 5 6 7 8 2 10 11 12 13 14 15 16 17 18 19 20 21 22 23 24 25 26 27 28 29 30
1000
1 2 3 4 5 6 7 8 9 10 11 12 13 14 15 16 17 18 19 20 21 22 23 24 25 26 27 28 29 30 31 32 33 34 35 36 37 38 39 40 41 42 43 44 45 46 47 48 49 50 51 52 53 54 55 56 57 58 59 60 61 62 63 64 65 66 67 68 69 70 71 72 73 74 75 76 77 78 79 80 81 82 83 84 85 86 87 88 89 90 91 92 93 94 95 96 97 98 99 100 101 102 103 104 105 106 107 108 109 110 111 112 113 114 115 116 117 118 119 120 121 122 123 124 125 126 127 128 129 130 131 132 133 134 135 136 137 138 139 140 141 142 143 144 145 146 147 148 149 150 151 152 153 154 155 156 157 158 159 160 161 162 163 164 165 166 167 168 169 170 171 172 173 174 175 176 177 178 179 180 181 182 183 184 185 186 187 188 189 190 191 192 193 194 195 196 197 198 199 200 201 202 203 204 205 206 207 208 209 210 211 212 213 214 215 216 217 218 219 220 221 222 223 224 225 226 227 228 229 230 231 232 233 234 235 236 237 238 239 240 241 242 243 244 245 246 247 248 249 250 251 252 253 254 255 256 257 258 259 260 261 262 263 264 265 266 267 268 269 270 271 272 273 274 275 276 277 278 279 280 281 282 283 284 285 286 287 288 289 290 291 292 293 294 295 296 297 298 299 300 301 302 303 304 305 306 307 308 309 310 311 312 313 314 315 316 317 318 319 320 321 322 323 324 325 326 327 328 329 330 331 332 333 334 335 336 337 338 339 340 341 342 343 344 345 346 347 348 349 350 351 352 353 354 355 356 357 358 359 360 361 362 363 364 365 366 367 368 369 370 371 372 373 374 375 376 377 378 379 380 381 382 383 384 385 386 387 388 389 390 391 392 393 394 395 396 397 398 399 400 401 402 403 404 405 406 407 408 409 410 411 412 413 414 415 416 417 418 419 420 421 422 423 424 425 426 427 428 429 430 431 432 433 434 435 436 437 438 439 440 441 442 443 444 445 446 447 448 449 450 451 452 453 454 455 456 457 458 459 460 461 462 463 464 465 466 467 468 469 470 471 472 473 474 475 476 477 478 479 480 481 482 483 484 485 486 487 488 489 490 491 492 493 494 495 496 497 498 499 500 501 502 503 504 505 506 507 508 509 510 511 512 513 514 515 516 517 518 519 520 521 522 523 524 525 526 527 528 529 530 531 532 533 534 535 536 537 538 539 540 541 542 543 544 545 546 547 548 549 550 551 552 553 554 555 556 557 558 559 560 561 562 563 564 565 566 567 568 569 570 571 572 573 574 575 576 577 578 579 580 581 582 583 584 585 586 587 588 589 590 591 592 593 594 595 596 597 598 599 600 601 602 603 604 605 606 607 608 609 610 611 612 613 614 615 616 617 618 619 620 621 622 623 624 625 626 627 628 629 630 631 632 633 634 635 636 637 638 639 640 641 642 643 644 645 646 647 648 649 650 651 652 653 654 655 656 657 658 659 660 661 662 663 664 665 666 667 668 669 670 671 672 673 674 675 676 677 678 679 680 681 682 683 684 685 686 687 688 689 690 691 692 693 694 695 696 697 698 699 700 701 702 703 704 705 706 707 708 709 710 711 712 713 714 715 716 717 718 719 720 721 722 723 724 725 726 727 728 729 730 731 732 733 734 735 736 737 738 739 740 741 742 743 744 745 746 747 748 749 750 751 752 753 754 755 756 757 758 759 760 761 762 763 764 765 766 767 768 769 770 771 772 773 774 775 776 777 778 779 780 781 782 783 784 785 786 787 788 789 790 791 792 793 794 795 796 797 798 799 800 801 802 803 804 805 806 807 808 809 810 811 812 813 814 815 816 817 818 819 820 821 822 823 824 825 826 827 828 829 830 831 832 833 834 835 836 837 838 839 840 841 842 843 844 845 846 847 848 849 850 851 852 853 854 855 856 857 858 859 860 861 862 863 864 865 866 867 868 869 870 871 872 873 874 875 876 877 878 879 880 881 882 883 884 885 886 887 888 889 890 891 892 893 894 895 896 897 898 899 900 901 902 903 904 905 906 907 908 909 910 911 912 913 914 915 916 917 918 919 920 921 922 923 924 925 926 927 928 929 930 931 932 933 934 935 936 937 938 939 940 941 942 943 944 945 946 947 948 949 950 951 952 953 954 955 956 957 958 959 960 961 962 963 964 965 966 967 968 969 970 971 972 973 974 975 976 977 978 979 980 981 982 983 984 985 986 987 988 989 990 991 992 993 994 995 996 997 998 999 1000
2
1 2
1000
486 424 52 60 42 860 439 222 687 430 627 926 787 579 542 557 252 992 898 796 608 622 777 974 603 490 334 53 506 780 10 733 704 651 475 493 749 1000 231 144 260 561 190 964 95 543 297 825 229 726 742 84 147 64 955 811 512 228 150 547 915 375 308 716 634 313 158 910 691 931 134 649 58 747 485 989 554 72 948 884 140 925 613 826 400 600 459 56 663 877 121 155 699 36 141 343 686 373 384 929 270 246 808 109 265 695 353 279 245 380 520 185 588 366 369 597 454 882 402 280 743 764 413 253 234 263 494 718 323 942 387 930 657 734 119 433 462 283 330 916 559 248 867 438 157 562 889 933 275 828 737 66 832 202 714 906 791 773 43 719 399 814 652 880 301 227 390 26 996 586 995 857 934 707 78 844 107 504 810 938 985 355 420 186 230 775 722 578 360 483 843 99 587 958 689 840 261 33 191 91 125 267 172 990 90 721 156 510 635 349 28 70 21 628 782 106 449 299 115 969 515 772 49 405 198 789 295 866 345 594 465 528 570 692 702 357 213 239 569 596 100 189 620 878 481 48 527 994 871 774 803 567 111 975 616 517 945 192 266 476 671 853 307 555 128 195 205 900 24 393 751 105 534 377 197 525 859 356 577 661 435 354 392 830 242 421 646 79 93 101 428 501 179 124 548 709 760 745 653 123 298 41 306 474 224 793 59 273 911 875 442 120 374 533 117 679 694 521 386 139 412 337 862 204 865 167 922 406 237 535 785 67 642 97 827 281 647 846 817 973 769 201 258 572 17 176 73 781 901 470 940 168 62 598 801 209 993 450 673 546 919 325 206 950 849 342 344 879 126 432 9 607 816 981 767 746 890 708 674 251 752 727 903 335 593 359 240 12 311 798 282 447 962 371 364 723 11 4 571 545 171 290 19 609 333 574 436 939 163 294 584 488 415 446 565 701 135 794 487 784 592 928 332 460 138 823 103 317 531 94 127 346 423 247 640 382 684 217 272 457 621 669 553 563 759 472 783 418 580 688 137 50 426 370 590 458 2 800 626 961 842 492 913 544 831 63 665 296 310 615 499 478 564 39 160 495 604 612 624 322 618 304 728 991 937 815 526 287 110 705 776 813 302 617 850 539 886 623 822 23 339 730 715 732 358 888 959 75 552 376 902 779 895 984 583 697 644 918 582 328 256 516 408 85 541 970 51 6 629 74 941 316 469 619 976 338 350 214 145 193 532 394 98 650 909 770 76 233 153 404 320 235 455 146 795 182 848 606 165 215 194 61 899 331 735 568 164 473 763 210 833 166 31 312 389 102 262 417 30 924 86 947 522 203 771 154 293 142 46 739 243 22 873 703 16 453 29 744 790 212 340 187 935 987 223 523 524 133 982 968 219 514 538 259 398 329 250 407 57 655 724 872 874 225 104 829 381 720 96 530 463 208 196 54 443 496 643 507 131 762 241 936 852 864 845 130 713 278 668 978 151 885 277 954 819 797 175 558 758 549 502 327 15 856 677 1 8 3 904 236 537 736 184 786 998 951 591 200 519 170 602 114 685 847 666 468 81 630 451 700 7 379 511 118 614 363 681 378 999 868 292 645 664 917 122 551 818 766 321 711 347 869 257 654 315 177 611 367 89 395 920 698 180 264 68 633 269 422 946 505 887 631 411 452 409 837 912 467 804 908 748 683 274 858 821 80 757 953 754 834 159 670 37 303 632 341 927 218 997 92 497 324 883 896 55 957 416 979 207 427 581 601 658 807 178 799 284 540 605 82 659 503 508 595 870 249 637 861 550 717 824 314 741 625 391 32 956 589 750 972 610 480 952 38 662 113 712 300 914 136 152 963 162 226 448 383 836 169 286 441 500 65 966 365 362 319 5 672 77 401 489 388 949 425 980 893 529 944 108 456 725 368 71 641 738 479 255 276 149 464 536 232 820 271 181 731 755 599 648 639 838 161 466 729 351 932 471 768 88 291 14 336 361 220 513 891 116 188 491 397 876 575 802 268 35 216 566 83 678 396 289 753 45 482 348 20 788 667 921 437 326 792 372 696 897 761 518 839 835 638 40 690 385 576 892 13 841 967 309 977 943 854 285 238 923 740 112 855 429 971 69 419 809 636 445 183 410 907 509 244 680 965 34 431 805 693 560 484 988 47 894 656 221 129 305 706 211 676 986 778 477 881 960 132 851 318 863 812 143 254 675 27 25 403 440 556 765 352 585 710 434 498 806 87 199 660 905 444 983 461 414 756 44 288 682 573 148 18 173 174
999
548 739 657 449 129 188 187 877 883 928 801 273 686 948 732 771 769 287 509 407 712 536 892 882 125 353 219 264 249 675 667 480 862 664 357 430 953 445 291 497 463 755 393 930 737 691 487 978 277 421 904 439 62 101 414 967 172 402 676 473 212 973 826 866 22 192 100 261 580 144 768 265 15 279 505 767 105 745 102 367 599 378 502 431 297 553 549 635 218 532 828 644 885 972 860 668 390 991 69 11 295 238 316 288 174 464 731 865 551 13 624 693 447 143 926 508 126 65 633 135 327 366 300 641 608 902 157 983 530 32 493 313 733 597 640 372 648 253 920 744 462 470 28 630 813 263 838 134 70 863 1 616 812 271 85 162 564 951 873 386 334 278 681 9 819 761 387 106 718 762 444 542 605 86 721 556 169 788 558 621 488 653 155 625 740 450 178 775 533 355 671 478 55 58 604 33 175 477 741 29 346 795 320 539 286 522 578 807 545 870 617 623 656 64 298 711 815 748 285 274 35 332 266 104 319 650 368 821 182 5 44 896 944 364 619 71 992 898 66 655 152 42 603 864 365 185 31 404 730 374 443 802 222 114 500 612 582 766 561 59 177 743 980 240 246 687 622 774 384 634 179 325 919 573 988 304 626 725 665 440 241 294 915 47 469 594 37 565 452 779 4 380 791 398 683 92 165 245 228 156 142 79 638 816 752 375 309 615 794 337 96 846 645 811 203 408 753 672 888 990 3 199 628 956 909 312 27 521 789 581 36 591 835 822 113 949 68 231 750 198 356 572 684 282 661 952 216 703 476 964 489 886 410 12 259 566 318 976 239 150 946 554 215 859 823 850 868 562 416 78 124 267 805 695 256 145 979 609 237 475 529 571 30 974 230 43 49 785 466 784 935 389 810 428 472 166 985 786 46 614 682 583 568 611 659 433 887 999 307 845 350 652 108 210 184 244 370 932 451 923 955 933 824 269 569 519 792 351 329 183 947 412 700 399 255 97 654 607 254 197 453 343 109 88 186 724 899 503 869 765 715 756 698 524 994 173 827 394 563 995 965 643 547 147 201 82 40 747 666 727 853 213 425 438 575 717 697 757 354 419 158 941 537 248 719 371 223 465 814 360 281 708 646 606 587 696 803 220 57 576 204 560 704 981 200 692 894 934 208 167 73 986 268 610 14 570 627 856 75 117 458 361 459 292 60 793 146 959 940 620 541 689 796 787 471 67 495 90 45 701 552 998 94 258 713 326 324 276 825 234 322 211 531 436 968 716 153 629 797 901 131 243 875 917 403 349 773 235 189 600 401 636 132 851 770 252 754 714 997 20 677 181 413 339 457 490 115 833 836 331 311 723 2 911 342 441 647 139 423 510 673 52 233 10 916 415 872 895 369 41 91 84 567 842 874 7 388 831 310 738 236 760 250 849 76 260 418 317 506 50 912 308 494 160 867 707 118 467 931 335 585 400 746 323 17 958 535 776 305 526 720 543 897 832 95 168 391 21 454 474 340 939 734 891 227 19 193 854 893 520 217 847 642 829 163 161 910 749 133 817 424 557 501 406 993 758 151 574 330 840 679 876 437 498 670 251 513 729 514 763 989 954 705 602 385 270 119 395 937 482 782 577 422 963 138 936 435 783 242 804 405 409 504 120 843 884 56 699 961 48 191 34 907 89 736 484 728 588 781 321 455 906 63 362 99 589 834 517 685 879 170 515 226 61 485 411 800 396 830 559 970 950 772 333 345 225 81 141 806 593 971 982 289 938 392 16 209 632 584 224 844 338 283 383 429 72 229 957 348 631 299 8 302 6 613 26 190 881 499 107 214 38 53 426 764 550 448 878 528 397 722 527 852 301 164 534 347 900 516 171 759 195 460 232 790 140 639 51 523 483 921 23 649 540 98 284 511 903 116 148 427 127 336 942 680 486 960 651 662 538 780 996 123 809 180 678 512 590 525 880 966 491 434 352 969 272 889 596 306 18 702 710 694 839 618 377 206 376 80 314 601 857 706 492 908 202 122 207 257 461 595 913 975 777 275 121 358 359 479 39 382 221 818 943 373 417 922 977 196 128 507 929 496 987 420 137 709 905 861 637 93 280 925 176 799 194 855 841 110 77 546 660 154 205 778 468 328 293 83 579 924 848 690 136 456 381 54 103 481 111 837 149 432 598 669 674 25 344 87 927 296 262 586 341 555 871 914 688 442 820 130 742 290 247 945 315 663 446 544 918 808 112 74 962 363 379 159 303 984 858 592 798 751 658 890 518 726 24 735
996
22 2 814 4 668 723 636 15 9 387 273 12 354 74 84 248 17 406 990 20 21 281 23 85 25 224 16 28 773 30 31 352 33 861 201 838 37 38 610 846 41 410 43 339 45 46 386 48 342 50 98 369 412 362 55 346 379 58 59 60 284 337 545 438 952 152 390 117 69 904 459 850 335 714 34 94 670 78 79 80 148 82 130 479 183 3 565 958 240 90 789 92 271 945 95 648 97 231 99 600 308 102 300 311 105 106 107 889 53 979 918 376 562 941 226 116 882 887 119 120 121 122 123 124 964 745 764 128 129 883 131 666 851 158 118 470 188 691 982 140 718 153 143 144 791 32 305 808 149 13 732 280 514 154 788 156 157 485 159 42 873 664 643 136 242 307 167 173 489 829 708 172 340 174 269 458 177 955 283 262 585 361 976 716 185 186 187 331 364 170 191 192 841 194 800 63 197 917 199 200 599 756 441 511 205 699 853 465 590 277 391 510 213 214 471 752 217 806 216 220 721 348 519 645 854 432 227 228 741 556 415 210 448 234 235 236 905 865 871 71 230 295 243 521 86 246 247 112 249 858 251 252 888 70 255 256 490 258 259 260 261 318 922 994 506 266 486 268 663 408 168 137 614 274 320 276 564 940 198 886 801 282 539 574 285 286 223 288 40 480 127 163 293 746 665 296 297 298 290 984 974 302 709 304 926 56 430 155 309 310 377 622 484 178 66 420 317 560 289 734 321 322 758 754 325 326 327 690 68 330 8 619 333 88 949 977 561 338 705 254 341 225 343 67 345 491 347 161 349 350 51 551 744 823 355 356 653 542 114 602 673 660 278 866 126 991 367 212 442 461 371 750 373 834 375 598 160 378 407 211 96 597 447 971 151 76 687 712 679 10 165 392 393 605 109 81 397 398 399 400 481 402 368 83 54 639 436 637 409 101 972 870 413 139 77 667 301 418 419 711 103 422 423 694 27 875 914 395 429 654 431 493 267 434 411 863 921 967 439 421 794 394 737 444 821 978 626 767 985 450 508 452 319 454 182 61 457 878 566 826 229 496 463 264 366 466 467 468 359 381 569 628 840 474 475 93 435 478 494 239 202 482 906 142 146 948 910 527 702 766 772 492 180 729 495 19 579 498 445 901 501 704 856 504 184 456 507 279 509 344 150 512 513 428 515 516 517 518 755 520 868 522 523 189 525 662 209 528 552 405 132 748 533 835 73 529 537 538 384 661 541 613 697 451 591 237 609 548 549 550 241 72 328 946 555 726 557 558 505 587 892 655 134 763 425 923 567 568 616 617 761 208 669 365 916 576 577 578 751 580 581 582 583 455 986 872 401 536 981 87 360 592 593 594 89 596 175 919 292 374 601 804 115 604 759 783 953 608 526 306 611 612 179 483 630 472 449 618 113 780 621 989 623 125 625 52 627 832 629 792 631 632 937 503 635 372 571 638 920 640 641 642 809 644 75 646 647 265 649 329 351 652 171 811 803 656 476 658 659 380 312 880 195 111 462 936 727 315 47 678 294 672 35 674 675 676 677 740 502 902 681 682 291 684 433 336 497 688 689 559 222 692 693 244 363 633 499 698 959 700 701 245 703 62 473 706 707 983 607 710 807 204 713 477 715 573 717 446 719 720 303 722 731 724 141 238 464 728 424 554 588 164 733 221 735 404 540 738 739 572 749 742 743 894 6 215 747 299 218 403 382 437 753 844 686 414 757 657 680 760 965 762 839 848 426 730 332 44 685 770 771 385 275 7 775 776 777 166 779 825 781 782 11 784 785 26 787 833 530 790 417 100 793 110 145 270 797 798 799 138 135 383 795 488 805 615 389 575 586 810 323 812 813 671 815 314 817 897 819 820 532 29 816 824 24 453 827 996 960 634 831 207 353 891 250 836 837 980 929 765 206 842 843 828 39 911 847 233 849 357 768 358 287 487 855 969 857 534 469 620 935 5 950 864 65 650 867 91 869 396 973 440 696 874 253 876 877 546 957 956 881 196 845 884 885 543 683 695 57 890 181 169 893 370 895 896 595 898 899 900 1 970 903 416 460 524 907 908 909 108 547 912 796 64 915 822 852 257 104 818 500 584 589 924 925 544 927 928 133 930 931 932 933 934 388 778 570 938 939 49 263 942 943 944 802 961 947 603 427 334 951 913 830 954 879 553 162 774 606 324 36 962 963 862 769 966 313 968 736 859 272 232 14 176 975 860 316 219 190 725 147 786 18 624 443 203 987 988 535 651 531 992 993 563 995 193
4
1 2 3 4
42
1 32 3 2 5 6 7 8 9 10 11 12 39 14 4 16 33 18 19 40 21 22 23 24 25 13 27 28 29 30 31 35 17 34 15 36 37 38 41 20 26 42
24
12 16 19 4 20 6 13 15 24 10 11 17 9 23 7 14 3 18 5 21 2 22 1 8
2
2 1
39
1 3 2 4 5 6 7 8 9 10 26 12 13 14 15 16 17 18 19 20 21 22 23 24 25 36 27 28 29 30 31 32 33 34 35 38 37 11 39
1000
1 582 3 4 39 6 7 8 9 399 11 79 485 14 15 709 17 18 19 396 913 22 405 24 429 26 27 676 267 954 31 511 585 34 274 36 159 38 5 40 513 322 431 465 45 46 47 48 329 50 167 421 343 832 55 56 286 990 993 60 61 763 63 275 65 241 67 68 69 207 229 711 422 381 282 362 645 78 12 415 442 82 121 592 123 86 471 88 933 90 446 92 93 94 216 550 287 98 99 616 101 250 611 104 721 106 650 108 109 110 731 112 113 194 603 505 502 118 298 140 83 122 85 508 125 134 127 590 743 130 131 132 133 126 135 349 876 542 782 120 301 169 143 531 145 146 147 404 149 150 438 959 453 154 888 156 377 936 37 230 271 899 718 986 165 296 51 168 142 914 762 172 173 174 175 176 847 178 903 395 181 231 183 238 185 555 741 255 189 223 191 192 193 114 195 340 197 198 199 200 379 202 222 665 205 617 70 208 209 210 211 212 213 258 215 95 217 894 219 424 221 203 190 701 225 382 227 498 71 160 182 234 233 232 235 236 237 184 239 240 66 419 243 244 918 992 565 248 932 102 969 252 253 254 188 256 257 214 259 260 261 958 962 968 414 758 29 822 892 333 161 272 458 35 64 276 575 278 279 280 598 75 283 897 579 57 97 663 289 290 291 292 293 294 295 166 559 119 715 599 141 302 655 304 553 367 307 558 309 831 460 312 313 507 315 556 452 950 661 320 321 42 323 735 738 841 516 328 49 330 331 332 270 334 335 890 584 338 339 196 606 342 53 344 681 755 930 408 136 350 351 740 545 733 355 821 756 612 454 845 588 76 677 694 365 366 306 567 908 370 371 372 688 374 882 535 157 470 201 951 74 226 383 384 385 386 637 388 389 390 391 392 544 394 180 20 849 461 10 400 747 402 403 148 23 406 407 348 409 972 411 412 413 265 80 416 417 714 242 463 52 73 934 220 425 426 536 970 25 430 43 901 703 434 577 436 664 151 439 440 441 81 443 444 445 91 889 866 449 450 451 317 153 359 455 546 457 273 833 311 398 462 420 464 44 943 467 468 469 378 87 472 564 884 475 476 939 478 981 481 480 482 483 484 13 486 846 488 489 490 491 492 493 494 495 551 497 228 883 830 501 117 503 527 116 902 314 124 931 510 32 605 41 514 515 327 517 518 519 915 521 609 764 524 525 526 504 769 678 795 144 644 671 858 376 427 712 538 539 540 541 138 810 393 353 456 547 594 724 96 496 643 305 997 186 316 557 308 297 560 789 562 563 473 247 925 368 568 964 570 571 829 573 851 277 576 435 578 285 580 820 2 583 337 33 586 587 361 589 128 748 84 593 548 804 596 597 281 300 828 601 602 115 604 512 341 607 824 522 610 103 358 613 961 799 100 206 618 619 620 621 622 623 626 625 624 704 628 629 848 631 632 633 658 635 788 387 638 857 640 641 642 552 532 77 646 647 648 649 107 651 739 653 654 303 656 657 634 659 839 319 759 288 437 204 666 667 668 669 870 533 672 673 674 675 28 363 529 977 680 345 682 683 808 685 686 750 373 689 854 691 692 693 364 695 696 697 698 920 700 224 794 433 627 705 729 707 708 16 710 72 537 785 418 299 815 717 163 719 720 105 722 786 549 909 963 727 728 706 730 111 732 354 734 324 916 737 325 652 352 187 742 129 855 745 863 401 591 749 687 886 752 753 754 346 357 757 266 662 760 761 171 62 523 765 766 767 768 528 955 771 772 773 983 775 949 777 778 779 780 937 139 783 784 713 723 787 636 561 790 995 792 793 702 530 796 797 798 615 800 801 837 803 595 805 806 807 684 809 543 811 812 813 814 716 816 817 878 819 581 356 268 823 608 825 826 827 600 572 500 310 54 459 834 946 836 802 838 660 840 326 842 843 844 360 487 177 630 397 850 574 852 881 690 744 856 639 534 859 860 907 862 746 867 865 448 864 868 928 670 871 872 873 874 980 137 877 818 923 880 853 375 499 474 885 751 887 155 447 336 891 269 893 218 895 896 284 898 162 900 432 506 179 904 905 906 861 369 725 910 911 912 21 170 520 736 917 245 919 699 921 922 879 924 566 926 927 869 929 347 509 249 89 423 935 158 781 938 477 940 941 960 466 944 945 835 947 948 776 318 380 952 953 30 770 956 957 262 152 942 614 263 726 569 965 966 967 264 251 428 971 410 973 974 975 976 679 978 979 875 479 982 774 984 985 164 987 988 989 58 991 246 59 994 791 996 554 998 999 1000
999
895 71 497 248 715 200 415 282 10 794 691 119 283 477 539 589 723 395 383 934 145 281 697 593 189 243 271 375 599 547 8 644 192 332 77 344 995 315 853 875 236 207 542 141 208 373 146 847 362 171 459 210 250 302 113 642 696 813 185 871 694 870 264 781 775 173 883 506 745 711 998 308 664 777 762 528 772 184 662 773 712 869 419 604 328 738 407 725 423 374 181 153 152 69 135 625 480 274 234 602 478 279 823 994 714 231 5 975 404 352 557 522 260 901 121 55 134 811 769 198 379 760 660 452 576 392 288 810 440 215 15 414 463 595 954 439 246 451 329 346 360 448 410 432 170 742 472 956 400 425 224 357 325 831 126 957 172 535 531 952 290 322 464 828 605 201 771 343 611 258 176 114 976 609 636 505 33 996 878 797 239 809 186 474 431 814 444 913 835 758 992 105 311 118 970 261 973 342 633 120 147 930 724 533 503 454 420 240 256 855 641 680 484 550 353 214 307 958 358 893 199 125 993 316 640 43 300 739 656 637 252 559 163 495 516 133 979 148 510 829 574 601 44 406 340 397 298 672 879 4 677 502 442 678 962 237 168 127 143 629 867 690 138 575 202 74 768 866 907 217 616 356 905 971 190 206 157 900 498 262 701 158 766 391 986 541 122 631 269 728 299 130 671 716 938 594 782 983 193 49 898 787 132 946 692 467 801 525 491 618 73 554 482 99 706 573 667 422 339 221 294 951 888 649 426 336 468 144 223 511 757 944 833 722 386 111 718 587 150 41 31 688 942 254 324 100 14 984 621 46 592 268 203 939 441 275 796 558 104 543 630 129 916 600 449 435 305 911 136 580 947 623 790 115 857 567 953 293 3 411 97 437 818 603 897 314 335 859 52 219 365 165 709 68 579 416 731 101 64 409 90 166 719 156 906 657 330 424 686 338 902 359 255 238 524 849 668 798 937 159 405 180 370 750 291 949 361 846 351 910 925 187 877 289 196 230 394 943 107 123 924 803 679 968 489 47 22 61 515 568 476 40 564 139 481 384 95 98 9 908 827 669 978 229 753 650 676 63 244 226 921 981 931 705 551 890 638 142 886 162 989 381 936 216 56 591 634 117 948 88 174 182 1 257 985 116 323 319 267 789 500 188 613 774 536 78 520 280 270 507 487 32 546 87 885 50 969 457 569 702 458 754 874 617 928 802 545 45 620 689 826 744 816 398 889 211 837 36 632 177 390 430 764 980 272 7 508 60 761 460 652 974 530 863 904 6 659 320 403 433 841 518 941 84 514 496 622 695 852 912 303 178 990 720 367 509 521 966 552 209 366 556 175 734 699 42 967 817 759 926 658 834 347 832 529 791 412 730 450 30 786 861 54 590 488 733 58 929 160 57 380 844 313 915 614 894 708 102 549 364 490 537 76 681 25 776 413 945 805 920 2 721 727 341 124 112 842 465 795 39 836 577 840 596 651 626 59 446 445 922 964 741 519 388 527 38 11 881 85 933 848 673 639 643 534 67 354 532 205 35 92 865 80 26 443 822 965 456 572 872 752 278 486 408 959 263 748 940 972 843 717 331 987 896 259 471 154 51 684 334 892 345 23 225 765 418 799 868 253 763 86 227 932 703 770 453 483 12 563 218 873 661 350 918 982 963 548 581 806 65 566 655 128 856 273 612 755 469 820 369 713 349 285 538 804 860 735 385 53 428 526 493 588 919 292 421 955 854 461 29 376 96 821 21 737 903 106 242 864 792 17 169 544 179 287 808 999 977 62 876 93 401 396 368 475 732 779 512 417 624 466 891 687 747 204 312 16 194 555 222 914 746 783 191 785 884 499 850 645 310 251 301 363 91 707 137 740 317 79 494 20 34 197 560 988 553 28 377 233 523 767 249 103 295 183 513 149 665 666 880 48 800 378 815 960 429 296 19 749 151 540 75 663 793 220 436 704 517 13 675 479 337 355 70 899 693 710 277 247 583 909 751 473 161 598 140 83 265 387 845 635 585 606 571 819 648 81 164 372 109 438 597 213 824 923 382 402 917 485 235 82 333 780 743 935 698 276 736 729 155 326 195 927 825 830 399 245 297 462 228 839 492 858 700 18 309 241 610 212 628 306 608 586 682 582 232 807 131 286 501 110 646 950 389 470 562 882 72 434 321 961 683 393 615 167 504 447 578 427 24 607 726 108 284 778 304 570 584 647 348 851 89 788 27 862 756 991 653 66 455 997 670 887 784 318 94 685 627 812 674 838 266 561 371 565 619 37 327 654
29
1 11 6 14 5 2 22 8 26 10 17 12 7 4 15 16 9 13 27 20 21 25 23 24 18 19 3 28 29
5
1 2 3 4 5
21
18 5 3 2 15 19 7 14 9 6 20 11 8 16 21 10 17 1 13 4 12
2
2 1
28
12 20 7 4 5 3 25 8 16 10 2 27 13 9 18 6 17 26 19 11 21 22 23 24 15 1 14 28
1
1
998
934 32 374 808 77 730 982 642 295 191 396 711 722 452 692 946 200 170 854 758 647 383 41 776 380 230 206 901 654 569 319 2 664 506 376 411 262 639 958 827 23 996 450 316 712 593 859 279 255 826 911 166 574 630 328 355 158 340 550 679 968 217 313 643 690 133 294 800 627 528 384 626 951 974 552 265 5 117 704 770 977 919 942 805 609 863 474 661 563 93 604 939 90 583 530 499 987 347 742 587 512 440 345 997 423 464 662 418 750 157 724 492 224 377 395 503 78 947 810 577 553 438 441 845 812 468 578 315 565 351 809 719 66 651 307 687 950 487 266 212 864 607 523 373 344 920 466 455 198 480 734 636 199 753 287 980 110 57 306 456 824 363 211 795 817 52 346 187 397 18 783 173 172 320 562 235 693 837 240 493 621 762 460 502 400 275 168 301 252 366 10 898 237 352 281 558 333 149 153 17 469 575 470 655 489 27 406 839 560 709 163 140 289 420 513 367 62 882 458 941 568 638 444 113 844 843 970 497 546 26 404 806 392 402 176 591 193 525 439 179 484 866 847 579 929 930 288 755 416 358 885 189 988 616 49 620 807 793 796 514 670 37 949 702 76 139 527 415 772 448 984 494 449 718 186 921 739 853 48 486 195 535 743 773 618 727 155 247 213 477 717 419 337 67 9 412 628 764 526 971 188 871 700 990 465 159 135 741 701 777 953 461 63 972 128 44 883 498 31 174 948 922 585 811 675 918 682 55 822 994 390 623 197 605 676 408 293 878 960 58 371 765 731 145 103 167 98 798 496 818 130 194 757 992 56 633 510 250 658 544 549 932 162 849 848 190 216 989 862 924 341 684 144 3 409 35 114 781 644 25 913 504 22 71 872 937 566 925 656 331 431 233 555 831 115 11 169 522 695 185 542 234 956 231 645 207 957 336 375 801 36 296 887 447 268 249 533 108 292 214 916 696 105 508 445 976 940 617 965 869 391 437 538 778 691 603 432 122 239 102 123 537 842 223 425 663 414 270 273 43 667 14 983 479 148 160 973 219 912 183 312 463 462 106 305 147 681 126 201 203 964 600 829 87 672 571 290 707 454 150 596 540 889 241 786 280 138 689 205 728 785 112 180 272 588 349 228 318 96 875 935 184 116 382 640 34 881 424 792 357 825 101 215 260 567 894 706 780 747 927 834 398 143 671 238 299 267 70 846 95 570 944 417 559 282 632 442 433 759 482 788 401 774 360 551 229 782 595 361 59 545 75 121 582 393 857 572 196 534 209 634 175 89 830 129 387 515 221 30 531 476 557 966 53 202 910 120 127 244 744 748 554 94 903 323 933 100 495 876 790 236 961 46 879 548 481 715 756 625 472 861 784 436 91 334 841 142 952 85 697 828 833 652 880 668 254 428 285 694 256 181 799 332 836 599 72 69 297 791 54 768 536 356 561 749 152 991 222 38 505 665 8 64 379 405 891 21 962 703 653 134 613 650 29 204 389 907 359 874 899 88 107 446 33 641 865 451 615 760 261 524 475 835 787 325 335 729 928 60 723 467 327 906 372 720 838 136 858 488 65 435 15 177 619 399 422 610 797 963 303 309 264 649 79 832 517 478 967 210 873 12 45 803 986 597 943 291 274 132 685 816 13 680 111 779 959 286 490 677 6 343 751 769 151 892 746 900 740 277 738 308 99 283 580 789 736 519 581 635 109 732 804 154 886 248 598 353 20 539 669 979 182 884 298 342 985 775 631 733 80 978 269 284 543 767 24 310 434 725 518 378 547 171 602 491 485 674 541 745 590 629 509 258 936 164 259 698 348 622 68 410 904 713 752 84 232 257 4 131 119 324 125 981 995 914 721 165 350 938 888 917 329 897 161 511 50 40 611 473 564 394 705 612 521 673 624 178 686 208 868 606 443 226 225 124 529 243 365 364 905 915 969 278 19 895 896 556 688 47 945 601 369 86 141 666 242 909 840 430 954 302 385 710 659 500 589 893 338 594 614 507 218 317 763 251 754 413 820 483 923 646 735 877 516 855 856 823 192 660 737 28 908 584 802 850 683 657 902 867 576 51 459 381 815 851 421 821 326 82 146 276 322 890 370 388 993 520 678 245 246 975 362 586 1 501 794 386 819 92 427 220 83 716 532 860 16 118 321 263 137 73 608 311 870 998 403 407 39 726 339 592 648 699 471 429 573 708 61 852 227 300 314 457 74 931 426 81 771 761 156 813 7 453 271 766 714 97 253 368 304 637 354 926 330 814 42 104 955
41
1 2 3 4 5 6 7 8 9 10 39 12 13 14 15 16 17 18 19 20 21 22 23 24 11 26 27 28 29 30 31 32 33 34 35 36 37 38 25 40 41
13
1 11 3 4 8 6 7 9 12 10 2 5 13
998
303 985 124 6 656 28 322 511 488 424 184 202 478 338 15 695 551 595 83 461 477 870 950 267 426 683 366 389 508 30 907 187 772 410 984 696 753 38 456 785 41 42 71 44 3 76 275 67 388 218 706 137 516 610 975 794 313 216 561 483 265 850 537 638 659 987 431 211 374 702 390 167 334 223 762 520 77 997 643 178 487 748 146 886 759 286 792 63 234 778 674 249 371 207 841 198 396 573 955 923 680 798 354 68 319 807 107 806 690 913 51 711 769 635 593 749 391 369 890 648 121 837 364 921 401 588 127 758 427 242 250 814 439 142 745 5 977 61 435 692 720 188 406 835 578 799 926 946 712 413 615 928 764 133 356 358 554 665 839 909 161 224 307 967 949 324 889 103 910 170 385 694 900 887 348 449 738 131 563 212 796 676 857 21 147 268 235 149 862 237 866 931 782 271 195 722 601 567 199 341 894 942 203 552 728 568 78 293 830 278 626 314 919 697 362 158 825 284 881 952 221 106 326 598 667 116 547 775 740 256 231 43 398 160 143 790 331 238 32 425 102 330 333 636 752 562 858 55 500 29 765 645 253 964 911 115 821 46 259 482 672 422 213 181 628 808 304 99 644 270 498 622 688 831 791 299 625 853 306 908 489 163 525 827 693 732 760 868 703 233 934 876 689 11 512 296 392 4 139 892 407 400 196 453 580 50 65 56 565 60 311 312 570 572 194 419 343 134 933 787 321 305 548 786 399 822 687 497 981 352 730 301 597 741 856 978 966 518 261 766 993 915 541 394 90 206 727 162 262 414 279 232 677 895 673 384 590 335 532 560 52 652 315 621 130 927 367 880 714 444 37 865 171 877 972 289 377 747 989 380 450 355 383 466 624 810 95 182 375 530 973 647 86 976 536 917 105 245 379 437 9 75 190 151 736 345 308 457 538 896 73 545 735 878 473 731 337 85 79 117 328 323 169 709 263 472 378 882 110 957 618 402 433 136 403 750 440 543 316 920 474 442 91 848 666 446 607 452 119 8 691 285 884 152 599 970 33 939 459 945 669 287 266 339 465 770 729 468 350 470 201 230 189 325 282 718 940 937 533 510 294 969 609 484 340 811 847 754 717 958 632 604 948 421 641 842 135 832 108 36 145 602 965 947 594 34 297 654 62 475 898 254 681 569 217 273 891 57 255 112 208 522 14 524 701 94 157 467 176 180 529 463 852 707 264 471 387 165 111 684 797 469 591 544 817 935 804 780 150 74 589 539 240 805 376 148 485 784 998 420 833 430 129 564 819 215 743 582 347 393 373 272 502 222 98 941 851 531 579 13 823 517 177 584 344 586 587 25 370 534 716 64 521 723 836 658 54 761 317 227 506 812 603 982 7 274 241 846 192 585 867 581 592 932 494 809 445 100 619 429 239 447 451 670 318 84 300 140 710 630 631 276 763 97 620 204 557 725 901 640 156 228 845 18 705 460 815 504 963 650 651 353 360 682 930 523 329 448 24 89 661 226 623 309 246 302 874 40 614 527 818 653 443 104 432 209 39 357 269 464 685 962 611 82 332 225 959 2 986 549 675 428 179 229 575 172 382 486 35 755 698 458 69 141 351 855 409 605 49 454 668 869 943 336 109 756 553 214 92 290 721 412 243 724 359 849 481 80 125 31 423 20 854 840 960 715 838 843 800 236 277 96 45 744 490 122 871 193 174 801 320 606 514 368 918 349 295 639 186 558 251 642 501 155 438 583 767 118 608 153 783 704 713 774 546 298 771 574 897 699 634 617 310 59 879 496 16 671 789 495 528 168 540 542 395 944 411 436 828 535 519 802 123 493 185 434 679 247 616 292 415 556 813 576 988 646 737 138 816 327 773 824 612 164 992 826 154 776 509 372 88 844 72 53 888 19 834 397 480 513 757 1 996 885 281 381 441 954 655 159 191 197 132 600 47 114 491 455 859 596 751 905 863 922 662 719 183 404 346 991 968 499 953 27 875 829 902 144 906 12 476 739 700 283 417 342 864 17 248 205 288 726 893 166 768 126 120 971 929 555 664 173 903 291 365 10 951 175 803 26 883 779 210 914 559 777 81 872 550 637 418 983 361 924 925 899 408 974 873 649 980 733 577 260 48 936 781 938 627 252 479 492 660 258 70 386 66 128 663 904 405 613 795 200 280 956 101 746 58 219 503 633 462 860 87 363 820 678 629 571 961 657 708 793 734 742 566 788 515 93 220 912 526 416 686 257 22 113 505 990 507 861 244 994 995 979 23 916
26
16 7 11 26 6 18 8 4 3 21 20 14 19 10 24 23 17 12 1 25 5 15 2 13 9 22
28
28 24 10 15 2 9 7 8 27 17 11 12 16 3 4 1 13 18 19 20 5 22 23 25 14 26 6 21
999
859 763 631 559 846 553 771 189 953 588 933 521 312 511 751 609 798 179 241 938 942 384 569 678 327 273 56 116 896 743 82 458 387 682 320 615 980 288 637 487 713 245 504 495 707 962 112 832 901 117 801 752 7 552 928 747 426 193 242 465 349 75 909 897 302 438 261 950 140 3 489 450 797 598 711 754 361 263 651 840 603 62 612 837 858 880 891 270 8 381 847 779 209 927 395 158 324 764 472 246 904 186 491 604 573 983 223 318 987 405 313 828 18 106 314 726 73 172 971 856 659 461 481 516 836 20 958 673 952 576 133 113 258 22 694 98 889 17 410 200 718 342 44 23 811 777 818 26 301 307 269 14 978 277 282 207 13 807 803 568 888 66 623 982 515 525 699 542 411 602 597 998 422 138 484 319 520 300 727 932 532 937 182 357 453 979 231 356 652 781 448 677 435 543 149 679 136 757 90 988 596 917 427 175 852 873 429 975 409 71 355 641 47 936 51 574 608 872 190 749 947 877 944 286 202 874 957 281 732 221 514 151 724 692 507 227 626 900 522 211 473 474 478 240 74 173 402 741 437 867 864 259 890 791 34 665 36 706 827 661 412 238 367 243 697 390 220 850 879 467 591 108 135 709 876 632 118 80 305 257 359 986 547 455 137 563 996 420 805 595 820 821 524 247 229 195 70 214 575 192 120 471 174 249 881 518 488 103 606 793 892 65 497 483 963 244 464 967 825 333 633 594 583 9 739 141 851 321 509 571 84 925 565 197 903 691 180 816 58 946 538 39 567 635 289 945 251 470 164 6 902 215 717 687 572 16 823 391 883 505 442 775 446 392 833 31 719 956 934 857 766 899 143 587 475 704 614 557 642 675 375 680 844 463 845 153 196 452 940 834 370 738 434 462 291 161 380 926 15 540 279 88 770 382 869 310 922 737 686 271 93 432 114 255 92 506 762 127 530 185 910 625 976 239 129 813 37 142 647 5 582 334 35 344 306 755 842 725 290 592 2 440 689 848 839 561 512 162 593 882 27 566 50 702 123 468 814 199 826 558 969 119 690 132 905 219 758 45 404 352 753 225 144 855 703 580 662 330 817 11 218 503 916 147 644 768 715 170 577 407 537 570 714 354 541 331 895 924 746 921 923 939 894 159 224 115 685 893 517 785 156 449 235 121 377 236 796 556 212 802 730 328 669 613 990 756 30 29 648 870 920 110 33 620 618 809 829 760 918 456 794 178 860 297 61 260 750 292 555 210 78 708 299 610 208 19 335 671 808 965 898 480 723 970 951 12 492 447 616 339 154 416 776 578 806 350 995 974 611 386 712 835 187 949 812 786 841 765 326 160 778 907 124 819 884 316 101 157 486 795 268 581 372 664 539 789 413 309 445 469 656 527 126 885 348 912 308 54 280 824 165 479 295 304 441 85 68 792 536 638 627 428 913 961 617 523 294 742 769 230 358 388 363 25 790 398 317 782 526 560 419 128 262 77 303 49 931 886 843 666 654 955 424 53 853 960 774 383 529 396 733 477 341 643 466 256 81 728 28 397 125 977 589 908 188 545 993 83 721 981 264 485 508 586 564 457 548 722 55 999 393 213 535 203 42 385 181 914 866 105 731 660 315 500 759 630 868 198 672 590 544 966 735 353 646 275 276 454 772 984 989 531 250 436 336 389 248 322 169 254 130 822 338 418 59 94 1 237 600 658 368 528 443 104 52 233 748 973 134 283 670 991 773 964 444 681 40 494 688 502 228 744 700 804 997 639 767 878 871 99 562 584 394 86 959 430 875 253 831 459 599 166 579 131 184 266 810 343 347 640 460 79 710 972 696 48 150 994 838 423 278 674 183 298 663 498 155 376 111 274 849 929 954 41 701 60 684 549 168 607 373 415 362 622 968 87 605 621 676 265 862 296 38 501 89 720 63 619 234 655 645 513 736 657 97 205 476 935 222 206 267 601 650 653 546 145 109 636 399 519 554 830 64 72 734 482 510 21 95 176 439 499 693 695 337 865 139 293 425 634 992 406 408 667 716 345 930 323 551 76 745 217 10 43 668 340 698 861 451 948 91 100 550 329 351 624 740 204 365 534 24 360 799 69 431 787 401 226 911 346 800 67 364 379 46 232 417 285 146 4 177 783 433 163 400 107 906 585 171 366 854 729 369 152 148 915 414 815 887 490 216 403 32 378 167 102 780 287 325 272 649 919 683 629 985 533 96 863 252 57 628 191 941 122 374 371 943 194 784 761 284 496 788 421 493 705 311 201 332
36
1 2 3 4 5 6 7 8 9 10 11 12 13 14 15 16 17 18 19 20 21 22 23 24 25 26 27 29 28 30 31 32 33 34 35 36
40
1 37 3 4 31 6 11 27 9 10 12 35 13 14 15 16 19 18 7 20 21 22 23 8 25 26 17 28 29 30 24 32 33 34 2 36 5 38 39 40
48
1 2 3 4 34 6 7 8 9 10 11 12 13 14 15 16 17 18 19 20 21 22 23 24 33 26 27 28 29 30 31 32 5 25 35 36 37 38 46 40 41 42 43 44 45 48 47 39
26
9 10 12 11 4 6 1 8 26 2 17 19 16 25 23 18 22 3 20 13 15 21 5 14 24 7
998
44 940 156 791 107 463 227 693 56 208 161 604 549 244 421 583 859 946 840 813 849 520 43 954 184 395 914 264 487 524 36 651 413 595 24 667 769 848 278 611 483 640 20 249 455 673 973 843 675 453 374 199 1 610 439 3 114 654 70 326 816 115 910 293 292 166 785 121 384 842 757 802 396 499 276 401 981 322 810 600 665 399 254 653 740 560 75 672 958 136 391 468 39 85 53 248 833 512 935 576 594 511 171 536 892 277 655 347 661 98 200 185 596 503 201 103 873 806 860 632 929 676 792 305 494 94 471 30 863 836 469 472 796 272 682 829 91 8 125 205 288 33 179 242 510 591 350 812 568 62 996 707 723 58 113 901 660 991 218 27 847 315 741 295 684 619 187 694 263 163 462 955 542 911 513 926 127 921 89 897 585 432 460 225 430 338 352 373 772 143 241 177 355 191 479 750 990 433 937 985 689 93 617 978 202 181 446 26 11 275 80 15 273 751 240 890 257 427 565 688 388 535 268 266 286 13 146 797 598 404 445 282 170 662 67 764 501 795 196 194 786 474 800 40 523 837 727 527 898 482 664 749 575 381 239 599 317 852 700 801 967 147 281 428 99 167 631 377 540 321 872 120 763 318 685 880 308 558 582 805 206 140 290 683 718 361 492 45 16 936 780 54 552 647 657 353 745 405 504 648 966 234 60 310 945 969 223 2 371 221 779 724 555 613 652 965 856 942 454 359 933 815 451 964 686 881 984 135 778 782 101 756 681 918 74 330 603 88 29 516 369 894 646 267 663 385 233 899 913 406 586 104 671 845 403 141 508 365 323 22 294 830 874 230 46 265 105 949 742 186 988 476 876 258 593 48 407 47 414 90 500 478 642 129 219 17 768 440 871 589 916 79 61 222 210 787 658 174 18 154 982 970 758 543 486 533 834 247 563 331 447 419 760 137 943 189 767 209 888 956 76 207 35 807 442 854 731 63 709 869 131 579 669 489 41 211 358 229 349 470 537 150 96 481 198 190 706 531 748 68 979 214 152 250 92 773 237 868 567 835 607 10 557 711 291 299 666 735 548 420 644 424 851 362 627 19 972 312 534 602 327 976 515 418 597 752 496 904 464 231 622 7 877 337 811 814 895 544 679 720 66 197 703 832 212 172 459 274 436 580 909 490 601 975 387 397 884 743 924 382 912 641 738 858 986 784 753 765 994 708 950 680 697 216 590 329 280 259 526 799 649 809 252 158 73 400 360 461 789 561 721 734 238 346 316 831 452 9 97 253 614 712 529 81 974 389 882 473 283 546 907 488 505 944 333 78 539 677 149 971 314 157 307 126 719 4 570 717 38 106 995 102 37 790 213 886 422 28 475 370 541 65 618 687 6 119 963 766 380 491 587 162 477 402 50 556 393 168 755 783 775 159 426 656 458 577 376 220 891 437 128 425 726 188 438 993 467 650 112 182 354 301 823 260 328 100 820 279 306 934 581 839 625 762 431 311 444 449 574 701 968 562 441 865 989 325 110 538 344 919 372 386 716 609 628 334 736 415 434 931 484 176 148 64 144 889 928 670 553 71 335 737 930 108 532 124 180 448 948 151 825 798 25 521 300 320 875 838 977 495 887 770 584 262 528 417 774 52 754 117 57 605 398 243 564 95 947 691 145 997 517 616 824 348 733 714 645 960 87 297 893 908 846 932 841 635 178 132 390 938 109 695 116 668 702 368 142 378 588 224 699 761 289 429 84 902 592 55 412 153 245 922 637 744 696 203 195 747 915 410 341 271 215 643 961 896 759 957 86 236 559 634 525 394 343 363 917 941 608 571 82 466 878 409 502 340 828 692 255 698 853 554 615 870 987 77 781 850 356 633 217 939 342 193 34 122 235 569 133 827 32 351 509 621 959 287 951 866 729 345 885 5 364 906 705 375 518 551 953 506 313 14 636 867 298 690 324 134 728 175 519 962 826 678 296 498 639 111 547 732 139 630 443 160 905 42 497 465 925 246 794 411 983 49 927 173 367 123 256 457 739 319 304 804 416 522 710 746 777 392 514 383 855 31 808 606 435 788 51 379 72 303 12 456 620 817 998 626 408 285 336 550 357 232 270 69 21 980 776 284 118 638 339 920 844 572 302 803 155 923 952 251 900 857 864 59 629 130 507 332 450 545 530 624 722 771 992 165 480 164 879 204 261 138 713 659 423 793 862 269 309 818 612 485 623 821 226 169 228 83 725 822 715 730 493 366 566 573 23 183 674 578 704 861 819 192 883 903
1000
324 858 739 748 861 89 132 699 346 147 39 59 323 483 588 955 818 565 786 240 634 526 664 25 628 627 851 419 612 364 310 93 476 289 885 815 740 222 742 32 528 807 520 624 675 390 94 347 164 835 942 74 810 126 11 531 855 671 854 219 908 703 99 43 952 374 545 241 541 764 411 158 280 86 584 643 360 428 444 284 253 816 47 670 857 537 511 70 937 76 965 958 719 828 619 917 279 884 340 710 145 641 130 569 141 202 985 776 968 371 235 964 495 715 312 544 218 8 384 607 311 591 636 309 50 150 864 341 513 938 475 747 246 361 794 5 36 422 201 321 407 472 314 143 876 456 882 974 1 983 821 820 525 325 749 457 55 903 394 379 356 845 762 514 186 160 997 22 75 755 577 888 812 224 358 614 992 900 277 806 1000 605 486 339 523 673 481 195 702 967 81 464 412 122 432 793 470 484 833 897 262 819 505 148 214 539 893 167 978 270 521 834 268 809 326 657 948 249 455 723 445 131 956 15 71 14 247 85 38 613 165 567 924 294 389 717 620 799 332 837 853 281 436 181 631 726 244 155 118 112 874 713 922 677 154 396 736 700 327 570 953 639 603 234 367 746 751 865 293 68 215 568 334 678 984 343 418 414 701 646 981 512 999 171 228 399 423 416 931 264 318 752 720 777 590 350 824 439 308 707 756 758 832 184 936 894 698 728 782 255 754 780 797 961 586 245 499 179 220 684 9 469 166 64 492 994 725 943 46 676 248 789 916 923 84 45 272 345 600 660 303 479 601 598 336 175 680 453 973 375 986 744 529 487 116 892 771 573 829 772 644 823 4 869 558 602 971 349 775 989 446 163 297 216 827 29 78 159 830 750 651 125 482 549 850 30 382 362 461 282 79 463 376 299 610 729 113 97 844 497 73 430 100 2 945 722 804 516 617 258 572 197 352 621 177 500 295 427 20 91 51 254 580 83 409 191 926 733 585 468 265 687 645 391 935 365 238 306 24 557 111 462 842 291 714 478 694 109 915 403 532 808 921 188 208 211 185 292 959 561 801 599 496 649 589 540 200 212 153 296 663 106 518 180 161 571 142 209 82 582 587 886 510 654 237 372 386 115 896 187 221 60 901 868 867 838 395 732 583 168 105 54 615 765 359 592 766 507 711 315 182 638 157 773 993 48 363 975 286 630 243 67 134 581 438 743 763 7 860 298 895 226 784 135 640 189 533 914 92 178 108 939 488 524 498 979 287 594 449 611 353 905 203 406 69 792 798 278 366 839 606 408 368 871 648 393 506 448 951 791 110 329 977 813 724 934 716 608 632 335 515 124 351 795 259 910 519 932 377 626 566 300 415 745 785 689 552 474 883 342 454 485 370 563 907 950 104 437 553 911 441 31 16 691 151 991 509 877 233 604 990 63 873 458 213 554 803 301 459 730 501 988 149 473 560 23 503 996 57 982 944 19 843 288 925 666 348 633 413 230 152 635 229 387 683 547 817 788 26 236 831 920 778 465 373 595 679 114 760 941 62 559 410 133 574 972 274 424 913 183 144 659 578 88 333 697 494 625 421 44 12 18 906 378 101 198 77 902 995 642 466 712 731 169 28 252 6 127 225 10 398 328 508 517 741 693 304 930 276 618 805 34 878 555 705 849 535 966 770 556 385 949 543 96 139 970 734 597 918 17 647 307 504 206 502 656 434 551 120 662 128 42 579 420 53 548 267 946 704 767 880 136 103 119 380 102 928 56 969 172 852 933 402 947 21 790 317 787 40 609 652 536 251 534 354 899 870 123 283 814 889 576 117 622 381 205 58 242 862 313 738 87 721 357 400 41 623 223 875 443 890 450 909 433 929 320 759 156 170 405 260 72 217 960 121 204 629 140 431 331 963 460 107 196 199 658 847 207 61 681 856 194 686 192 550 337 190 404 866 302 919 685 690 904 369 137 769 575 538 261 392 489 542 774 757 695 709 562 840 65 426 52 173 954 305 735 435 138 753 653 442 811 27 887 708 737 841 825 976 388 957 616 522 452 275 429 596 37 344 859 692 401 872 998 637 491 316 527 761 655 162 49 227 273 564 490 800 682 33 80 451 176 836 98 980 477 193 355 440 239 66 768 129 593 271 95 546 467 672 319 987 783 493 232 174 146 530 927 35 661 269 338 383 863 796 727 263 826 912 417 285 665 667 650 668 231 480 90 879 3 706 688 397 898 696 848 802 674 779 322 425 669 330 846 250 447 471 891 256 822 210 940 718 266 881 962 257 781 13 290
20
1 2 3 20 5 6 7 8 9 10 11 4 13 14 15 16 17 18 19 12
4
2 4 1 3
1000
236 426 953 918 609 244 459 103 705 120 189 96 405 500 786 474 408 882 662 871 84 909 628 520 497 727 257 121 641 489 868 283 558 410 627 564 963 591 775 270 44 863 791 41 530 429 400 629 484 179 52 51 208 605 479 648 255 603 226 665 921 498 537 592 891 619 462 248 353 757 187 660 796 976 409 299 692 636 656 423 156 285 742 21 979 235 264 335 602 779 271 202 252 135 772 12 196 224 640 572 223 990 8 371 837 860 167 319 948 334 126 949 421 232 229 927 784 249 184 10 28 928 566 595 192 111 337 301 832 512 447 250 865 1000 94 275 349 313 453 508 545 654 344 341 246 922 875 849 675 991 954 977 551 312 856 81 880 818 282 685 761 942 516 768 360 774 107 687 348 930 296 560 932 472 614 554 962 225 50 968 385 356 869 119 495 910 71 790 11 314 432 125 888 845 395 97 702 287 754 617 425 92 706 718 247 712 961 53 370 304 286 676 746 835 470 606 618 762 288 983 324 367 101 98 178 59 598 543 115 504 277 114 584 488 86 1 958 938 803 850 501 904 721 6 436 145 205 68 118 132 328 93 616 514 57 923 27 386 503 663 311 659 433 87 820 424 683 390 318 40 91 477 486 542 136 509 231 674 881 576 738 159 32 993 82 211 198 219 532 899 734 475 574 707 684 171 739 320 76 354 128 466 801 210 682 939 964 403 815 831 261 154 138 190 625 978 866 269 108 298 622 624 347 221 885 369 363 251 672 807 708 971 782 110 88 694 127 546 494 505 144 448 827 143 581 998 323 169 137 445 813 811 69 300 557 182 701 632 884 165 729 936 327 550 463 956 222 571 326 209 104 944 374 373 653 420 671 695 414 867 905 920 696 986 181 258 919 647 783 268 563 833 764 736 195 714 579 840 401 47 399 883 308 567 13 580 925 17 75 34 744 582 666 379 960 523 630 449 552 376 113 999 80 266 201 2 723 535 46 527 975 191 263 943 886 245 985 480 469 982 639 898 615 461 350 620 131 342 418 699 823 737 139 947 521 526 668 725 7 709 444 67 365 599 735 302 965 741 439 215 926 174 691 16 292 903 272 555 55 438 846 726 538 49 812 273 590 234 30 974 810 872 906 339 185 951 25 62 583 14 241 780 259 230 340 766 522 140 276 901 931 130 600 254 847 163 604 749 540 24 455 507 416 568 781 456 430 924 716 45 980 289 631 859 428 541 63 483 569 519 536 274 228 680 141 338 733 664 937 364 153 419 912 176 478 915 355 33 643 172 635 895 391 36 911 123 404 524 539 719 368 100 973 293 950 280 935 690 397 406 345 412 499 233 745 828 732 934 822 487 38 64 970 689 124 753 677 227 464 513 879 89 58 517 54 216 826 634 5 798 756 703 748 175 443 253 200 217 66 446 649 321 989 322 315 994 35 23 48 417 533 358 752 608 561 78 655 853 441 99 29 836 559 878 995 907 388 56 621 777 917 728 375 142 637 79 896 996 262 72 806 19 260 548 60 413 969 457 747 769 377 329 686 278 149 212 597 789 902 544 792 305 267 295 160 673 168 988 594 578 473 77 877 336 378 383 760 839 450 952 357 197 612 862 9 203 294 331 460 955 767 206 966 396 873 529 743 204 570 750 243 861 427 809 458 482 26 652 361 984 929 587 547 291 465 394 452 281 297 981 468 83 717 411 585 213 669 613 518 720 805 633 596 199 997 611 70 830 916 697 161 218 855 393 874 506 711 164 670 894 972 95 940 166 39 992 650 900 90 502 525 333 389 117 825 15 797 893 678 188 43 681 844 946 913 73 787 610 829 914 303 814 239 959 751 661 330 870 724 491 352 485 351 802 309 908 987 158 957 265 841 589 451 889 785 607 343 586 799 758 310 129 392 852 214 642 105 933 698 398 821 857 941 793 194 481 515 892 148 240 858 834 638 890 763 155 842 851 534 106 722 704 42 945 133 317 380 31 183 808 20 492 715 765 147 897 693 644 601 157 279 18 402 359 325 435 967 193 824 854 65 848 788 770 562 657 876 442 290 778 510 679 476 242 381 493 646 816 22 186 565 553 795 800 556 759 651 4 387 382 61 146 256 528 407 471 116 122 731 170 511 173 838 588 577 362 549 238 306 773 843 162 434 372 864 794 454 109 112 575 496 700 3 151 710 366 819 237 804 415 207 177 37 307 467 713 887 180 667 593 332 771 573 490 431 74 152 316 85 531 740 440 220 730 437 384 817 688 623 102 150 776 284 626 645 658 755 346 422 134
31
20 2 16 10 3 9 19 31 24 21 11 6 13 14 12 4 1 29 18 23 22 15 5 26 25 17 27 8 30 7 28
26
1 2 3 4 5 6 7 8 9 10 11 12 13 14 26 24 17 18 19 20 21 22 23 16 25 15
998
1 2 3 4 5 6 7 8 9 10 11 12 13 14 15 16 17 18 19 20 21 22 23 24 25 26 27 28 29 30 31 32 33 34 35 36 37 38 39 40 41 42 43 44 45 46 47 48 49 50 51 52 53 54 55 56 57 58 59 60 61 62 63 64 65 66 67 68 69 70 71 72 73 74 75 76 77 78 79 80 81 82 83 84 85 86 87 88 89 90 91 92 93 94 95 96 97 98 99 100 101 102 103 104 105 106 107 108 109 110 111 112 113 114 115 116 117 118 119 120 121 122 123 124 125 126 127 128 129 130 131 132 133 134 135 136 137 138 139 140 141 142 143 144 145 146 147 148 149 150 151 152 153 154 155 156 157 158 159 160 161 162 163 164 165 166 167 168 169 170 171 172 173 174 175 176 177 178 179 180 181 182 183 184 185 186 187 188 189 190 191 192 193 194 195 196 197 198 199 200 201 202 203 204 205 206 207 208 209 210 211 212 213 214 215 216 217 218 219 220 221 222 223 224 225 226 227 228 229 230 231 232 233 234 235 236 237 238 239 240 241 242 243 244 245 246 247 248 249 250 251 252 253 254 255 256 257 258 259 260 261 262 263 264 265 266 267 268 269 270 271 272 273 274 275 276 277 278 279 280 281 282 283 284 285 286 287 288 289 290 291 292 293 294 295 296 297 298 299 300 301 302 303 304 305 306 307 308 309 310 311 312 313 314 315 316 317 318 319 320 321 322 323 324 325 326 327 328 329 330 331 332 333 334 335 336 337 338 339 340 341 342 343 344 345 346 347 348 349 350 351 352 353 354 355 356 357 358 359 360 361 362 363 364 365 366 367 368 369 370 371 372 373 374 375 376 377 378 379 380 381 382 383 384 385 386 387 388 389 390 391 392 393 394 395 396 397 398 399 400 401 402 403 404 405 406 407 408 409 410 411 412 413 414 415 416 417 418 419 420 421 422 423 424 425 426 427 428 429 430 431 432 433 434 435 436 437 438 439 440 441 442 443 444 445 446 447 448 449 450 451 452 453 454 455 456 457 458 459 460 461 462 463 464 465 466 467 468 469 470 471 472 473 474 475 476 477 478 479 480 481 482 483 484 485 486 487 488 489 490 491 492 493 494 495 496 497 498 499 500 501 502 503 504 505 506 507 508 509 510 511 512 513 514 515 516 517 518 519 520 521 522 523 524 525 526 527 528 529 530 531 532 533 534 535 536 537 538 539 540 541 542 543 544 545 546 547 548 549 550 551 552 553 554 555 556 557 558 559 560 561 562 563 564 565 566 567 568 569 570 571 572 573 574 575 576 577 578 579 580 581 582 583 584 585 586 587 588 589 590 591 592 593 594 595 596 597 598 599 600 601 602 603 604 605 606 607 608 609 610 611 612 613 614 615 616 617 618 619 620 621 622 623 624 625 626 627 628 629 630 631 632 633 634 635 636 637 638 639 640 641 642 643 644 645 646 647 648 649 650 651 652 653 654 655 656 657 658 659 660 661 662 663 664 665 666 667 668 669 670 671 672 673 674 675 676 677 678 679 680 681 682 683 684 685 686 687 688 689 690 691 692 693 694 695 696 697 698 699 700 701 702 703 704 705 706 707 708 709 710 711 712 713 714 715 716 717 718 719 720 721 722 723 724 725 726 727 728 729 730 731 732 733 734 735 736 737 738 739 740 741 742 743 744 745 746 747 748 749 750 751 752 753 754 755 756 757 758 759 760 761 762 763 764 765 766 767 768 769 770 771 772 773 774 775 776 777 778 779 780 781 782 783 784 785 786 787 788 789 790 791 792 793 794 795 796 797 798 799 800 801 802 803 804 805 806 807 808 809 810 811 812 813 814 815 816 817 818 819 820 821 822 823 824 825 826 827 828 829 830 831 832 833 834 835 836 837 838 839 840 841 842 843 844 845 846 847 848 849 850 851 852 853 854 855 856 857 858 859 860 861 862 863 864 865 866 867 868 869 870 871 872 873 874 875 876 877 878 879 880 881 882 883 884 885 886 887 888 889 890 891 892 893 894 895 896 897 898 899 900 901 902 903 904 905 906 907 908 909 910 911 912 913 914 915 916 917 918 919 920 921 922 923 924 925 926 927 928 929 930 931 932 933 934 935 936 937 938 939 940 941 942 943 944 945 946 947 948 949 950 951 952 953 954 955 956 957 958 959 960 961 962 963 964 965 966 967 968 969 970 971 972 973 974 975 976 977 978 979 980 981 982 983 984 985 986 987 988 989 990 991 992 993 994 995 996 997 998
998
647 914 337 405 514 239 512 984 404 413 509 704 307 463 975 258 139 902 614 47 231 106 711 358 285 676 110 296 593 576 44 379 461 87 164 114 348 308 371 598 739 491 690 31 400 663 20 595 169 875 795 869 465 173 361 86 451 351 983 240 946 994 256 731 620 457 229 242 160 426 143 195 470 244 562 102 903 568 324 673 618 965 493 133 942 56 34 309 329 499 977 153 528 260 434 800 854 267 254 423 577 76 856 561 821 22 172 612 926 27 207 417 596 36 597 879 539 629 179 643 174 741 675 973 703 979 915 928 974 455 471 952 84 339 550 317 460 331 17 768 630 954 71 328 236 623 728 421 558 664 787 917 92 363 929 680 951 233 406 69 327 315 268 35 897 871 747 566 49 698 624 107 54 121 575 931 721 706 119 679 986 549 644 261 511 433 416 383 345 438 396 224 864 851 72 667 848 701 559 838 745 636 453 350 725 719 111 901 458 924 891 399 684 896 535 662 774 773 540 374 472 959 736 192 525 717 313 321 67 286 21 408 158 250 638 145 669 386 6 60 591 68 587 74 985 272 613 837 772 234 792 735 464 99 473 63 826 16 547 94 184 291 944 492 806 627 98 163 890 501 812 246 992 565 702 432 323 513 955 648 397 517 592 666 25 230 610 520 960 982 262 836 981 771 628 28 961 398 769 504 635 633 687 840 485 532 13 38 88 895 815 448 227 581 162 845 136 425 814 441 228 390 277 79 749 713 161 144 89 555 138 389 497 817 641 427 3 779 134 616 429 889 373 754 189 640 381 37 500 204 58 655 996 737 757 384 553 24 916 637 55 574 154 589 753 466 651 807 567 995 39 865 343 220 824 435 886 585 32 730 347 494 188 356 480 238 810 967 332 322 860 835 936 507 488 191 281 298 212 45 548 877 853 9 4 159 537 232 510 545 861 791 10 428 600 187 112 997 751 607 148 573 100 825 318 70 336 414 341 770 718 276 186 95 376 833 685 190 524 726 320 599 863 811 530 818 656 312 893 489 57 699 203 683 130 478 66 209 832 137 33 776 14 253 53 366 908 963 834 73 131 221 255 682 707 803 898 456 790 385 608 551 697 632 305 518 831 395 450 816 42 264 83 382 668 605 333 615 90 349 270 724 678 300 729 708 394 761 11 409 185 7 278 5 969 742 282 486 913 288 778 733 649 439 225 686 796 93 957 445 775 306 874 743 215 892 407 847 117 219 852 672 968 872 410 625 259 401 182 135 482 820 357 681 330 744 580 149 199 646 104 75 870 900 274 168 369 78 661 830 786 611 422 362 175 30 101 937 887 557 314 804 987 652 378 723 243 715 364 720 241 283 29 976 48 113 115 40 442 415 839 988 781 619 496 970 420 481 938 287 572 108 247 19 498 340 990 81 604 65 797 906 146 171 546 732 266 295 118 141 714 484 302 808 301 202 360 235 947 346 335 910 120 183 978 560 1 280 523 882 367 584 813 762 352 447 873 692 696 738 569 216 46 150 956 284 196 495 237 904 948 542 80 911 123 26 709 503 180 156 554 474 454 213 437 526 303 932 922 43 966 658 971 716 989 659 483 170 452 802 198 275 125 12 809 178 475 506 677 883 23 993 326 631 588 694 226 431 206 590 177 841 586 502 205 440 950 147 505 380 64 626 522 907 252 223 354 660 41 991 122 516 534 556 201 866 167 759 325 857 419 819 365 344 909 829 355 958 748 918 508 654 782 899 953 789 784 140 299 430 294 249 218 217 531 462 783 521 338 925 603 763 777 767 823 571 151 884 766 479 412 251 949 933 51 527 621 941 894 96 843 700 476 582 998 265 368 634 705 387 444 271 653 319 311 490 334 446 752 552 105 905 785 375 424 257 844 888 756 570 487 459 436 469 392 292 248 200 601 304 722 850 801 827 316 912 538 197 885 842 194 541 403 97 858 103 750 855 862 391 411 859 443 193 372 746 939 881 52 563 166 544 657 533 50 940 402 934 116 945 868 650 710 788 849 377 579 828 342 269 211 536 449 799 310 214 165 477 764 564 208 18 77 670 822 622 734 467 755 642 674 846 519 2 127 359 152 760 921 930 919 689 943 210 780 109 935 128 155 920 176 688 794 878 927 393 578 609 867 876 798 85 923 263 880 61 639 671 793 727 157 132 765 142 279 665 529 758 222 289 297 972 468 980 82 691 388 543 515 606 693 962 124 129 15 594 91 645 126 964 293 290 59 8 245 181 583 602 695 617 740 273 712 62 370 353 418 805
24
17 2 3 4 5 6 7 8 18 10 11 12 13 14 15 16 20 9 19 22 21 1 23 24
3
2 1 3
18
3 2 17 13 1 4 6 14 15 7 8 12 9 11 10 16 18 5
1000
831 811 855 498 174 31 265 878 994 871 918 527 107 23 288 384 359 910 419 285 573 149 14 324 71 216 655 386 758 350 6 852 140 42 700 453 844 293 185 521 541 34 837 151 378 367 531 522 875 146 967 306 188 574 152 950 666 685 755 537 970 135 565 102 448 455 860 323 440 480 25 737 646 992 754 316 641 947 671 657 313 595 214 458 101 126 551 827 611 843 159 179 251 206 789 433 598 262 682 897 85 64 377 824 449 728 13 575 205 538 250 223 797 375 649 786 379 341 533 423 364 624 883 841 812 86 836 997 474 973 768 616 695 161 62 570 202 631 766 33 968 162 456 868 563 50 776 336 22 505 44 55 177 1000 413 430 329 193 91 417 134 142 200 167 529 633 164 999 391 363 207 998 199 5 312 626 153 281 92 397 988 787 742 946 39 686 826 53 944 725 272 337 158 927 229 677 255 592 173 163 917 137 747 237 109 94 171 444 942 972 613 785 445 83 434 26 816 557 895 321 596 647 112 799 828 339 295 258 195 432 914 881 717 621 966 751 204 489 390 930 304 371 546 478 781 454 665 731 958 111 93 953 460 801 197 298 366 228 911 720 639 98 760 980 7 819 410 889 607 283 848 191 814 708 446 933 451 475 672 783 178 493 270 885 20 471 935 15 542 667 864 431 38 535 227 866 303 256 807 398 311 779 297 241 873 52 511 536 913 490 301 175 81 408 815 76 790 738 886 568 220 469 68 24 360 713 418 869 157 853 681 539 678 903 383 148 192 650 226 945 118 769 670 698 921 770 925 907 929 30 412 487 694 548 900 729 518 629 17 325 884 520 170 121 532 257 46 800 447 396 242 957 662 427 114 872 103 45 117 891 484 879 335 16 406 28 530 899 606 239 169 850 772 761 845 370 180 300 803 534 468 735 976 798 712 385 867 314 724 267 636 351 155 865 443 956 160 327 19 862 722 718 120 986 591 877 374 710 584 156 292 230 96 215 802 661 452 576 581 69 805 778 415 208 213 275 369 65 105 691 277 437 36 246 66 143 593 84 709 253 834 479 833 743 774 500 740 401 322 806 286 660 763 129 278 857 916 244 462 70 730 577 908 381 876 609 352 810 238 310 817 894 282 890 714 788 501 4 898 466 497 825 937 928 150 540 983 579 512 948 307 509 820 773 524 567 915 357 893 362 40 48 600 515 723 623 12 931 165 387 47 365 119 400 294 308 60 110 332 506 41 289 993 791 741 243 614 354 975 888 87 936 887 561 645 840 218 651 854 644 554 635 145 680 63 782 516 320 736 136 619 964 21 54 108 438 482 793 508 617 439 804 990 429 995 658 901 707 603 951 425 198 457 955 82 221 599 97 597 523 974 706 589 716 632 389 269 744 486 693 89 896 211 547 673 132 580 684 571 902 234 659 526 122 813 176 749 794 358 949 138 605 166 771 562 411 904 823 261 750 77 961 715 560 555 73 222 965 115 338 558 880 842 727 27 991 80 586 622 472 436 373 870 705 247 57 290 687 757 343 79 279 615 759 748 792 196 333 838 564 331 99 996 618 58 186 668 734 733 932 450 784 610 353 133 938 923 344 909 35 808 703 702 959 664 602 588 274 459 428 863 405 326 495 643 604 233 422 830 260 839 421 525 409 190 939 654 106 356 481 248 829 689 688 402 569 72 318 795 467 545 183 464 608 796 989 203 675 627 640 236 969 922 75 59 963 669 29 674 263 394 978 473 846 892 139 818 131 342 346 634 393 514 465 977 147 952 442 302 924 245 566 280 692 212 116 182 496 95 317 544 676 578 628 739 745 113 404 224 368 254 435 399 582 441 470 299 701 984 488 2 125 625 273 315 217 491 767 266 513 971 835 638 104 502 187 88 225 732 719 1 987 463 461 822 127 43 679 721 556 124 653 90 37 395 764 985 271 861 392 960 32 330 559 3 882 476 981 906 67 849 420 711 291 414 296 407 144 328 663 10 376 305 943 49 485 426 8 382 652 232 856 123 361 284 319 553 550 268 494 380 765 519 492 219 612 100 499 388 355 587 620 334 637 979 859 348 483 699 18 259 940 309 231 517 477 201 11 934 962 345 753 697 780 347 982 194 504 349 240 528 690 276 919 287 552 503 696 726 912 954 209 874 189 340 184 78 510 630 56 590 777 252 941 594 416 372 249 704 851 642 920 756 572 648 235 51 141 752 61 821 210 130 601 549 403 775 762 905 264 858 926 507 809 847 424 832 181 746 583 656 74 543 9 585 683 128 172 168 154
39
1 2 3 4 5 6 7 38 10 13 11 12 9 14 15 17 16 18 20 19 21 22 23 24 25 26 27 28 29 30 31 32 33 34 35 36 37 8 39
27
25 26 3 15 2 18 13 8 9 10 16 12 11 19 14 20 4 23 7 5 21 24 6 22 17 27 1
999
1 2 3 4 5 6 7 8 9 10 11 12 13 14 15 16 17 18 19 20 21 22 23 24 25 26 27 28 29 30 31 32 33 34 35 36 37 38 39 40 41 42 43 44 45 46 47 48 49 50 51 52 53 54 55 56 57 58 59 60 61 62 63 64 65 66 67 68 69 70 71 72 73 74 75 76 77 78 79 80 81 82 83 84 85 86 87 88 89 90 91 92 93 94 95 96 97 98 99 100 101 102 103 104 105 106 107 108 109 110 111 112 113 114 115 116 117 118 119 120 121 122 123 124 125 126 127 128 129 130 131 132 133 134 135 136 137 138 139 140 141 142 143 144 145 146 147 148 149 150 151 152 153 154 155 156 157 158 159 160 161 162 163 164 165 166 167 168 169 170 171 172 173 174 175 176 177 178 179 180 181 182 183 184 185 186 187 188 189 190 191 192 193 194 195 196 197 198 199 200 201 202 203 204 205 206 207 208 209 210 211 212 213 214 215 216 217 218 219 220 221 222 223 224 225 226 227 228 229 230 231 232 233 234 235 236 237 238 239 240 241 242 243 244 245 246 247 248 249 250 251 252 253 254 255 256 257 258 259 260 261 262 263 264 265 266 267 268 269 270 271 272 273 274 275 276 277 278 279 280 281 282 283 284 285 286 287 288 289 290 291 292 293 294 295 296 297 298 299 300 301 302 303 304 305 306 307 308 309 310 311 312 313 314 315 316 317 318 319 320 321 322 323 324 325 326 327 328 329 330 331 332 333 334 335 336 337 338 339 340 341 342 343 344 345 346 347 348 349 350 351 352 353 354 355 356 357 358 359 360 361 362 363 364 365 366 367 368 369 370 371 372 373 374 375 376 377 378 379 380 381 382 383 384 385 386 387 388 389 390 391 392 393 394 395 396 397 398 399 400 401 402 403 404 405 406 407 408 409 410 411 412 413 414 415 416 417 418 419 420 421 422 423 424 425 426 427 428 429 430 431 432 433 434 435 436 437 438 439 440 441 442 443 444 445 446 447 448 449 450 451 452 453 454 455 456 457 458 459 460 461 462 463 464 465 466 467 468 469 470 471 472 473 474 475 476 477 478 479 480 481 482 483 484 485 486 487 488 489 490 491 492 493 494 495 496 497 498 499 500 501 502 503 504 505 506 507 508 509 510 511 512 513 514 515 516 517 518 519 520 521 522 523 524 525 526 527 528 529 530 531 532 533 534 535 536 537 538 539 540 541 542 543 544 545 546 547 548 549 550 551 552 553 554 555 556 557 558 559 560 561 562 563 564 565 566 567 568 569 570 571 572 573 574 575 576 577 578 579 580 581 582 583 584 585 586 587 588 589 590 591 592 593 594 595 596 597 598 599 600 601 602 603 604 605 606 607 608 609 610 611 612 613 614 615 616 617 618 619 620 621 622 623 624 625 626 627 628 629 630 631 632 633 634 635 636 637 638 639 640 641 642 643 644 645 646 647 648 649 650 651 652 653 654 655 656 657 658 659 660 661 662 663 664 665 666 667 668 669 670 671 672 673 674 675 676 677 678 679 680 681 682 683 684 685 686 687 688 689 690 691 692 693 694 695 696 697 698 699 700 701 702 703 704 705 706 707 708 709 710 711 712 713 714 715 716 717 718 719 720 721 722 723 724 725 726 727 728 729 730 731 732 733 734 735 736 737 738 739 740 741 742 743 744 745 746 747 748 749 750 751 752 753 754 755 756 757 758 759 760 761 762 763 764 765 766 767 768 769 770 771 772 773 774 775 776 777 778 779 780 781 782 783 784 785 786 787 788 789 790 791 792 793 794 795 796 797 798 799 800 801 802 803 804 805 806 807 808 809 810 811 812 813 814 815 816 817 818 819 820 821 822 823 824 825 826 827 828 829 830 831 832 833 834 835 836 837 838 839 840 841 842 843 844 845 846 847 848 849 850 851 852 853 854 855 856 857 858 859 860 861 862 863 864 865 866 867 868 869 870 871 872 873 874 875 876 877 878 879 880 881 882 883 884 885 886 887 888 889 890 891 892 893 894 895 896 897 898 899 900 901 902 903 904 905 906 907 908 909 910 911 912 913 914 915 916 917 918 919 920 921 922 923 924 925 926 927 928 929 930 931 932 933 934 935 936 937 938 939 940 941 942 943 944 945 946 947 948 949 950 951 952 953 954 955 956 957 958 959 960 961 962 963 964 965 966 967 968 969 970 971 972 973 974 975 976 977 978 979 980 981 982 983 984 985 986 987 988 989 990 991 992 993 994 995 996 997 998 999
34
1 2 3 4 33 6 13 7 20 8 11 25 5 12 15 16 10 27 17 31 21 22 23 9 24 26 19 28 29 30 18 32 14 34
1000
1 50 3 460 313 6 810 8 9 496 11 12 295 14 422 16 17 18 173 161 21 708 23 809 25 26 27 28 29 135 31 531 33 34 881 587 37 651 136 40 616 586 43 307 716 46 47 48 49 2 51 309 53 54 55 384 57 58 416 60 61 62 63 877 204 732 67 344 142 70 71 776 73 74 354 419 77 433 79 80 692 133 83 494 197 870 887 88 89 212 964 92 93 94 715 400 97 98 99 588 101 160 593 193 105 106 147 662 465 879 948 112 113 114 115 116 117 118 650 235 121 281 123 253 979 613 656 128 129 838 890 132 82 134 30 39 137 138 139 140 508 69 143 850 145 146 107 148 149 621 678 152 153 154 343 156 157 723 781 102 20 162 766 164 413 166 167 168 770 170 171 172 19 174 175 176 177 178 562 607 181 182 183 993 185 186 187 188 189 191 190 192 104 194 475 752 85 198 199 639 220 202 968 65 205 963 249 222 209 376 211 90 213 978 215 216 217 218 219 201 221 208 522 988 335 834 227 228 229 230 442 232 320 520 120 392 579 369 848 240 241 619 243 244 245 246 247 248 207 250 251 458 124 254 785 373 499 633 628 260 705 262 597 264 265 266 267 584 269 950 271 272 273 274 306 276 911 278 279 280 122 991 283 477 360 286 294 426 291 401 289 915 293 287 13 612 297 830 299 300 418 302 303 657 305 275 44 481 52 310 311 387 5 314 701 316 518 318 683 233 321 322 383 324 536 866 699 328 329 330 331 332 333 334 225 336 940 338 339 340 341 342 155 68 345 871 347 348 919 350 351 352 942 75 355 999 900 358 359 285 590 362 663 364 365 366 367 368 238 370 541 788 256 660 441 210 577 869 379 380 758 837 323 56 474 859 312 608 717 390 391 236 393 394 395 396 981 767 399 96 290 888 852 404 405 406 407 408 702 753 755 720 165 414 415 59 417 301 76 585 421 15 546 835 425 288 427 803 989 787 431 488 78 434 435 436 437 438 439 440 375 231 443 444 913 446 447 448 892 450 451 464 673 454 601 456 507 252 459 4 898 462 757 452 109 466 655 468 469 470 529 945 473 385 195 476 284 478 479 851 308 482 483 565 485 635 891 432 946 490 491 492 849 84 495 10 497 550 257 500 501 502 503 504 505 506 457 141 509 510 511 563 896 514 515 516 885 317 519 234 521 223 722 524 525 821 527 528 471 530 32 532 533 534 535 325 537 538 539 712 371 542 543 544 545 423 894 548 549 498 551 552 553 554 555 725 557 641 559 967 561 179 512 954 484 566 893 568 996 570 571 572 573 983 642 576 377 961 237 580 581 582 800 268 420 42 36 100 589 361 591 592 103 594 595 706 263 826 599 818 455 602 669 604 605 606 180 388 609 610 611 296 126 614 750 41 924 998 242 653 150 984 623 624 790 626 627 259 629 630 631 632 258 634 486 636 637 638 200 640 558 575 643 934 807 646 647 648 649 119 38 652 620 654 467 127 304 916 778 374 661 108 363 664 795 666 667 668 603 670 671 672 453 674 675 676 677 151 679 680 681 682 319 684 743 686 687 688 959 690 691 81 987 694 895 696 697 872 327 700 315 409 703 704 261 596 707 22 709 710 711 540 713 764 95 45 389 986 719 412 721 523 158 724 556 726 727 728 729 730 941 66 733 794 735 736 737 738 921 740 927 742 685 744 745 746 747 748 749 615 751 196 410 754 411 756 463 381 759 760 761 906 763 714 820 163 398 768 769 169 771 772 773 774 775 72 777 659 779 780 159 901 865 784 255 786 430 372 789 625 791 792 793 734 665 796 797 798 799 583 801 802 428 858 805 905 645 808 24 7 811 812 997 814 815 841 817 600 819 765 526 822 823 824 825 598 827 828 829 298 831 832 833 226 424 836 382 130 839 840 816 842 843 844 845 846 847 239 493 144 480 403 853 995 949 856 857 804 386 860 912 862 863 864 783 326 867 868 378 86 346 698 873 874 936 876 64 952 110 880 35 882 883 884 517 886 87 402 889 131 487 449 567 547 695 513 937 461 899 357 782 902 903 904 806 762 907 908 909 931 277 861 445 914 292 658 917 918 349 920 739 922 923 617 925 926 741 928 929 930 910 932 933 644 935 875 897 938 939 337 731 353 943 944 472 489 947 111 855 270 951 878 980 564 955 962 957 958 689 960 578 956 206 91 965 966 560 203 969 970 971 972 973 974 975 976 977 214 125 953 397 982 574 622 985 718 693 224 429 990 282 992 184 994 854 569 813 618 356 1000
8
1 5 8 4 2 3 7 6
996
1 2 119 4 5 793 407 116 222 62 11 12 583 756 15 16 17 18 591 20 21 22 23 231 25 939 27 513 29 374 31 32 33 714 35 36 37 38 39 40 41 42 452 44 9 581 47 357 49 448 51 52 53 54 422 56 57 400 59 60 604 201 438 64 65 708 434 584 437 46 71 72 913 74 337 76 77 204 79 803 636 82 83 784 85 86 87 409 89 90 91 92 705 94 95 96 211 690 969 100 101 741 473 104 105 106 802 564 109 110 28 112 113 114 206 768 117 118 432 697 121 122 353 124 125 787 127 128 129 130 727 922 133 134 135 136 137 138 139 395 141 459 34 144 145 146 398 672 469 150 151 152 153 382 58 156 596 158 414 160 103 162 864 164 701 166 495 858 169 10 171 172 173 174 348 176 548 294 179 180 181 182 896 184 226 99 237 188 403 869 191 192 193 194 220 196 402 198 199 200 3 202 203 366 205 186 935 208 209 210 696 212 213 214 215 646 217 218 219 771 221 187 223 224 225 329 227 228 540 230 67 956 167 234 235 236 479 238 424 314 241 777 571 244 245 246 111 248 769 250 251 252 253 254 255 870 257 258 817 260 867 903 263 264 265 266 267 268 428 270 271 878 273 408 490 276 599 278 279 190 281 291 992 417 285 286 680 288 289 290 299 292 346 243 295 296 297 298 722 859 301 302 303 669 305 306 307 430 293 310 910 461 493 97 315 384 317 318 149 320 321 322 323 55 325 326 327 328 866 330 331 332 333 413 335 88 861 338 810 340 341 342 343 344 345 93 347 893 349 763 831 352 961 354 675 356 625 358 567 945 361 132 363 364 921 120 24 368 369 370 419 967 373 640 277 376 377 885 379 380 381 764 383 161 385 309 387 388 389 390 391 392 393 394 13 396 397 589 399 274 401 163 249 404 405 406 942 809 170 410 411 412 739 600 415 416 372 418 897 420 929 262 423 123 425 895 427 976 30 465 431 749 977 63 762 436 480 683 440 520 441 429 443 284 48 446 447 713 449 450 451 670 453 770 455 456 457 458 351 949 272 462 463 464 560 466 467 468 954 470 471 472 362 421 635 476 477 478 282 375 481 482 483 157 485 486 487 70 489 792 319 492 556 494 514 496 497 498 499 674 501 502 503 504 718 506 507 508 81 510 511 512 953 444 515 516 517 518 519 760 521 522 523 524 140 526 527 528 529 530 531 532 312 534 535 536 952 538 539 143 541 542 543 544 195 546 547 177 549 550 551 552 553 554 555 107 557 558 559 525 561 775 563 142 565 566 445 568 569 433 61 572 573 574 575 658 639 576 579 580 197 148 131 595 609 586 587 588 737 590 849 229 593 232 934 601 597 175 484 84 789 602 603 98 19 189 607 608 334 610 892 612 183 614 615 616 178 618 619 620 621 7 623 624 280 311 627 562 629 841 631 632 633 634 946 663 656 336 537 14 641 642 643 644 645 75 647 648 649 650 651 652 653 654 655 475 657 801 78 660 661 662 168 664 665 613 667 668 758 981 239 80 155 545 806 676 677 488 679 876 681 682 827 684 685 686 687 688 689 585 691 692 693 694 695 578 860 698 300 700 678 702 703 704 242 706 707 715 709 710 711 712 256 989 920 716 985 269 719 720 721 671 723 724 725 287 304 728 729 102 731 732 733 734 735 736 855 738 972 740 339 742 743 744 745 283 747 748 509 750 751 752 753 754 755 216 757 126 759 207 69 570 907 659 765 766 767 666 240 598 365 73 773 774 852 776 923 778 779 500 781 782 783 233 785 147 673 788 983 790 791 638 474 794 795 796 797 577 799 800 115 386 324 804 805 906 807 808 630 930 811 812 813 814 815 816 963 818 819 820 821 822 823 824 825 730 628 828 829 830 185 832 50 834 835 836 837 838 839 840 505 842 843 844 845 846 847 848 8 850 851 958 853 854 889 856 857 611 960 936 915 862 863 26 865 371 359 868 606 761 871 872 873 378 875 350 439 622 879 880 881 882 883 884 617 886 887 888 367 890 891 637 442 894 826 108 592 898 899 900 901 902 491 904 905 772 994 908 909 717 911 912 582 914 355 916 917 918 426 798 460 316 313 924 925 926 927 928 154 6 931 932 933 786 877 874 937 938 68 940 941 259 943 944 165 275 947 948 699 950 951 833 308 919 955 45 957 594 959 454 261 962 605 964 965 966 533 968 43 970 971 726 973 974 975 247 66 978 979 980 159 982 746 984 626 986 987 988 360 990 991 435 993 780 995 996
3
3 1 2
996
1 2 3 4 5 6 7 8 9 10 11 12 13 14 15 16 17 18 19 20 21 22 23 24 25 26 27 28 29 30 31 32 33 34 35 36 37 38 39 40 41 42 43 44 45 46 47 48 49 50 51 52 53 54 55 56 57 58 59 60 61 62 63 64 65 66 67 68 69 70 71 72 73 74 75 76 77 78 79 80 81 82 83 84 85 86 87 88 89 90 91 92 93 94 95 96 97 98 99 100 101 102 103 104 105 106 107 108 109 110 111 112 113 114 115 116 117 118 119 120 121 122 123 124 125 126 127 128 129 130 131 132 133 134 135 136 137 138 139 140 141 142 143 144 145 146 147 148 149 150 151 152 153 154 155 156 157 158 159 160 161 162 163 164 165 166 167 168 169 170 171 172 173 174 175 176 177 178 179 180 181 182 183 184 185 186 187 188 189 190 191 192 193 194 195 196 197 198 199 200 201 202 203 204 205 206 207 208 209 210 211 212 213 214 215 216 217 218 219 220 221 222 223 224 225 226 227 228 229 230 231 232 233 234 235 236 237 238 239 240 241 242 243 244 245 246 247 248 249 250 251 252 253 254 255 256 257 258 259 260 261 262 263 264 265 266 267 268 269 270 271 272 273 274 275 276 277 278 279 280 281 282 283 284 285 286 287 288 289 290 291 292 293 294 295 296 297 298 299 300 301 302 303 304 305 306 307 308 309 310 311 312 313 314 315 316 317 318 319 320 321 322 323 324 325 326 327 328 329 330 331 332 333 334 335 336 337 338 339 340 341 342 343 344 345 346 347 348 349 350 351 352 353 354 355 356 357 358 359 360 361 362 363 364 365 366 367 368 369 370 371 372 373 374 375 376 377 378 379 380 381 382 383 384 385 386 387 388 389 390 391 392 393 394 395 396 397 398 399 400 401 402 403 404 405 406 407 408 409 410 411 412 413 414 415 416 417 418 419 420 421 422 423 424 425 426 427 428 429 430 431 432 433 434 435 436 437 438 439 440 441 442 443 444 445 446 447 448 449 450 451 452 453 454 455 456 457 458 459 460 461 462 463 464 465 466 467 468 469 470 471 472 473 474 475 476 477 478 479 480 481 482 483 484 485 486 487 488 489 490 491 492 493 494 495 496 497 498 499 500 501 502 503 504 505 506 507 508 509 510 511 512 513 514 515 516 517 518 519 520 521 522 523 524 525 526 527 528 529 530 531 532 533 534 535 536 537 538 539 540 541 542 543 544 545 546 547 548 549 550 551 552 553 554 555 556 557 558 559 560 561 562 563 564 565 566 567 568 569 570 571 572 573 574 575 576 577 578 579 580 581 582 583 584 585 586 587 588 589 590 591 592 593 594 595 596 597 598 599 600 601 602 603 604 605 606 607 608 609 610 611 612 613 614 615 616 617 618 619 620 621 622 623 624 625 626 627 628 629 630 631 632 633 634 635 636 637 638 639 640 641 642 643 644 645 646 647 648 649 650 651 652 653 654 655 656 657 658 659 660 661 662 663 664 665 666 667 668 669 670 671 672 673 674 675 676 677 678 679 680 681 682 683 684 685 686 687 688 689 690 691 692 693 694 695 696 697 698 699 700 701 702 703 704 705 706 707 708 709 710 711 712 713 714 715 716 717 718 719 720 721 722 723 724 725 726 727 728 729 730 731 732 733 734 735 736 737 738 739 740 741 742 743 744 745 746 747 748 749 750 751 752 753 754 755 756 757 758 759 760 761 762 763 764 765 766 767 768 769 770 771 772 773 774 775 776 777 778 779 780 781 782 783 784 785 786 787 788 789 790 791 792 793 794 795 796 797 798 799 800 801 802 803 804 805 806 807 808 809 810 811 812 813 814 815 816 817 818 819 820 821 822 823 824 825 826 827 828 829 830 831 832 833 834 835 836 837 838 839 840 841 842 843 844 845 846 847 848 849 850 851 852 853 854 855 856 857 858 859 860 861 862 863 864 865 866 867 868 869 870 871 872 873 874 875 876 877 878 879 880 881 882 883 884 885 886 887 888 889 890 891 892 893 894 895 896 897 898 899 900 901 902 903 904 905 906 907 908 909 910 911 912 913 914 915 916 917 918 919 920 921 922 923 924 925 926 927 928 929 930 931 932 933 934 935 936 937 938 939 940 941 942 943 944 945 946 947 948 949 950 951 952 953 954 955 956 957 958 959 960 961 962 963 964 965 966 967 968 969 970 971 972 973 974 975 976 977 978 979 980 981 982 983 984 985 986 987 988 989 990 991 992 993 994 995 996
998
633 815 653 635 852 660 50 34 144 921 459 687 796 923 71 140 204 944 29 156 187 784 694 980 374 415 614 591 733 833 167 163 825 567 174 92 76 145 497 703 837 222 884 820 525 229 925 800 537 367 571 902 347 474 644 165 238 166 99 59 634 731 293 568 680 835 532 378 162 730 235 931 672 623 32 504 891 349 580 462 19 52 927 441 743 152 544 382 762 716 654 970 169 101 455 158 828 656 414 552 707 712 305 949 421 46 457 646 527 447 280 16 38 330 533 383 857 803 777 652 521 816 21 392 886 966 756 408 63 283 118 423 51 126 669 444 725 598 30 164 861 650 876 840 413 875 370 299 752 795 900 10 809 862 232 484 924 684 272 73 358 249 482 812 831 466 797 327 170 832 934 659 42 341 761 794 663 406 487 638 910 215 13 372 626 772 821 643 769 505 419 407 719 511 160 518 667 211 45 937 982 322 818 425 480 648 746 314 979 14 354 729 270 279 181 27 72 665 692 136 490 364 872 250 403 585 244 778 150 657 336 865 148 111 442 61 799 547 492 597 691 907 194 753 268 569 9 823 175 428 844 698 566 478 239 717 679 529 770 201 37 241 649 810 173 449 829 68 953 494 489 219 744 8 863 178 12 573 714 340 888 91 286 6 98 808 912 461 850 742 727 981 972 834 433 277 320 117 841 539 465 197 629 274 713 307 422 93 901 44 750 80 26 811 971 397 859 386 908 360 439 290 605 89 786 36 570 195 664 196 589 587 783 362 247 130 325 590 890 147 905 564 375 995 410 565 975 11 218 596 472 269 632 637 256 343 676 231 906 265 889 724 318 849 488 926 240 302 203 262 284 264 105 947 964 188 720 651 513 434 702 116 399 853 776 722 345 371 779 225 824 640 324 400 705 806 715 763 696 127 599 952 285 298 391 206 346 212 510 814 70 453 751 363 697 366 128 485 470 380 183 207 368 668 159 402 602 125 987 333 430 263 214 805 689 674 411 942 275 728 185 885 237 530 337 917 48 25 260 920 252 184 352 706 576 534 701 658 57 17 200 768 685 288 149 782 1 369 373 545 381 77 961 88 673 67 558 334 350 993 137 103 945 266 180 930 389 2 962 53 102 135 495 496 228 168 609 627 662 217 245 789 481 323 473 983 610 542 686 516 520 100 869 700 326 395 732 356 524 353 974 499 709 655 177 933 946 986 642 282 540 880 546 452 792 615 858 608 446 618 119 688 586 874 315 675 549 242 82 361 22 426 938 476 49 711 309 301 199 965 955 766 317 641 468 514 456 501 312 522 28 507 621 191 967 899 878 836 458 348 384 198 531 328 963 335 940 5 208 839 519 780 121 108 918 139 429 695 588 893 491 308 297 745 313 107 331 344 209 79 677 948 443 969 563 351 467 911 508 636 785 226 764 40 154 957 95 871 432 575 739 631 577 112 710 292 385 479 613 868 740 904 842 690 773 767 182 396 464 976 557 448 469 267 153 224 18 47 506 887 114 401 997 954 409 877 295 437 748 897 176 131 227 155 757 759 387 771 120 989 186 817 85 86 248 939 879 854 847 611 845 998 253 735 526 594 329 110 830 559 171 281 104 436 359 867 903 950 856 802 882 960 914 316 774 134 460 625 721 172 736 941 291 600 179 319 236 928 791 234 435 475 755 258 233 523 94 58 855 977 992 536 450 670 355 246 630 647 843 616 438 622 699 379 595 798 922 273 754 601 129 157 535 681 216 54 220 892 420 376 624 296 985 846 978 793 300 278 584 822 896 895 765 3 898 230 65 83 959 543 62 417 813 451 84 192 259 801 393 749 424 306 205 758 619 202 493 578 708 738 357 257 929 553 943 56 431 807 988 445 500 477 124 678 23 289 704 483 75 683 581 788 781 463 990 412 502 661 973 78 398 747 548 541 916 562 7 133 984 572 142 628 223 737 866 486 213 958 509 503 310 741 141 617 775 210 996 915 193 607 243 138 787 390 31 873 603 394 271 645 935 43 517 221 604 418 20 693 551 96 303 388 64 512 804 682 639 151 579 556 827 936 515 60 991 881 311 377 427 826 913 848 161 528 15 97 255 41 550 321 90 671 864 606 69 294 932 416 74 883 276 620 454 339 405 287 4 304 819 968 106 555 956 723 860 560 718 143 24 109 994 123 471 87 251 35 919 66 593 894 254 440 582 909 39 115 592 760 851 33 554 122 790 261 113 132 538 612 951 365 332 726 561 666 583 342 55 498 189 81 574 734 146 838 338 870 404 190
1000
283 13 400 539 334 626 571 588 1000 438 907 92 955 106 351 601 735 549 432 574 210 853 779 969 998 60 53 879 894 570 386 390 104 352 425 22 544 836 715 620 616 819 789 960 411 279 938 232 733 825 631 756 85 736 661 694 872 200 474 83 534 566 608 272 152 965 514 708 704 241 512 20 565 354 188 833 820 253 889 787 524 923 610 727 495 851 442 335 177 698 476 3 951 575 686 287 690 762 75 934 759 170 602 251 173 324 163 823 98 929 133 275 291 243 749 933 219 504 936 954 46 181 671 910 38 139 11 24 383 895 240 162 791 256 615 430 185 142 958 776 257 356 15 536 572 822 218 814 885 890 980 434 968 151 876 674 362 161 346 120 906 974 687 725 731 741 796 371 77 135 877 137 597 501 180 57 650 882 926 900 614 455 503 150 72 259 511 866 316 997 986 169 695 18 107 848 262 589 844 710 712 325 460 155 264 949 944 552 413 276 207 464 327 724 541 166 408 767 385 912 488 939 339 557 55 317 711 494 981 532 48 300 639 214 113 502 94 280 893 157 109 331 679 654 105 42 611 370 52 4 978 73 739 884 994 975 229 389 832 697 937 593 471 337 129 911 96 987 203 598 533 817 293 871 583 831 194 281 95 559 391 146 604 956 888 342 66 961 268 945 785 131 128 517 716 35 424 2 437 561 406 347 703 681 513 802 436 841 21 742 527 921 441 761 44 973 237 349 422 118 784 140 242 250 168 717 721 344 935 525 920 584 50 751 165 644 414 112 448 473 677 753 520 395 542 537 887 63 662 31 381 992 635 388 996 260 212 645 962 51 693 440 122 366 629 211 896 404 685 810 136 718 167 798 675 713 875 813 487 6 547 873 270 942 58 367 419 416 288 267 692 64 99 678 563 141 491 745 477 807 594 412 892 948 862 651 878 307 744 43 770 393 225 305 850 643 852 908 658 478 350 806 838 913 445 775 493 323 837 373 379 765 905 74 967 329 917 834 449 555 428 497 970 399 702 931 771 982 217 829 93 454 466 696 80 804 340 483 567 380 244 522 465 255 59 783 821 149 729 227 706 728 924 755 653 673 988 397 215 847 69 190 301 612 30 732 818 61 603 554 387 127 605 633 553 286 663 252 535 156 100 691 560 121 40 132 867 773 943 683 576 901 723 666 509 623 865 914 989 269 297 977 426 688 928 769 248 993 490 119 816 353 115 506 577 591 516 734 947 144 966 110 870 296 463 86 171 429 220 447 470 607 758 600 622 569 312 314 624 792 835 568 431 318 205 45 418 359 746 891 665 332 5 375 233 403 586 468 543 582 213 558 289 619 295 178 498 54 812 714 730 405 480 578 198 700 202 995 528 617 172 108 222 709 641 292 111 320 355 777 143 860 101 786 208 809 273 310 234 500 47 68 930 701 123 62 469 12 330 827 154 184 842 444 14 189 450 646 398 689 89 195 856 849 285 632 265 540 869 481 857 839 179 859 81 17 182 311 530 768 508 811 254 660 8 902 196 19 868 667 114 421 249 874 976 65 747 368 348 579 322 343 596 790 707 16 39 148 903 664 485 529 795 313 290 925 451 971 321 738 843 309 897 484 231 499 573 284 378 668 97 326 953 278 37 950 781 304 192 861 642 84 940 56 991 164 433 625 125 757 531 846 261 235 545 49 410 538 88 581 719 916 794 25 193 655 209 282 230 587 246 801 138 780 274 550 647 199 788 302 224 201 656 420 117 271 363 369 308 972 360 228 505 76 175 475 27 277 510 191 116 336 648 382 941 618 722 580 904 423 546 36 174 26 374 87 845 124 774 649 984 443 361 486 33 372 41 247 922 407 341 699 669 23 637 766 409 377 737 551 740 754 439 743 102 376 657 134 636 684 70 462 357 467 863 394 345 91 898 918 417 28 223 176 263 957 919 609 435 548 147 800 9 805 319 824 216 29 523 808 750 564 797 245 392 415 79 145 886 990 103 999 299 183 830 456 452 446 855 496 680 130 402 34 985 556 932 204 518 764 793 915 676 613 880 515 562 638 294 315 427 459 472 458 266 595 858 815 670 78 634 153 521 396 864 401 526 606 826 384 979 590 720 187 159 840 90 197 983 519 748 659 479 726 82 338 682 364 799 752 328 828 959 628 621 160 306 627 927 909 640 258 453 492 964 67 760 803 32 71 482 10 599 206 772 298 1 303 7 899 239 238 226 763 883 782 507 365 489 461 585 672 881 963 854 236 221 778 630 186 652 158 358 333 126 457 592 952 705 946
2
2 1
48
43 2 4 19 5 37 7 15 30 9 35 3 27 31 33 16 38 20 26 22 21 18 40 24 34 41 29 1 39 12 32 46 42 13 23 14 28 11 48 36 25 6 10 45 44 47 17 8
998
522 238 198 463 201 51 19 694 649 564 693 607 266 915 33 182 762 627 239 908 331 944 513 856 934 567 254 52 827 645 406 261 336 940 212 72 634 189 921 363 903 116 100 427 210 3 890 377 612 873 366 749 227 372 885 723 680 252 829 609 570 692 771 732 647 599 389 264 68 660 952 638 162 58 347 760 143 118 502 220 586 335 13 837 386 581 466 451 632 9 371 115 404 548 892 535 330 152 979 301 237 722 441 370 791 954 806 102 206 471 284 720 36 624 562 345 565 383 857 884 442 688 381 125 428 270 54 818 394 142 89 37 219 177 994 409 445 964 854 735 941 109 295 324 842 477 275 507 617 357 869 253 583 754 446 305 223 32 348 343 579 23 180 839 289 26 126 190 452 48 889 737 516 961 76 865 571 487 81 412 148 167 736 830 838 21 717 291 695 687 50 425 897 233 803 387 497 584 675 134 313 69 896 8 804 849 883 127 603 747 521 718 476 365 555 534 245 184 99 523 298 963 925 641 80 800 942 674 163 170 416 25 141 780 967 16 807 639 750 987 893 604 458 846 759 185 435 899 843 405 456 911 966 673 929 110 592 655 900 248 192 337 433 796 121 393 628 755 716 35 905 469 63 913 596 637 273 10 658 101 591 304 738 626 368 472 872 71 733 524 430 53 235 918 420 686 739 614 263 551 74 813 292 715 103 698 907 455 149 536 505 678 670 519 774 844 411 159 209 128 188 919 947 909 959 132 429 249 166 474 287 512 859 122 629 784 706 44 734 208 62 920 597 970 572 453 851 440 176 886 478 509 671 119 285 550 272 236 802 150 312 757 271 585 652 426 380 906 282 454 307 207 130 496 714 92 413 4 841 131 721 105 608 161 20 318 83 359 153 578 797 200 770 213 820 832 665 67 727 916 231 787 135 853 376 788 247 580 90 488 164 439 222 993 465 819 981 790 320 402 240 369 5 485 1 382 860 661 379 205 835 939 444 526 7 782 228 139 493 990 772 112 955 173 525 996 34 15 297 776 763 690 969 136 914 325 93 171 874 481 766 982 822 66 984 998 991 810 672 701 242 768 503 528 875 798 78 539 340 353 917 814 221 923 215 423 124 462 46 691 816 243 443 259 197 196 390 338 828 246 549 858 709 203 18 710 419 927 154 457 172 744 28 833 484 542 351 373 531 178 852 384 887 667 447 194 274 424 286 24 786 265 450 401 631 601 437 12 745 506 566 834 574 861 616 895 61 697 281 870 682 625 408 183 702 77 630 346 169 589 499 556 120 648 388 315 668 378 635 241 785 461 657 643 308 863 82 552 483 711 898 460 511 582 280 232 186 748 59 946 391 276 302 933 731 398 224 876 794 561 403 434 558 468 779 73 778 573 684 679 199 809 725 777 449 587 595 758 339 514 355 517 563 743 361 741 619 808 251 815 700 877 45 992 974 174 495 569 831 669 65 344 951 322 666 689 633 87 326 659 504 464 486 681 191 17 545 888 492 546 538 862 303 662 321 95 107 986 866 352 949 396 537 230 27 129 133 436 805 823 922 978 972 577 327 204 214 229 438 421 801 882 740 332 653 621 309 559 615 288 415 510 644 575 812 86 392 943 317 761 257 977 399 817 605 156 590 568 636 258 94 314 663 181 976 910 293 250 55 75 824 175 588 611 901 855 306 618 651 793 97 950 960 14 64 623 957 956 482 40 349 836 106 137 997 334 753 541 988 385 147 42 958 360 407 151 560 38 49 775 311 467 868 299 646 114 664 879 989 971 267 724 576 847 677 600 642 79 296 491 931 880 792 473 113 773 310 742 395 795 417 168 498 422 108 622 494 354 70 255 140 2 930 683 878 146 867 783 821 654 708 713 30 781 269 329 752 418 60 328 547 350 217 751 138 620 864 341 88 928 179 554 145 300 729 871 650 656 557 764 712 767 500 56 218 96 602 613 685 91 501 973 158 540 924 117 479 850 111 529 144 935 825 226 894 39 155 211 746 165 965 840 85 520 6 342 356 290 244 475 319 480 98 699 945 730 216 726 431 490 811 983 598 543 530 610 277 104 375 769 696 707 799 432 470 705 323 333 728 43 489 268 31 29 902 881 719 932 926 553 936 400 904 225 848 256 593 11 532 515 948 260 57 527 278 187 891 84 316 533 22 123 410 157 41 374 980 202 279 508 414 703 756 262 789 193 704 283 765 985 962 397 676 367 195 975 448 968 160 912 518 995 826 47 364 640 459 606 594 938 937 234 294 358 845 362 953 544
26
1 2 3 4 5 6 7 8 9 10 11 12 13 14 15 22 17 18 19 20 21 16 23 24 25 26
997
1 2 3 4 5 6 7 8 9 10 11 12 13 14 15 16 17 18 19 20 21 22 23 24 25 26 27 28 29 30 31 32 33 34 35 36 37 38 39 40 41 42 43 44 45 46 47 48 49 50 51 52 53 54 55 56 57 58 59 60 61 62 63 64 65 66 67 68 69 70 71 72 73 74 75 76 77 78 79 80 81 82 83 84 85 86 87 88 89 90 91 92 93 94 95 96 97 98 99 100 101 102 103 104 105 106 107 108 109 110 111 112 113 114 115 116 117 118 119 120 121 122 123 124 125 126 127 128 129 130 131 132 133 134 135 136 137 138 139 140 141 142 143 144 145 146 147 148 149 150 151 152 153 154 155 156 157 158 159 160 161 162 163 164 165 166 167 168 169 170 171 172 173 174 175 176 177 178 179 180 181 182 183 184 185 186 187 188 189 190 191 192 193 194 195 196 197 198 199 200 201 202 203 204 205 206 207 208 209 210 211 212 213 214 215 216 217 218 219 220 221 222 223 224 225 226 227 228 229 230 231 232 233 234 235 236 237 238 239 240 241 242 243 244 245 246 247 248 249 250 251 252 253 254 255 256 257 258 259 260 261 262 263 264 265 266 267 268 269 270 271 272 273 274 275 276 277 278 279 280 281 282 283 284 285 286 287 288 289 290 291 292 293 294 295 296 297 298 299 300 301 302 303 304 305 306 307 308 309 310 311 312 313 314 315 316 317 318 319 320 321 322 323 324 325 326 327 328 329 330 331 332 333 334 335 336 337 338 339 340 341 342 343 344 345 346 347 348 349 350 351 352 353 354 355 356 357 358 359 360 361 362 363 364 365 366 367 368 369 370 371 372 373 374 375 376 377 378 379 380 381 382 383 384 385 386 387 388 389 390 391 392 393 394 395 396 397 398 399 400 401 402 403 404 405 406 407 408 409 410 411 412 413 414 415 416 417 418 419 420 421 422 423 424 425 426 427 428 429 430 431 432 433 434 435 436 437 438 439 440 441 442 443 444 445 446 447 448 449 450 451 452 453 454 455 456 457 458 459 460 461 462 463 464 465 466 467 468 469 470 471 472 473 474 475 476 477 478 479 480 481 482 483 484 485 486 487 488 489 490 491 492 493 494 495 496 497 498 499 500 501 502 503 504 505 506 507 508 509 510 511 512 513 514 515 516 517 518 519 520 521 522 523 524 525 526 527 528 529 530 531 532 533 534 535 536 537 538 539 540 541 542 543 544 545 546 547 548 549 550 551 552 553 554 555 556 557 558 559 560 561 562 563 564 565 566 567 568 569 570 571 572 573 574 575 576 577 578 579 580 581 582 583 584 585 586 587 588 589 590 591 592 593 594 595 596 597 598 599 600 601 602 603 604 605 606 607 608 609 610 611 612 613 614 615 616 617 618 619 620 621 622 623 624 625 626 627 628 629 630 631 632 633 634 635 636 637 638 639 640 641 642 643 644 645 646 647 648 649 650 651 652 653 654 655 656 657 658 659 660 661 662 663 664 665 666 667 668 669 670 671 672 673 674 675 676 677 678 679 680 681 682 683 684 685 686 687 688 689 690 691 692 693 694 695 696 697 698 699 700 701 702 703 704 705 706 707 708 709 710 711 712 713 714 715 716 717 718 719 720 721 722 723 724 725 726 727 728 729 730 731 732 733 734 735 736 737 738 739 740 741 742 743 744 745 746 747 748 749 750 751 752 753 754 755 756 757 758 759 760 761 762 763 764 765 766 767 768 769 770 771 772 773 774 775 776 777 778 779 780 781 782 783 784 785 786 787 788 789 790 791 792 793 794 795 796 797 798 799 800 801 802 803 804 805 806 807 808 809 810 811 812 813 814 815 816 817 818 819 820 821 822 823 824 825 826 827 828 829 830 831 832 833 834 835 836 837 838 839 840 841 842 843 844 845 846 847 848 849 850 851 852 853 854 855 856 857 858 859 860 861 862 863 864 865 866 867 868 869 870 871 872 873 874 875 876 877 878 879 880 881 882 883 884 885 886 887 888 889 890 891 892 893 894 895 896 897 898 899 900 901 902 903 904 905 906 907 908 909 910 911 912 913 914 915 916 917 918 919 920 921 922 923 924 925 926 927 928 929 930 931 932 933 934 935 936 937 938 939 940 941 942 943 944 945 946 947 948 949 950 951 952 953 954 955 956 957 958 959 960 961 962 963 964 965 966 967 968 969 970 971 972 973 974 975 976 977 978 979 980 981 982 983 984 985 986 987 988 989 990 991 992 993 994 995 996 997
5
1 2 4 3 5
26
11 7 16 22 5 4 26 8 14 12 9 3 13 17 6 15 2 18 10 20 21 19 1 24 25 23
8
4 6 3 7 2 8 5 1
1000
985 2 3 355 5 299 7 387 135 665 11 721 252 14 15 131 17 408 19 550 21 22 23 24 25 839 979 321 564 288 884 32 793 383 897 36 37 920 39 695 41 541 742 115 599 605 47 245 552 50 902 226 878 54 783 56 57 414 151 60 998 172 63 64 65 927 238 450 975 70 71 718 267 74 75 870 77 449 617 80 81 82 812 972 85 111 87 88 324 90 91 313 242 94 817 917 97 98 690 557 101 265 903 104 248 106 976 108 109 110 86 727 113 465 44 181 117 118 119 142 886 628 123 124 960 967 684 128 642 130 16 132 291 860 9 136 137 719 139 892 141 120 143 741 459 146 147 305 149 150 59 779 973 437 512 722 874 931 712 160 161 358 163 947 165 235 167 168 486 170 171 62 318 174 175 176 177 421 673 353 116 778 183 431 185 752 187 188 189 190 713 999 634 194 195 196 565 198 199 200 207 829 738 818 249 206 201 208 811 210 553 212 702 214 767 216 217 921 330 436 789 813 223 224 225 52 227 228 229 893 511 610 233 234 166 236 483 67 239 980 241 93 561 844 48 345 247 105 205 250 840 13 356 430 255 404 257 258 259 381 261 262 982 452 102 862 73 268 456 270 621 272 273 766 275 338 935 278 391 331 825 282 283 562 285 286 287 30 471 290 133 463 595 869 591 296 694 332 6 995 304 639 303 301 148 306 307 487 327 310 556 710 92 314 834 316 440 173 319 474 28 322 672 89 325 367 309 328 406 219 280 298 514 932 335 399 337 276 339 340 655 675 343 344 246 346 347 410 498 350 351 352 180 626 4 253 357 162 723 360 361 737 364 363 923 366 326 368 369 370 371 838 373 883 522 376 377 792 379 380 260 382 34 558 945 386 8 760 389 656 279 392 977 587 401 396 833 398 336 400 395 402 922 256 405 329 856 18 409 348 411 412 962 58 415 635 417 418 500 505 178 859 643 782 640 426 427 428 819 254 184 432 589 434 964 220 154 939 439 317 882 442 443 444 445 446 620 448 78 68 451 264 809 454 455 269 457 775 145 460 951 462 292 464 114 466 597 468 682 470 289 472 473 320 681 671 734 670 479 480 481 482 237 971 485 169 308 518 489 490 491 592 759 696 495 986 497 349 499 419 594 517 503 735 420 506 507 508 509 510 231 155 677 333 515 680 502 488 519 520 880 375 603 524 708 969 527 679 529 530 910 532 533 930 535 536 537 780 539 570 42 542 546 544 545 543 547 653 699 20 776 49 211 798 913 311 100 384 611 569 243 284 563 29 197 566 567 568 560 540 571 891 573 574 575 576 577 851 579 580 581 582 583 584 832 586 394 588 433 651 295 492 593 501 293 644 467 598 45 600 822 879 523 604 46 606 607 608 961 232 559 612 693 614 876 616 79 618 619 447 271 926 674 624 625 354 627 122 629 630 631 958 668 193 416 636 637 638 302 425 641 129 423 596 957 720 770 769 649 650 590 652 548 654 341 390 750 802 659 660 661 662 663 828 10 666 667 633 669 478 476 323 179 623 342 799 513 678 528 516 475 469 683 127 685 686 959 688 689 99 691 692 613 297 40 494 906 698 549 700 701 213 703 704 705 717 736 525 709 312 954 159 191 714 715 836 706 72 138 646 12 156 359 724 725 726 112 744 816 730 731 732 733 477 504 707 362 203 739 740 144 43 743 728 745 746 747 748 753 657 881 186 749 754 755 756 757 907 493 388 898 762 763 827 765 274 215 768 648 647 771 772 773 774 458 551 916 182 152 538 781 424 55 784 785 989 787 788 221 790 791 378 33 794 795 796 797 554 676 800 801 658 803 955 805 830 807 808 453 810 209 83 222 814 815 729 95 204 429 820 821 601 823 824 281 826 764 664 202 806 831 585 397 315 835 716 837 372 26 251 841 965 843 244 845 846 847 987 849 850 578 852 853 854 855 407 857 858 422 134 861 266 863 864 865 866 997 868 294 76 871 872 873 157 875 615 877 53 602 521 751 441 374 31 919 121 887 888 889 890 572 140 230 894 895 896 35 761 899 900 901 51 103 904 988 697 758 937 909 531 911 912 555 914 915 777 96 918 885 38 218 403 365 924 925 622 66 928 929 534 158 334 933 934 277 936 908 938 438 940 941 942 943 944 385 946 164 948 949 950 461 952 953 711 804 956 645 632 687 125 609 413 963 435 842 966 126 968 526 970 484 84 153 974 69 107 393 978 27 240 981 263 983 984 1 496 848 905 786 990 991 992 993 994 300 996 867 61 192 1000
30
1 8 12 25 11 6 3 14 9 10 4 28 13 26 15 16 21 18 19 7 23 22 5 2 20 27 24 17 29 30
33
28 11 24 27 30 6 3 8 9 10 14 4 13 5 15 16 17 18 7 20 21 22 23 19 25 2 12 1 29 26 31 32 33
