100
55
0.97435896866
0.858608952
0.47267236448
0.41834106281
0.24733592861
0.0295645
0.12
0.10076926572
0.98902606311
0.78713297665
0.41904
0.8455840884
0.02838376553
0.75029399563
0.91450979218
0.11065950877
0.69960483944
0.70537846757
0.7
0.98775600114
0.69455331975
0.90119553818
0.06409448697
0.2175
0.69454732685
0.75
0.25616074225
0.23180511221
0.97160404701
0.11111111112
0.89256
0.225
0.63653902944
0.75033024473
0.99711553631
0.4229948
0.74119422218
0.96995012172
0.05
0.89025672827
0.93116455
0.8356962505
0.77777777778
0.8325477335
0.025
0.30850649461
0.97527433624
0.09880446182
0.25
0.269
0.69272976681
0.23151777325
0.02592245969
0.98891684466
0.075
25
0.97161623447
0.74454611023
0.2318206064
0.975
0.33058603736
0.00824188792
0.075
0.91484870341
0.99175811208
0.25545388977
0.66941396264
0.74383925775
0.23151777325
0.675
0.70358661454
0.25
0.00288446369
0.325
0.76636166931
0.75205358075
0.98775600114
0.925
0.9
0.025
0.22358266654
25
0.47744567011
0.24597319339
0.03986817904
0.91874168221
0.50399118134
0.17975778245
0.53865426441
0.94428331571
0.89284555566
0.80062973532
0.87325041042
0.80681099292
0.20893425605
0.50668646162
0.99126582434
0.31108621494
0.41930462342
0.35730037396
0.84361898931
0.29090439813
0.32749711732
0.01341645729
0.39548087111
0.97386526736
0.25559389909
25
0.37865742514
0.29491180616
0.98194240879
0.63581455423
0.38451628721
0.10094432557
0.53634811794
0.07936409664
0.61708412675
0.83484050093
0.24907354974
0.00705828653
0.81417954739
0.68047189433
0.36376756419
0.69384325258
0.88877851629
0.86874899074
0.39848106474
0.53119150933
0.94478895691
0.46484789821
0.40140444076
0.49870363528
0.02866980711
25
0.09880446182
0.03673199658
0.75322930018
0.6
0.7
0.97761295899
0.75033024473
0.038721
0.775
0.99634202104
0.2565479417
0.9
0.77489755841
0.075
0.70091499207
0.76940035129
0.67886374211
0.86732
0.225
0.02472566376
0.32418838592
0.92307690598
0.518884
0.325
0.05449083
25
0.77778022798
0.65740645119
0.88230994594
0.08258129105
0.17763258296
0.72036376788
0.35776442043
0.26372706138
0.55522738779
0.36841773375
0.29312471496
0.23108942727
0.06801161196
0.64278867222
0.53196637849
0.92150407821
0.42614275062
0.01292591892
0.23654344283
0.61524417965
0.68234049677
0.09983232675
0.50146404142
0.96910636921
0.16764383737
100
0.21463795803
0.075
0.9
0.76636166931
0.00288446369
0.74141132317
0.92307690598
0.29908500793
0.76848222675
0.97435896866
0.99929852905
0.1
0.24794641925
0.15934558774
0.73501286143
0.10677514333
0.33777358056
0.90119553818
0.74454611023
0.74900926581
0.75033024473
0.52513496451
0.49917729402
0.07692309402
0.41402134681
0.11075984362
0.60994943771
0.7
0.99711553631
0.66941396264
0.25
0.27502290369
0.925
0.975
0.17983059007
0.325
0.02592245969
0.09880446182
0.23151777325
0.95882010626
0.23363833069
0.89064321367
0.08515129659
0.25545388977
0.02838376553
0.225
0.81736471687
0.85054874693
0.775
0.82344343439
0.29641338546
0.74383925775
0.38503711322
0.02564103134
0.77641733346
0.26348827764
0.83521934783
0.51207524544
0.67074799962
0.07637167547
0.93928156114
0.25099073419
0.43022829352
0.97161623447
0.25616074225
0.91634004075
0.51306581204
0.75
0.7681793936
0.74119422218
0.70091499207
0.50897613658
0.24167298639
0.09845659637
0.30544668025
0.38293653173
0.97407754031
0.31948251018
0.08365995925
0.26941759701
0.98775600114
0.01224399886
0.91484870341
0.25463818437
0.00058905501
0.95250101836
0.45757877934
0.96326800342
0.69455331975
0.02472566376
0.76176985976
0.25880577782
0.31025535534
0.025
0.36949840376
0.675
0.83192176266
0.70358661454
0.88924015638
0.3
100
0.02019313787
0.75205358075
0.7776597226
0.75203600551
0.97047433777
0.78308518493
0.2318206064
0.92592592593
0.8807
0.91764901211
0.025
0.04699199199
0.89297024506
0.91634004075
0.57303515928
0.23363833069
0.76848222675
0.84758658
0.71079461
0.1846484
0.69138421775
0.75303994312
0.70612676365
0.04798033994
0.25057720425
0.3511897571
0.10193048154
0.5183
0.91769547326
0.09310646861
0.050136737
0.21912287879
0.91449620519
0.8657540652
0.8456
0.77777777778
0.77641733346
0.74177378111
0.98779419227
0.68392
0.90119553818
0.01224399886
0.75033024473
0.25099073419
0.74900926581
0.17297498263
0.70245050721
0.70091499207
0.766419
0.19166214501
0.00824188792
0.834
0.796
0.640975
0.75019569844
0.675
0.89024794023
0.020009269
0.3805901574
0.02472566376
0.97435896866
0.3
0.66702230352
0.97527433624
0.03773626112
0.8332579695
0.44577347627
0.55313717422
0.24737082762
0.52093055115
0.04
0.69451311519
0.32925200038
0.411522634
0.65892328814
0.25891886885
0.286075245
0.7041
0.69410654823
0.975
0.67074799962
0.88341767965
0.594
0.8
0.22358266654
0.61794583148
0.29641338546
0.86019940723
0.4360243964
0.416
0.25545388977
0.99054849506
0.225
0.302
0.74383925775
0.02564103134
0.6
0.74454611023
0.45934631672
0.69455331975
57
0.25616074225
0.3075915836
0.917785
0.19654898909
0.70091499207
0.99
0.88
0.77733370215
0.61483782232
0.38893525471
0.425728931
0.06722882025
0.11009500585
0.83211205757
0.69455331975
0.25622
0.6
0.00824188792
0.66886251
0.45299876
0.775
0.3577193101
0.26220006799
0.01004441226
0.74383925775
0.1203708408
0.949932981
0.92185021481
0.77753618424
0.12
0.53629539938
0.30544668025
0.70370370371
0.23151777325
0.7
0.08515129659
0.4206224585
0.91647196467
0.68305
0.91480004368
0.508855195
0.66941396264
0.76848222675
0.1399664
0.3703703704
0.225
0.91674209053
0.9
0.89799249289
0.02564103134
0.2255112
0.025
0.11111111112
0.2880658437
0.74119422218
0.97161623447
0.24966975527
2
0.1
0.9
25
0.052872
0.2
0.74
0.7904
0.89112
0.858353
0.79
0.08180427
0.13632
0.451135843
0.706807
0.49
0.632461
0.903566
0.67842167995
0.529035148
0.990148
0.794371716
0.04
0.107433354
0.598862779
0.7199
0.63566185031
0.20358298
0.52
25
0.76848222675
0.75308641976
0.1
0.99176954733
0.2316183437
0.50972239718
0.88924015638
0.25880577782
0.8547092356
0.02564103134
0.0402079251
0.025
0.775
0.23164634
0.225
0.29671919276
0.72157138538
0.38991960231
0.67491405443
0.22358266654
0.2318206064
0.7
0.3951521
0.930539782
0.455144544
100
0.02472566376
0.66941396264
0.01547406369
0.29863243767
0.1
0.39544642854
0.63347852211
0.22358266654
0.71724639373
0.61208466263
0.69455331975
0.75205358075
0.24794641925
0.97527433624
0.86922780286
0.00288446369
0.82536076134
0.775
0.74900926581
0.67494945957
0.97407754031
0.46323059147
0.7681793936
0.00585570272
0.04282878342
0.23363833069
0.76867675766
0.25
0.96655868988
0.31976424093
0.25545388977
0.25616074225
0.76848222675
0.75
0.74119422218
0.82367372798
0.09880446182
0.25880577782
0.03673199658
0.68679203747
0.70091499207
0.70358661454
0.77641733346
0.925
0.3
0.76998488319
0.025
0.30655793663
0.97161623447
0.78413354415
0.59169797255
0.29908500793
0.84408962931
0.675
0.23151777325
0.40589591864
0.97231060393
0.78438787117
0.075
0.02592245969
0.30544668025
0.98775600114
0.74454611023
0.73183540547
0.29641338546
0.68044736409
0.07692309402
0.91484870341
0.68047684323
0.33058603736
0.01031700626
0.22736229994
0.26273181555
0.92616872662
0.24966975527
0.44973746044
0.82454637524
0.00824188792
0.08515129659
0.92307690598
0.02838376553
0.98198898336
0.225
0.95333762601
0.9
0.96326800342
0.7
0.88924015638
0.08365995925
0.75500671679
0.99175811208
0.97435896866
0.25099073419
0.01224399886
0.74383925775
0.12672763604
0.325
0.975
0.61875493032
0.56112536403
25
0.325
0.1
0.91484870341
0.01224399886
0.225
0.99175811208
0.75
0.92307690598
0.02838376553
0.675
0.25545388977
0.25
0.7
0.08515129659
0.975
0.02564103134
0.075
0.70091499207
0.02592245969
0.25099073419
0.925
0.74119422218
0.3
0.75033024473
0.9
25
0.75033024473
0.40052
0.225
0.29908500793
0.77774390761
0.0129253
0.76665310353
0.025
0.11075984362
0.23426306966
0.99175811208
0.81178296707
0.25
0.7
0.97407754031
0.8570078
0.775
0.854078742
0.86694433076
0.7818930042
0.7544022021
0.22231630351
0.24794641925
0.87068905254
0.05267
100
0.69416163954
0.29139201985
0.7681793936
0.51165958579
0.75033024473
0.025
0.08515129659
0.16335777583
0.07692309402
0.35210252254
0.7
0.23377894543
0.24794641925
0.65425136629
0.1
0.22358266654
0.975
0.02564103134
0.25880577782
0.69722958861
0.77641733346
0.89451190826
0.23151777325
0.74129189535
0.01894230284
0.91634004075
0.69495796327
0.96326800342
0.74454611023
0.97161623447
0.00288446369
0.11075984362
0.75
0.88924015638
0.24162862051
0.07326721083
0.24966975527
0.90882297452
0.225
0.02472566376
0.97579772122
0.09880446182
0.74900926581
0.76848222675
0.98775600114
0.74119422218
0.53923680874
0.01224399886
0.46710457366
0.70091499207
0.23363833069
0.29641338546
0.30544668025
0.30038008875
0.69157826825
0.9
0.65960412853
0.02592245969
0.08365995925
0.69455331975
0.075
0.325
0.02838376553
0.76636166931
0.99711553631
0.69057521765
0.81152626426
0.25
0.10960668109
0.83868616693
0.67074799962
0.12695624899
0.89874531892
0.83516103846
0.05960459707
0.675
0.66941396264
0.81200846734
0.85512131135
0.90119553818
0.59945104146
0.37991083949
0.925
0.33058603736
0.89345459155
0.3
0.88115870305
0.775
0.30103887341
0.20375438007
0.29908500793
0.75205358075
0.99175811208
0.64019281398
0.94999759412
0.03124243607
0.97527433624
0.70358661454
0.25545388977
0.00824188792
9
0.1
0.9
0.5
0.8
0.6
0.4
0.2
0.3
0.7
100
0.25
0.33058603736
0.74119422218
0.24966975527
0.09880446182
0.284
0.37437804017
0.6340353395
0.63097339039
0.30584784844
0.75
0.93076914462
0.46
0.075
0.676257114
0.22602090189
0.66316739705
0.17394832505
0.201
0.29641338546
0.27738585457
0.01224399886
0.2909081
0.531675
0.78354523073
0.69455331975
0.8596815075
0.90018443581
0.67889900566
0.72999625831
0.25651577504
0.88924015638
0.925
0.89344596713
0.672295296
0.50701988
0.936
0.05813396115
0.30852387108
0.2318206064
0.24794641925
0.70237020171
0.25099073419
0.97161623447
0.70368738017
0.52913626854
0.682
0.66941396264
0.67865726717
0.75205358075
0.855373658
0.30544668025
0.26370370229
0.49387735056
0.25089332589
0.3297122213
0.99711553631
0.40236280727
0.83233916469
0.92592592593
0.2523
0.67067651913
0.74383925775
0.24828532236
0.43452174431
0.78556351304
0.26299931218
0.975
0.25545388977
0.868643011
0.23363833069
0.25822754305
0.92307690598
0.9344157
0.29908500793
0.218570993
0.45688685855
0.7106
0.2218727811
0.77641733346
0.24692503292
0.84003420283
0.25102880659
0.227069642
0.97428835521
0.77777777778
0.41892946043
0.9602168226
0.325
0.96604572914
0.88985554306
0.96326800342
0.32225778591
0.96338634016
0.96
0.89021542176
0.76636166931
0.31990376633
0.9766785484
0.76848222675
25
0.017525
0.38150367
0.7
0.4285401
0.5139865173
0.583426552
0.21118135066
0.941112
0.22049968
0.5
0.873101241
0.1
0.97863541185
0.38543065799
0.428032937
0.745174
0.506336301
0.678045
0.22050718548
0.6
0.657506765
0.20767
0.764153
0.1411883856
0.2
61
0.96331427147
0.74383925775
0.41724818673
0.5156216
0.401
0.74900926581
0.8
0.00288446369
0.08515129659
0.29762146886
0.634721674
0.03673199658
0.91735495952
0.92307690598
0.24966975527
0.97161623447
0.22358266654
0.609514274
0.17167445549
0.87102464255
0.88098293603
0.248228272
0.137174212
0.06449354762
0.70091499207
0.197509
0.70091505925
0.00824188792
0.082064854
0.99954665738
0.66945719281
0.33372181403
0.308386633
0.32921943114
0.88930835819
0.31391
0.92318118726
0.77641733346
0.075
0.675
0.1766392
0.74119422218
0.98605631728
0.83
0.49876
0.02564103134
0.23360302713
0.7510585998
0.01099289359
0.10774298385
0.750362035
0.95582127424
0.67901234568
0.45790299406
0.97530864198
0.1
0.356111
0.3
0.93302945972
0.74454611023
0.7
100
0.1111111112
0.9
0.3
0.8980808783
0.2973255733
0.752070315
0.92319
0.76944028
0.77461281
0.257129691
0.9634
0.6951629216
0.92471
0.675952741
0.25640145997
0.83829
0.694446
0.86419754
0.382
0.76634681
0.495
0.30864198
0.3296753544
0.11111111112
0.30586295
0.22633745
0.675862421
0.9725651578
0.813
0.9012346
0.322361
0.1066911
0.89727051
0.329529
0.11111112
0.9139195759
0.3241729069
0.98903
0.7037038
0.670636
0.959
0.75217192502
0.2250110758
0.9230808312
0.308222385
0.7777778
0.107352
0.1
0.5807
0.111112
0.1462
0.110775
0.4
0.98883421
0.69
0.0896
0.137
0.9149068288
0.555
0.697
0.25914259533
0.23
0.2880659
0.669
0.983
0.99588537852
0.927
0.3249887257
0.7
0.51
0.3045775543
0.2
0.818
0.1111112
0.83271
0.77778
0.8487
0.90089405417
0.123457
0.2510289
0.703703704
0.8
0.250691
0.23183
0.777778
0.77
0.77382
0.6704427112
0.2318245
0.854037
0.76665708
0.10792731461
0.6
0.8181
0.361225423
0.09
0.776559
0.33291560117
0.2592593
0.6707355
100
0.08515129659
0.025
0.11075984362
0.41305622256
0.12919304343
0.74383925775
0.33058603736
0.86277617032
0.75033024473
0.53573618312
0.09655105661
0.74900926581
0.70333185154
0.97123225224
0.74119422218
0.09880446182
0.71183636475
0.27939262861
0.06987375358
0.06655762112
0.70091499207
0.325
0.25099073419
0.77641733346
0.9
0.29908500793
0.32925200038
0.24966975527
0.11294865703
0.30544668025
0.95511649921
0.20559725668
0.05466390714
0.96326800342
0.58399252953
0.55056718199
0.26434679253
0.24768695793
0.2318206064
0.08365995925
0.02472566376
0.02838376553
0.64786480225
0.33562027546
0.1
0.97435896866
0.24794641925
0.76884187432
0.775
0.26632928795
0.91634004075
0.21738421147
0.95822958321
0.23363833069
0.36021047048
0.7
0.80381841961
0.97161623447
0.76636166931
0.29314828935
0.00824188792
0.225
0.45447091038
0.98775600114
0.07815115362
0.99029856154
0.3
0.44122771517
0.675
0.925
0.75
0.07094052946
0.23151777325
0.57755312732
0.99711553631
0.25545388977
0.91484870341
0.25616074225
0.31621890185
0.67074799962
0.76848222675
0.92307690598
0.00288446369
0.74454611023
0.075
0.44727891154
0.02564103134
0.70358661454
0.25
0.7681793936
0.90119553818
0.07692309402
0.66941396264
0.99283337348
0.77847697771
0.03673199658
0.975
0.74820663772
0.69455331975
0.00942577535
100
0.47
0.9222191
0.58
0.92318245
0.018
0.91402495
0.774987461
0.2592592593
0.4103
0.1
0.96707819
0.215
0.670330291
0.226337449
0.41
0.7777777778
0.916476147
0.557
0.7037038
0.225
0.8632
0.925925926
0.2857013
0.7681806034
0.741063
0.9740893157
0.69227756047
0.90123457
0.7
0.3054432
0.823178
0.297669
0.299181
0.48
0.89027
0.14
0.99695169
0.256070261
0.9259261
0.892050671
0.29676
0.698
0.703703704
0.5744
0.021
0.893004116
0.2263375
0.89849109
0.90124
0.82355333
0.92562109435
0.3129
0.299498
0.8
0.3
0.259261
0.89169
0.6761635
0.769547326
0.1111112
0.99909
0.4
0.3582
0.8429
0.6707818931
0.5
0.67627
0.25646
0.97530865
0.9725602
0.9
0.7439415
0.70054820204
0.2561107965
0.2756176
0.6
0.98810724748
0.224982162
0.7530864198
0.781894
0.9962405
0.89844086
0.2
0.8854
0.242
0.9563
0.9175825727
0.137175
0.32205457
0.19
0.78
0.231824418
0.8235025227
0.339546423
0.7500381041
0.897576589
0.923080816
0.70371
0.9661523839
0.74181
25
0.93059065677
0.18994388033
0.06532572478
0.85717896407
0.01429585851
0.23696888219
0.52719448056
0.94457028395
0.26130271287
0.81956017436
0.02363125382
0.46960899671
0.52222353938
0.71312796084
0.35696113452
0.88688260343
0.29963504855
0.24257831779
0.27213814156
0.39764894421
0.32779782513
0.61159495952
0.34774803249
0.60193612008
0.36822754357
25
0.635
0.522065377
0.1
0.8172
0.5217751983
0.8215657334
0.64798539
0.03855668
0.71735
0.7965498
0.73188940058
0.726652465
0.13001
0.13622931031
0.566405
0.542349587
0.53111321
0.03322933
0.6944932
0.445
0.872199
0.98455231442
0.89
0.6277656051
0.56739904
25
0.24966975527
0.74454611023
0.75
0.3
0.01224399886
0.09880446182
0.075
0.29641338546
0.23151777325
0.66941396264
0.9
0.325
0.7
0.975
0.99175811208
0.1
0.97407754031
0.08365995925
0.74119422218
0.25616074225
0.97527433624
0.29908500793
0.24794641925
0.25
0.75205358075
25
0.472
0.3657
0.43
0.704
0.2
0.358
0.6914
0.164274218
0.45759278
0.3209
0.74
0.17
0.729931
0.3506744513
0.019
0.4502
0.2294748258
0.03429931679
0.346361
0.08597554
0.500267476
0.23424
0.86213793
0.213019
0.8
100
0.86670030243
0.97
0.80628102655
0.30544668025
0.24828532236
0.97161623447
0.75
0.5
0.94440798633
0.98770689589
0.76636166931
0.374
0.83
0.99959161802
0.82307380849
0.01224399886
0.70246932398
0.86242352483
0.496526188
0.99720578021
0.15145825982
0.32408285717
0.08365995925
0.11111111112
0.48930999706
0.97527433624
0.6249029
0.54893110031
0.93
0.157
0.76848222675
0.89
0.173496
0.4981
0.11075984362
0.36587874105
0.99175811208
0.25798918112
0.67074799962
0.15
0.90091342305
0.00824188792
0.91634004075
0.30498258703
0.34303296969
0.775
0.92307690598
0.98
0.25640117923
0.65813668278
0.25830665951
0.25834476452
0.99711553631
0.25
0.10181939294
0.33058603736
0.89296632111
0.7681793936
0.97918832593
0.08515129659
0.24998298
0.34622395418
0.33211400702
0.67809785094
0.09880446182
0.30864197531
0.1
0.33600742703
0.02592245969
0.99446398
0.72292172
0.78506741972
0.075
0.86345677021
0.22592195829
0.921970746
0.925
0.6417
0.65228110608
0.70091499207
0.74119422218
0.82811735117
0.76944566812
0.88924015638
0.32235939644
0.29641338546
0.23059254618
0.30738877882
0.8
0.97439414724
0.9627
0.91451028291
0.53746568565
0.67530502498
0.08216475006
0.90092801726
0.02564103134
0.26905361924
0.67525261164
0.66941396264
100
0.30042
0.143
0.453
0.925926
0.4
0.74992518042
0.4748
0.7504
0.307726227
0.7443
0.3412
0.1111112
0.1083677
0.84
0.998323427
0.23182442
0.7518289024
0.6
0.777777778
0.7033989
0.2881
0.22253227839
0.308641976
0.9722227
0.516
0.67501566496
0.6671241
0.77777778
0.304882201
0.9149521
0.70370370371
0.23142
0.7008460438
0.751868
0.6780979
0.35705
0.88899558692
0.28762
0.5
0.618
0.370370371
0.75
0.2482853224
0.652
0.76584418591
0.37038
0.25006414
0.89286863453
0.3
0.7
0.258345
0.2592593
0.91727606849
0.3295398737
0.9917696
0.9634203
0.1
0.89848983
0.69533763095
0.70371
0.41153
0.22
0.7448561
0.917695474
0.234567902
0.3398
0.66761631
0.285072431
0.358177108
0.911
0.1000205103
0.0481
0.11097564
0.2606310014
0.286599
0.29665194
0.7824
0.7767279
0.1111111112
0.9715146971
0.90123457
0.35818
0.7777777778
0.897125
0.91
0.9002032022
0.104
0.9740390757
0.851
0.2
0.89300411523
0.110196617
0.11116
0.679013
0.123456791
0.77376922824
0.110807
0.053
0.09
0.92592592593
100
0.29467782549
0.30488238582
0.8518532116
0.8627909436
0.30544668025
0.423
0.95542161323
0.9
0.41413788
0.99600331928
0.75923439883
0.0583311
0.3324301812
0.03919493804
0.37407906781
0.16434812666
0.99711553631
0.4641
0.289532701
0.90119553818
0.31142333032
0.97211229924
0.075
0.89289063646
0.91484870341
0.25617289178
0.32925200038
0.92948053174
0.90123456791
0.570496
0.76680240059
0.85
0.08365995925
0.30399
0.29665193315
0.9918713154
0.10253650295
0.98770512626
0.675
0.30828777886
0.411130812
0.99175811208
0.08515129659
0.3435940418
0.00824188792
0.92307690598
0.74454611023
0.97820458428
0.575
0.70358661454
0.61
0.77777777778
0.75431747
0.70091499207
0.77641733346
0.19284822348
0.09880446182
0.74218681944
0.92032702163
0.25545388977
0.87501
0.45316473584
0.10288065844
0.02564103134
0.7681793936
0.1018746058
0.61028139076
0.04681852614
0.75033024473
0.41372657792
0.47910491972
0.62292
0.9469436
0.30010278832
0.975
0.1204084744
0.42692763412
0.588227
0.794804
0.30864197531
0.5768
0.71
0.69455331975
0.06176890483
0.30757569201
0.45651131
0.7784677336
0.29641338546
0.74119422218
0.9331603219
0.7105579
0.02472566376
0.3419092
0.55622302
0.97527433624
0.36009414246
0.30048909973
0.33058603736
0.3
0.11111111112
25
0.4193
0.9632697
0.59
0.85391104
0.691392383
0.9712956534
0.3
0.77777778
0.49
0.5
0.29
0.9767
0.242
0.30865
0.3223593965
0.103
0.411
0.321305658
0.9577
0.2
0.48
0.9461
0.25885281716
0.8592
0.3598
100
0.1270132
0.2156
0.222374639
0.7421125
0.67806259
0.2592593
0.8841
0.123456791
0.8356274651
0.2501144
0.330742265
0.765889347
0.223594
0.2500128
0.703704
0.25000755
0.898492
0.469
0.3
0.17
0.639
0.96
0.11112
0.624
0.28806585
0.194
0.7685301
0.11111112
0.9391
0.5435
0.7867
0.7448221
0.0549
0.5768
0.260632
0.999696
0.483
0.7037038
0.4824
0.707
0.30496881
0.8465
0.77778
0.89300412
0.987771195
0.330586086
0.7407861101
0.3000051
0.67536
0.4685
0.926
0.2213
0.5
0.74939444
0.246
0.2555630222
0.925926
0.9905503
0.99177
0.29660508253
0.314
0.2
0.4783
0.102881
0.5982
0.30742264899
0.342936
0.83677
0.958
0.95
0.332995
0.97439415
0.03
0.10714437718
0.77777778
0.05
0.8230976
0.12346
0.4
0.6752528
0.24977166089
0.75034293553
0.8
0.325092
0.891955
0.97529736
0.29914523
0.7438398619
0.19
0.1
0.9
0.1033374
0.937
0.2775619077
0.8902606311
0.9012346
0.23457
0.058
0.9008845245
0.30041153
25
0.38722741176
0.73883181183
0.47178972753
0.07801190582
0.15268659294
0.35544641648
0.61339054134
0.27227588904
0.65994465548
0.32645686267
0.23064215083
0.82801655636
0.61015271697
0.95704558455
0.93573363832
0.42839046749
0.87782921413
0.63641859596
0.35737890412
0.80415225172
0.65328372924
0.81375481853
0.98805247722
0.23114714495
0.00967837605
100
0.99147
0.8679
0.6790123457
0.137175
0.33842
0.965724
0.282
0.16
0.251029
0.11112
0.3253
0.12346
0.11111111112
0.0552
0.8
0.86419754
0.25068631911
0.44
0.3763
0.22512
0.145
0.97251623417
0.3
0.703703704
0.899914
0.55
0.9012345681
0.3082017
0.0036
0.965
0.75034288907
0.23138035
0.77778
0.69548
0.439
0.727
0.11111112
0.256516
0.5618
0.325103
0.255602
0.2606311
0.67901234568
0.7994
0.77746918285
0.91678097851
0.1783
0.77777778
0.97490221
0.152416
0.92212118
0.15
0.2563978551
0.2565158
0.119
0.7448561
0.6
0.2880109661
0.66982035722
0.699
0.129
0.28
0.7764519
0.5
0.41152264
0.754459
0.76945
0.591
0.4
0.396
0.8901252
0.33197686
0.322246496
0.9
0.89027
0.4747
0.644
0.7774379
0.70278921
0.74212
0.962978644
0.1111112
0.92593
0.35564
0.792
0.76954733
0.2
0.3003777
0.6378
0.5607
0.239
0.91737559
0.111112
0.67902
0.287565
0.750241326
0.899869
0.0195
0.523
0.9248761
2
0.00000000001
0.00000000009
100
0.35
0.8612
0.912
0.4388
0.737
0.90123456791
0.259259261
0.700029417
0.74085371102
0.702789209
0.138
0.7777777778
0.2478451
0.10735020522
0.997
0.8845
0.91619
0.494
0.191
0.12346
0.13
0.7685841
0.12
0.6790123457
0.2582092839
0.1234568
0.1025758269
0.70356697
0.768497351
0.30027604194
0.2762
0.88
0.74939289801
0.3
0.3597200819
0.2466
0.777777778
0.3301493975
0.76953542361
0.401
0.92
0.27
0.321022989
0.656
0.679013
0.99177
0.63
0.6704307
0.97531
0.3005
0.1066911
0.32115
0.4
0.25926
0.0792
0.9764
0.8642
0.99989839
0.751834
0.3431
0.111111112
0.412088
0.77778
0.86319
0.8
0.91465
0.9259261
0.889956
0.29671967351
0.299498
0.2232841151
0.71
0.916364
0.3478
0.74486
0.4775
0.69547326
0.429
0.7444007
0.764
0.75208
0.691
0.7786761
0.9648
0.30922216
0.82761775
0.5001
0.8916368
0.92487219
0.411522634
0.247
0.04
0.703704
0.780426
0.6
0.82
0.11112
0.9968035971
0.2474217
0.96612465171
100
0.553
0.376524
0.69547326
0.137174212
0.9305
0.9603
0.089
0.86421
0.24794851
0.7037038
0.258837764
0.27
0.3086421
0.703704
0.923
0.92592592593
0.110197
0.92319
0.92560465
0.30468
0.964
0.963068965
0.864
0.297531164
0.692731
0.36
0.23366
0.30489
0.056
0.278921
0.673
0.9722263941
0.22223916
0.1101924143
0.8353
0.9
0.37728
0.256510341
0.1111112
0.76864
0.75308642
0.76641
0.8
0.75203457841
0.231412958
0.28773
0.77777777778
0.7606
0.6790123457
0.7777777778
0.1111111112
0.70268699425
0.260281
0.99146305
0.10242843662
0.35
0.10014
0.988920483
0.5
0.344
0.33
0.9887212316
0.2
0.24738
0.5154
0.30498399635
0.248285323
0.990551
0.9189
0.669857
0.6
0.45
0.255489
0.300106692
0.97498695
0.102
0.2579232691
0.679013
0.76913545
0.897474979
0.922765
0.91679
0.509
0.2621
0.259259261
0.3
0.370370371
0.30731935898
0.97530865
0.9146471575
0.8642
0.2759
0.99602040151
0.769412
0.30041153
0.2482854
0.58
0.92592593
0.4
0.9633864
25
0.75
0.975
0.74383925775
0.9
0.075
0.29908500793
0.70358661454
0.025
0.99711553631
0.325
0.2318206064
0.25
0.02592245969
0.23151777325
0.92307690598
0.7681793936
0.25099073419
0.08515129659
0.08365995925
0.25545388977
0.925
0.97527433624
0.7
0.88924015638
0.25880577782
100
0.8984910837
0.30772748057
0.01
0.889347
0.766803841
0.258244
0.25001207604
0.1138212131
0.925925926
0.3704
0.269
0.749021999
0.2077
0.744513084
0.988
0.03
0.308641976
0.863733385
0.6914939881
0.111111112
0.260241967
0.7435914806
0.41153
0.11111111112
0.19
0.5
0.777777778
0.7765093817
0.9
0.4573
0.670781894
0.2607
0.367492
0.1061461
0.826489
0.667123451
0.3431
0.4092
0.3697495
0.7683451
0.89752956511
0.677681
0.9259259261
0.2663
0.7982
0.754458162
0.7777778
0.77747295
0.6707819
0.284961706
0.76924814
0.9963420211
0.058
0.37038
0.904
0.33058985
0.99726
0.77777777778
0.98811156836
0.901235
0.75308641976
0.96606209
0.51
0.12346
0.988925
0.7728
0.9658574227
0.6
0.9012345681
0.96
0.854037
0.30030866
0.08
0.11112
0.9983235
0.76868364
0.695124
0.10289
0.981
0.89197532607
0.2973632069
0.79
0.62
0.6913
0.96604558517
0.734
0.2732
0.25803993294
0.99132506
0.307728
0.988032748
0.8984911
0.972532
0.256466852
0.6676998
0.898491084
0.73
0.9012346
0.324696439
0.77777778
100
0.7
0.60773126374
0.77475424434
0.67074799962
0.70091499207
0.17819573331
0.225
0.58298774931
0.09282863628
0.33058603736
0.90119553818
0.69446506023
0.95967645373
0.60948834766
0.76848222675
0.99141517922
0.29908500793
0.17842039387
0.74383925775
0.28842019849
0.05891179221
0.74900926581
0.70827795448
0.96421311325
0.76636166931
0.53202371421
0.88924015638
0.80799089706
0.92307690598
0.01224399886
0.25
0.36574981278
0.29641338546
0.98775600114
0.66941396264
0.23151777325
0.02472566376
0.775
0.03673199658
0.25099073419
0.99175811208
0.07692309402
0.20073239834
0.02662720735
0.47424674897
0.52958263758
0.75205358075
0.9
0.09880446182
0.075
0.39063857707
0.99711553631
0.25880577782
0.24794641925
0.74119422218
0.23363833069
0.43479001073
0.59032883503
0.97407754031
0.1
0.96326800342
0.91484870341
0.70358661454
0.24966975527
0.11990637972
0.75033024473
0.02592245969
0.17522610751
0.025
0.325
0.24897903255
0.925
0.66582223479
0.975
0.00288446369
0.05030391654
0.25717613435
0.3
0.25545388977
0.30544668025
0.21966468141
0.02564103134
0.59853443162
0.63780362222
0.97527433624
0.97832932462
0.20192053198
0.75
0.34729068519
0.675
0.2318206064
0.20000572291
0.22358266654
0.08515129659
0.32925200038
0.11501767997
0.77393635378
0.94226626946
0.97161623447
0.7681793936
25
0.92307690598
0.25545388977
0.76848222675
0.98775600114
0.9
0.97435896866
0.96326800342
0.25099073419
0.325
0.08365995925
0.3
0.775
0.74900926581
0.76636166931
0.00288446369
0.25616074225
0.97527433624
0.925
0.74383925775
0.225
0.33058603736
0.2318206064
0.675
0.7
0.91634004075
25
0.31384014331
0.075
0.13032
0.9
0.25616074225
0.29766803841
0.41737431892
0.99908550526
0.02592245969
0.17921
0.92592592593
0.96326800342
0.23351286153
0.775
0.25
0.75
0.30544668025
0.065
0.32506901049
0.23363833069
0.055009384
0.94137
0.09880446182
0.7814358265
0.657326937
25
0.7695454495
0.10288065844
0.111112
0.90123457
0.4
0.25925926
0.92470659961
0.34294
0.860760284
0.77778
0.988009958
0.23456790124
0.798
0.7682252
0.998781
0.97227
0.3302505434
0.23151958543
0.695474
0.6671221021
0.1111111112
0.6762689
0.075
0.809
0.7777777778
100
0.57711876663
0.02592245969
0.52293666
0.95072518357
0.92307690598
0.40285055958
0.75033024473
0.02431987457
0.28589759469
0.143
0.3058349588
0.859613
0.75298086003
0.075
0.08515129659
0.148618
0.32408133944
0.66668230085
0.97407754031
0.530166
0.32200508374
0.2318206064
0.57111243323
0.1
0.304372
0.080559
0.55610772756
0.75205358075
0.21166247235
0.25832845666
0.99969516842
0.92195182533
0.91484870341
0.33196221845
0.332373919
0.99085505259
0.187753
0.5860477234
0.8357324902
0.04956622969
0.22252845022
0.3362
0.25099073419
0.775
0.30807083195
0.85653168703
0.7
0.692539869
0.24794641925
0.70358661454
0.97527433624
0.69547325103
0.30833658621
0.74309997811
0.23363833069
0.960219479
0.9855
0.07692309402
0.25102880659
0.03202547247
0.1234567902
0.3836028
0.00288446369
0.74932683026
0.24077258718
0.67137713
0.46021270256
0.17730911
0.01224399886
0.325
0.2747589522
0.32205395487
0.08365995925
0.25880577782
0.78611480453
0.99966004381
0.77777777778
0.03395709909
0.268
0.09880446182
0.05333351415
0.32925200038
0.97161623447
0.76859336765
0.4
0.29479564
0.33291434672
0.43055215428
0.3
0.22358266654
0.82888600767
0.88897847716
0.49813827064
0.10257450982
0.69455331975
0.24828532236
0.70370370371
0.88924015638
0.96326800342
0.27170757001
25
0.960219479
0.81
0.74938285724
0.075
0.74383925775
0.3
0.11111111112
0.6977997
0.67074799962
0.1222761436
0.3086
0.23151777325
0.66941396264
0.25616074225
0.5779
0.98987478569
0.3398872124
0.1
0.74721327
0.21483448
0.77641733346
0.25
0.70370370371
0.14778368391
0.025
25
0.503
0.32510288066
0.69548
0.1102475
0.10288065844
0.370370371
0.5849
0.1141432
0.5161
0.12345681
0.6790124
0.77380237111
0.77458249791
0.111112
0.975309
0.4058
0.7498914
0.98775782
0.257131084
0.11111112
0.3964
0.92592592593
0.1083676269
0.9171
0.67902
100
0.62608993133
0.07277268357
0.02564103134
0.06635727654
0.29641338546
0.72062728501
0.1
0.23363833069
0.40038389222
0.78207557568
0.76636166931
0.97435896866
0.75205358075
0.52239822943
0.75033024473
0.00824188792
0.25545388977
0.025
0.00288446369
0.25
0.08515129659
0.29908500793
0.09018156406
0.29017127407
0.25702799849
0.00675868416
0.97527433624
0.07692309402
0.92307690598
0.64007423964
0.55538532413
0.76848222675
0.23151777325
0.325
0.32925200038
0.49100651233
0.74900926581
0.225
0.92243347298
0.74383925775
0.99711553631
0.25880577782
0.96326800342
0.39539198496
0.075
0.24794641925
0.65322352475
0.01224399886
0.7
0.25099073419
0.42421733234
0.50795407534
0.51521126343
0.50398941185
0.975
0.08365995925
0.50026206894
0.675
0.97720243714
0.98775600114
0.775
0.64688941926
0.3
0.89218252711
0.7681793936
0.20764443341
0.81682177805
0.54454047099
0.90119553818
0.09880446182
0.77641733346
0.12201052397
0.925
0.02472566376
0.30806125331
0.9
0.30544668025
0.46023819375
0.66941396264
0.69455331975
0.67074799962
0.27323926266
0.57557666211
0.42325018776
0.74119422218
0.64190533811
0.02592245969
0.95749086448
0.75
0.2318206064
0.75082806343
0.90533467535
0.37618001034
0.22358266654
0.02838376553
0.33058603736
0.03673199658
0.91634004075
0.34644823952
0.88924015638
60
0.32925200038
0.97161623447
0.78555423225
0.91637453641
0.382816345
0.69399176534
0.89925244809
0.56593500365
0.30483549104
0.01224399886
0.1956
0.35335117795
0.76575386544
0.9
0.67391288992
0.6293
0.92318244171
0.00288446369
0.896
0.11422473
0.9890655784
0.33058603736
0.3703703704
0.16015008953
0.74898812851
0.33301199237
0.775
0.76636166931
0.77641733346
0.99175811208
0.89933563428
0.30544668025
0.1918
0.89300411523
0.225
0.353
0.289
0.3610985841
0.69532648027
0.41
0.025
0.675
0.33608
0.81
0.14833196826
0.24966975527
0.96326800342
0.00824188792
0.75205358075
0.97435896866
0.25824255001
0.73924130562
0.30456584603
0.2851285163
0.98778353015
0.8
0.02615895403
0.3
0.69230701684
0.76848222675
25
0.0700681281
0.4
0.655
0.00208
0.25187011
0.1360858298
0.272722
0.6233
0.91936261896
0.58570806092
0.8
0.4153
0.54003443929
0.612
0.228
0.99868153
0.086
0.62523
0.708436
0.2
0.119158936
0.495
0.4140435
0.15788700613
0.8556
25
0.07334837648
0.74868619185
0.00481795852
0.08350098504
0.86192958678
0.94587756493
0.97293350639
0.12417164221
0.74339167414
0.19928624804
0.04619176432
0.80161727345
0.54809350011
0.41104140803
0.20866476557
0.63785370976
0.60655104058
0.60941988491
0.88070218191
0.86812472458
0.15427030105
0.06480345498
0.48431699404
0.87872147409
0.30802993412
25
0.2543914
0.132
0.140985
0.4022228109
0.9790297496
0.915
0.494240429
0.5
0.9367685663
0.90996081961
0.87252112988
0.1407
0.1
0.359102763
0.9496775
0.0942
0.62
0.454138
0.74
0.4
0.214139301
0.136788067
0.28
0.624
0.9588
25
0.3
0.999865
0.5
0.29766804
0.25652
0.98766624
0.7530858135
0.32195296
0.769135308
0.479
0.246971
0.702347441
0.29766803841
0.370371
0.30772749
0.981
0.679012346
0.46
0.7777778
0.700655388
0.828001
0.92
0.37
0.8688
0.67778759
14
0.1
0.675
0.225
0.75
0.3
0.925
0.075
0.775
0.975
0.7
0.25
0.025
0.9
0.325
25
0.96799913352
0.09848929522
0.75859372079
0.40252174214
0.96012081522
0.54343093213
0.46550576567
0.92724218245
0.42832831009
0.96834195912
0.47948341017
0.98925005531
0.69361335523
0.32734813104
0.01833350077
0.53692313186
0.53323016672
0.75019118061
0.79946250608
0.38325034987
0.32394915646
0.18157512873
0.46749204603
0.28842099673
0.46344169622
64
0.00824188792
0.438
0.02564103134
0.1
0.72116010303
0.25803993294
0.41050891
0.98797441506
0.10740795127
0.77462769658
0.927
0.7453132145
0.29908500793
0.91634004075
0.075
0.39573994029
0.96433470508
0.77641733346
0.9367158166
0.10000169351
0.38876497032
0.03274512598
0.92307690598
0.3
0.54908
0.90573595931
0.69
0.29178735209
0.32925200038
0.33736093048
0.02472566376
0.29630052952
0.74383925775
0.70370370371
0.74119422218
0.25880577782
0.19417
0.32628
0.25
0.68688828686
0.74900926581
0.92195182533
0.99603210894
0.975
0.7
0.64968305349
0.9
0.61524657043
0.7936568761
0.18636392435
0.76848222675
0.29665193315
0.464423394
0.77777777778
0.963910134
0.87062589679
0.8520042677
0.88924015638
0.03673199658
0.00288446369
0.67062990311
0.8883
0.32378137079
0.8
53
0.75308641976
0.225
0.44249987023
0.74383925775
0.79
0.99711553631
0.42598329425
0.5123238022
0.775
0.61867931084
0.08408226501
0.7
0.97527433624
0.97425349195
0.70091499207
0.333405
0.2721537
0.10968970921
0.9918832921
0.90119553818
0.87191279143
0.45218073968
0.67901234568
0.33058603736
0.92455841417
0.074484
0.56886256
0.22528731061
0.90177743025
0.3
0.23090866782
0.92592592593
0.92550443041
0.3155614
0.29641338546
0.32579056
0.9
0.88924015638
0.89818106407
0.325
0.78
0.4150076701
0.32144344591
0.32510288066
0.713023
0.02472566376
0.77641733346
0.24966975527
0.76636166931
0.24722343738
0.89022627844
0.24794641925
0.92588467014
25
0.88886665931
0.18825471897
0.09287769876
0.37966639493
0.08805373249
0.36833408092
0.01685487082
0.76592510032
0.83945873236
0.54597916676
0.50054861375
0.02298712292
0.87641736102
0.98448240157
0.38471811435
0.99388516936
0.81935360492
0.74552207962
0.87858263875
0.86062863864
0.97035474028
0.67551840183
0.63961099963
0.63300988892
0.16579209082
25
0.04231181988
0.84001554645
0.49686238736
0.30923081354
0.63267184354
0.19440739883
0.54095185999
0.53576642661
0.44034361882
0.47851943244
0.46061939339
0.14739205653
0.16660860983
0.06032291785
0.68227120022
0.16708218589
0.90904180012
0.45992442377
0.70702075582
0.82438288215
0.07949689388
0.32324874195
0.49248769703
0.54432031823
0.18985225577
60
0.025
0.1141989422
0.23363833069
0.18336429705
0.80277124415
0.97407754031
0.91484870341
0.23422919948
0.02592245969
0.64367075307
0.270289
0.66768416836
0.30465579988
0.76849302304
0.97161623447
0.878246244
0.26429842869
0.893
0.925
0.85473662927
0.86
0.674
0.30769312278
0.775
0.7681793936
0.25880577782
0.083
0.09880446182
0.25
0.354289345
0.74363664076
0.627250047
0.02472566376
0.91634004075
0.01224399886
0.33028501753
0.30740740916
0.133392274
0.17411530089
0.92107656
0.11111111112
0.65889566652
0.74383925775
0.90119553818
0.77675999303
0.08365995925
0.70358661454
0.225
0.99014022183
0.62966224904
0.3417435
0.54107645754
0.4124562
0.67531903331
0.23320054971
0.91464715745
0.1
0.45052262878
0.25102880659
0.213
100
0.33058603736
0.22318374339
0.36906027
0.07692309402
0.96397996473
0.24794641925
0.33014786423
0.855
0.75264610748
0.925
0.25616074225
0.91403749429
0.00907160464
0.3703703704
0.3577252984
0.325
0.66678521229
0.5431
0.7802893596
0.76848222675
0.97435896866
0.3987
0.23363833069
0.57573746565
0.7681793936
0.29908500793
0.25880577782
0.505326
0.32510288066
0.02838376553
0.54347335602
0.90119553818
0.23551021234
0.33482843806
0.75308641976
0.44121
0.77641733346
0.92850055
0.97527433624
0.08524951456
0.23414640572
0.79451238628
0.25803485319
0.98809651495
0.0845743219
0.91484870341
0.64306280005
0.96342021034
0.87892422134
0.08
0.32925200038
0.96326800342
0.02220565486
0.868770005
0.33053966935
0.67037403584
0.25
0.70358661454
0.40100760807
0.91315304685
0.30544668025
0.99266461742
0.3282581391
0.22358266654
0.8606432532
0.57329201031
0.69974089316
0.23151777325
0.91990814075
0.7897
0.4770418886
0.67535436672
0.02592245969
0.97161623447
0.01664817804
0.89987976088
0.490662176
0.92079411459
0.77777777778
0.2
0.04629
0.89300411523
0.531398
0.2606310014
0.1
0.14
0.93108656901
0.77534140119
0.74900926581
0.195
0.91037
0.77503429356
0.02026684948
0.848
0.88924015638
0.658616569
0.7
0.91769547326
0.675
0.12326498991
3
0.00449602349
0.3283702389
0.10613259697
25
0.9
0.3
0.90119553818
0.92307690598
0.74900926581
0.98775600114
0.96326800342
0.675
0.74119422218
0.925
0.76636166931
0.29641338546
0.02472566376
0.25
0.075
0.225
0.03673199658
0.24794641925
0.975
0.00824188792
0.22358266654
0.25545388977
0.7
0.08365995925
0.775
25
0.24966975527
0.7
0.9
0.29641338546
0.1
0.02564103134
0.75
0.975
0.925
0.75205358075
0.29908500793
0.325
0.25099073419
0.225
0.00288446369
0.67074799962
0.01224399886
0.76636166931
0.97435896866
0.25
0.775
0.69455331975
0.97527433624
0.96326800342
0.025
53
0.3800284721
0.3419354
0.75033024473
0.91
0.30752384533
0.92582431541
0.7716185863
0.7339754
0.97489799543
0.3303645358
0.24828532236
0.2318206064
0.69455331975
0.76646137577
0.91495198903
0.01224399886
0.8
0.00465488492
0.56241635764
0.60912955992
0.48005906266
0.1
0.7712239247
0.24794641925
0.8332622983
0.675
0.86
0.75
0.90811568486
0.75266682915
0.22633744856
0.11075984362
0.5
0.74383925775
0.18709174988
0.98775600114
0.68784550529
0.07692309402
0.03673199658
0.325
0.5864
0.24787372307
0.45070723237
0.10704669004
0.76
0.67074799962
0.00824188792
0.1657223
0.77481812713
0.02592245969
0.012966651
0.925
0.02720268891
25
0.09880446182
0.23151777325
0.75033024473
0.11075984362
0.3
0.7
0.25545388977
0.91634004075
0.02592245969
0.325
0.775
0.91484870341
0.925
0.01224399886
0.225
0.975
0.75
0.675
0.02472566376
0.075
0.1
0.96326800342
0.22358266654
0.76848222675
0.025
100
0.305594
0.2295
0.222357773
0.9670781894
0.2880659
0.332267051
0.9201
0.2318245
0.2480969486
0.8333756711
0.0122
0.9822
0.4151
0.679012346
0.98902607
0.3324
0.96586
0.964031
0.76925
0.67897425
0.28807
0.75172032267
0.853585
0.2592592593
0.9908550526
0.75309
0.6653
0.132
0.7777777778
0.228
0.1505
0.07
0.9
0.97247
0.3810395
0.76
0.929737
0.966051
0.29949702791
0.749
0.92197
0.1123
0.967078191
0.6719
0.1
0.67901234568
0.7037037038
0.98
0.111112
0.230452884
0.77141
0.99731
0.996342022
0.23182442
0.098
0.7026876
0.2967536
0.95
0.22603261698
0.046
0.32236
0.9175786522
0.013
0.1372
0.4
0.41153
0.007
0.7
0.11111112
0.05
0.9009261
0.822
0.21
0.99085506
0.330592
0.97530864198
0.102880659
0.724
0.123457
0.47
0.371
0.248285323
0.861
0.527
0.6124
0.12040848
0.3
0.34
0.67901235
0.293
0.889233236
0.925926
0.972565158
0.798
0.675213822
0.92593
0.342936
0.9012346
0.5
0.77777778
25
0.3
0.23363833069
0.97527433624
0.01224399886
0.99695168421
0.2595772626
0.25925925926
0.3897860325
0.26
0.10288065844
0.1
0.658112188
0.2692250554
0.675
0.9291736
0.975
0.97161623447
0.1224281404
0.025
0.30478138932
0.07692309402
0.69547199658
0.25099073419
0.0562063
0.18945844423
25
0.144
0.7987884
0.606617174
0.3235846
0.81968869017
0.51892989701
0.57504119
0.798
0.4
0.797
0.462197
0.937807681
0.42458
0.56
0.1633
0.84523462377
0.1158444
0.64
0.7605494693
0.22
0.79
0.535198
0.3975
0.8
0.183558
100
0.02472566376
0.99175811208
0.90119553818
0.27096092193
0.88202358106
0.97407754031
0.44645373329
0.07104967367
0.29396348749
0.01560420537
0.29908500793
0.65116884472
0.00288446369
0.25616074225
0.3
0.87584186107
0.98775600114
0.97435896866
0.08515129659
0.74900926581
0.64470661832
0.225
0.77867368466
0.2318206064
0.25
0.325
0.67074799962
0.72890043916
0.33058603736
0.25545388977
0.74383925775
0.91484870341
0.775
0.77641733346
0.09880446182
0.1
0.29641338546
0.00824188792
0.25880577782
0.11075984362
0.94612554247
0.78782390197
0.76636166931
0.96326800342
0.92173569965
0.22358266654
0.24794641925
0.7681793936
0.41248619047
0.98306083949
0.66036437766
0.93408164227
0.82030815965
0.72478279896
0.84164094282
0.23151777325
0.25099073419
0.925
0.20752566044
0.75033024473
0.50483887946
0.23623122191
0.64163168669
0.74228921855
0.675
0.01224399886
0.88924015638
0.12346862057
0.74454611023
0.02383881343
0.24966975527
0.66941396264
0.70091499207
0.26172184743
0.75
0.47963476677
0.17291014835
0.97161623447
0.08365995925
0.38298882089
0.075
0.67184414758
0.9
0.975
0.20764992283
0.47309953774
0.75205358075
0.32925200038
0.70358661454
0.97527433624
0.91634004075
0.93537516488
0.7
0.09753705423
0.13530593567
0.02592245969
0.025
0.02564103134
0.69921193815
0.64617837252
100
0.13366646752
0.46186245817
0.74345233035
0.02592245969
0.325
0.24966975527
0.66531681582
0.35468921462
0.62315666615
0.02564103134
0.91484870341
0.29908500793
0.3
0.75033024473
0.25
0.84197618243
0.75239164827
0.25333041306
0.29641338546
0.61547807748
0.60481335605
0.075
0.69712828959
0.02472566376
0.03673199658
0.7681793936
0.32500812996
0.82984626354
0.24794641925
0.23151777325
0.11075984362
0.36958601383
0.91634004075
0.80884045654
0.90888333032
0.67074799962
0.00711074723
0.97435896866
0.32925200038
0.75
0.43530035246
0.97527433624
0.25880577782
0.74119422218
0.69455331975
0.64393798475
0.025
0.68616635492
0.90119553818
0.675
0.2318206064
0.40628846369
0.43174804528
0.92307690598
0.7
0.91383739894
0.13203894156
0.04940145461
0.975
0.25545388977
0.1
0.31119474783
0.96850299482
0.9
0.09094695532
0.30544668025
0.775
0.98299641868
0.01224399886
0.74383925775
0.16947210075
0.09880446182
0.45612787435
0.08515129659
0.76848222675
0.97161623447
0.20882978307
0.35978412229
0.98775600114
0.97917523847
0.225
0.23363833069
0.85212526242
0.92932558978
0.66941396264
0.925
0.22358266654
0.74900926581
0.74648814053
0.99711553631
0.08365995925
0.75205358075
0.02838376553
0.96326800342
0.74454611023
0.97407754031
0.79540813088
0.70358661454
0.70091499207
0.29602296315
100
0.97435896866
0.33025114736
0.35104354239
0.67078189301
0.76848222675
0.89178478891
0.22334975
0.465093
0.02564103134
0.99711553631
0.24468052052
0.74440306383
0.06058599386
0.2597569
0.11111111112
0.75098297295
0.88924015638
0.96193018
0.67596008068
0.24966975527
0.25517809593
0.66941396264
0.62786557823
0.25925925926
0.513
0.67073673277
0.30829024895
0.75034293553
0.99175811208
0.142
0.97527433624
0.21210940768
0.23511301623
0.070034
0.8562041
0.20840802
0.25
0.1
0.03029
0.74900926581
0.29908500793
0.09880446182
0.09066744902
0.67626886146
0.95243462364
0.3703703704
0.51
0.37642909167
0.46587018999
0.33237976458
0.004599942
0.77641733346
0.25099073419
0.89756529888
0.99145161371
0.92307690598
0.2318206064
0.93863895
0.775
0.7479618044
0.30603165396
0.76636166931
0.74485596708
0.675
0.35349578708
0.25545388977
0.08365995925
0.0223138
0.25880577782
0.50426554374
0.9
0.75186709344
0.3
0.02838376553
0.96326800342
0.37905122478
0.2745050224
0.33241757822
0.56730133788
0.97407754031
0.08986
0.74454611023
0.775417
0.67901234568
0.68244633703
0.77676167251
0.30171596552
0.75410497419
0.67074799962
0.69413963029
0.09129960139
0.64736
0.75308641976
0.7570171788
0.92403316819
0.45841465803
0.70248042819
0.50406771971
0.7082
0.95293471397
25
0.225
0.91634010871
0.11075984362
0.411522634
0.02472566376
0.73
0.25
0.75
0.68
0.92191795515
0.07692309402
0.92456563649
0.775
0.98775600114
0.075
0.66941396264
0.74119422218
0.7
0.91647614693
0.35302420943
0.30833714373
0.855
0.831999
0.1
0.67351080584
25
0.410225477
0.839437
0.7808
0.13645
0.59
0.1
0.892997
0.035
0.9727442
0.4065
0.1178051
0.6
0.2257
0.47053550967
0.4
0.285
0.82342
0.09
0.70291936029
0.99877941833
0.537437248
0.31
0.9351055
0.58170713
0.984
25
0.10584598
0.225
0.11111111112
0.95019460806
0.25
0.14677719
0.975
0.76636166931
0.411522634
0.74454611023
0.74900926581
0.97527433624
0.29908500793
0.6819
0.71855612134
0.89715760175
0.54601377759
0.8047
0.55028
0.945375143
0.775
0.30544668025
0.325
0.76924249353
0.152092127
70
0.33058603736
0.29908500793
0.925
0.02838376553
0.91634004075
0.92307690598
0.25880577782
0.29641338546
0.98775600114
0.96326800342
0.3
0.025
0.99711553631
0.30544668025
0.9
0.08515129659
0.25616074225
0.32925200038
0.74119422218
0.02472566376
0.00288446369
0.88924015638
0.08365995925
0.1
0.09880446182
0.7
0.69455331975
0.91484870341
0.75205358075
0.90119553818
0.25545388977
0.74383925775
0.67074799962
0.97527433624
0.225
0.23151777325
0.2318206064
0.24966975527
0.25099073419
0.00824188792
0.74900926581
0.02564103134
0.22358266654
0.70358661454
0.77641733346
0.74454611023
0.01224399886
0.775
0.02592245969
0.975
0.70091499207
0.76848222675
0.675
0.07692309402
0.75033024473
0.97435896866
0.25
0.66941396264
0.325
0.75
0.7681793936
0.24794641925
0.97407754031
0.23363833069
0.075
0.97161623447
0.11075984362
0.99175811208
0.76636166931
0.03673199658
25
0.92818917
0.7530374962
0.9136198
0.9021
0.36
0.783
0.5149
0.668004539
0.92196311538
0.233654
0.999086
0.329640184
0.7037037038
0.619
0.22629968
0.2304583201
0.32141104
0.325102881
0.25102881
0.287
0.1111112
0.399857
0.0204
0.30591
0.2881
100
0.6661
0.7419261969
0.991771
0.003
0.2263375
0.2589187243
0.10013718
0.1110096
0.668038409
0.37
0.77778
0.259261
0.7777777778
0.7613
0.98
0.2544
0.7809
0.8601332
0.412
0.3
0.88990549
0.99955954261
0.247071
0.25091407853
0.77
0.4
0.898492
0.123456791
0.255
0.102831735
0.85505259
0.881
0.2976680385
0.8929702451
0.411
0.744856
0.86
0.97531
0.6173
0.777778
0.0888
0.924909821
0.26063101
0.9248254
0.74211249
0.111112
0.3337348274
0.3245
0.67902
0.613
0.7256
0.99909
0.90030501975
0.66945963976
0.35563685
0.156
0.287903
0.6254
0.8925827
0.63
0.32139849
0.259146104
0.11111112
0.30467393849
0.897272
0.35
0.916779523
0.999
0.307378
0.925926
0.89026064
0.0233
0.98765573806
0.925925926
0.29
0.85
0.9176954733
0.867
0.102475
0.972565158
0.33231536217
0.4126
0.1097564
0.7419771
0.914646741
0.19
0.6594
0.9275
0.9248936
0.69963929
0.3240531
0.4572474
0.77640792
0.6954733
0.8274541464
0.96434
0.72
0.695
0.7728
0.39
90
0.92
0.11
0.73
0.56
0.76
0.22
0.99
0.62
0.55
0.24
0.69
0.23
0.03
0.59
0.14
0.37
0.48
0.79
0.94
0.19
0.65
0.12
0.86
0.42
0.57
0.02
0.46
0.61
0.74
0.36
0.35
0.88
0.13
0.32
0.38
0.18
0.71
0.98
0.04
0.33
0.53
0.15
0.17
0.06
0.51
0.66
0.34
0.44
0.47
0.84
0.21
0.78
0.01
0.29
0.91
0.27
0.49
0.41
0.58
0.95
0.96
0.81
0.68
0.26
0.97
0.08
0.72
0.67
0.16
0.64
0.28
0.77
0.05
0.85
0.89
0.09
0.63
0.31
0.93
0.52
0.43
0.39
0.87
0.07
0.54
0.75
0.25
0.45
0.82
0.83
52
0.09880446182
0.96326800342
0.0498431
0.96666045714
0.363
0.0433735
0.23151777325
0.925
0.10826601636
0.675
0.25616074225
0.3434
0.2876100598
0.7310756839
0.10346786222
0.90091987012
0.75212300143
0.77641733346
0.5934918491
0.97527433624
0.5648
0.18643113
0.960094034
0.67870751411
0.77777777778
0.67523722096
0.23363833069
0.58394240917
0.1
0.70358661454
0.48112182846
0.00288446369
0.74119422218
0.30452690968
0.399917632
0.70370370371
0.43490570027
0.74454611023
0.29908500793
0.88924015638
0.66712391404
0.11959569174
0.97119486368
0.23872511198
0.58864722402
0.331402
0.8499
0.25
0.6555126
0.89057525757
0.7818930042
0.975
25
0.3703703704
0.9670782
0.6954694877
0.58
0.703703704
0.32231424
0.2206
0.352
0.3
0.9971173
0.750297574
0.77646
0.670781894
0.39
0.216
0.038
0.372
0.668038409
0.22589338
0.365953311
0.3333320789
0.0839
0.867
0.96707819
0.0276
100
0.27585347282
0.95722504148
0.29641338546
0.97527433624
0.22241073942
0.30047134272
0.25
0.39553403444
0.02334417373
0.70358661454
0.73774828972
0.31154671586
0.42045253311
0.00288446369
0.9
0.76636166931
0.09880446182
0.46762517934
0.97407754031
0.23151777325
0.48193975513
0.99175811208
0.97161623447
0.42803734159
0.02838376553
0.7681793936
0.975
0.92307690598
0.25880577782
0.46917965858
0.06120948812
0.07692309402
0.70091499207
0.075
0.33058603736
0.67074799962
0.675
0.88924015638
0.73794929378
0.69455331975
0.03673199658
0.58526201934
0.75
0.43010430454
0.23363833069
0.25545388977
0.74454611023
0.43452342123
0.49752180769
0.00824188792
0.73439729095
0.90119553818
0.86407494312
0.325
0.7
0.66941396264
0.08515129659
0.96326800342
0.21580536711
0.67994966502
0.17064066366
0.25099073419
0.01224399886
0.30544668025
0.97435896866
0.32925200038
0.925
0.83064899644
0.775
0.3
0.43437462599
0.82505924248
0.43437803311
0.29908500793
0.98775600114
0.63257035967
0.76239897224
0.69832074138
0.77641733346
0.225
0.25616074225
0.50725446722
0.91484870341
0.74900926581
0.11075984362
0.03362009414
0.05725407259
0.80971788153
0.32981233308
0.61979202399
0.40891056483
0.42064272603
0.22358266654
0.02592245969
0.08365995925
0.24966975527
0.1
0.95845870366
0.025
0.24794641925
25
0.37226561393
0.9973820918
0.854480206
0.21288
0.92589
0.32915798838
0.32
0.41698244038
0.696637
0.40305107421
0.24194541
0.75
0.8672663809
0.1869
0.135108
0.3342855272
0.82277824
0.9252
0.3447272571
0.6175
0.96935
0.93601756
0.9211003562
0.35368507
0.88344616705
100
0.5413792
0.67897708167
0.74383925775
0.90082436245
0.1607026
0.44125841244
0.8266016361
0.155592623
0.86623826466
0.11075984362
0.91694126089
0.67074799962
0.92592592593
0.66712391404
0.5
0.90119553818
0.49086305358
0.6198
0.325
0.97161623447
0.77379850431
0.32962838215
0.74999991289
0.74374001651
0.96570770423
0.10871211406
0.83438
0.40482494834
0.66941396264
0.96326800342
0.15988826
0.02592245969
0.69410709028
0.66971517033
0.187
0.00824188792
0.7788446884
0.07227889114
0.98194477556
0.70617235469
0.70358661454
0.6702
0.88934613626
0.01184592855
0.24147513943
0.1289658613
0.75205358075
0.89208962049
0.77777777778
0.66759414131
0.88924015638
0.075
0.31
0.01224399886
0.74454611023
0.25698072132
0.29908500793
0.42474119332
0.69269213328
0.46219606474
0.3534198274
0.22358266654
0.975
0.70091499207
0.8357424019
0.09713
0.3220789
0.04481
0.26554846
0.46120065469
0.18621576138
0.3
0.76
0.25449437032
0.549556242
0.4
0.52196027564
0.11111111112
0.23151777325
0.54386922647
0.97165066301
0.786026
0.679494
0.1128295601
0.25616074225
0.32925200038
0.6
0.97527433624
0.25018
0.07692309402
0.925
0.22633744856
0.74900926581
0.25880577782
0.97429066278
0.1234567902
0.675
0.29915284373
0.77641733346
0.882
25
0.9492312
0.0234844
0.084328453
0.5123678257
0.25747
0.24234
0.97615
0.5016
0.33
0.02569815
0.31854
0.632
0.2357504781
0.826
0.74
0.72
0.081
0.76201
0.8082
0.0952951
0.54084
0.7363001
0.581296
0.1852
0.872394507
25
0.92593
0.2582414797
0.74942844079
0.96574457
0.254
0.996343
0.6
0.2235939644
0.6670223036
0.857
0.1161
0.5
0.700537471
0.92470659961
0.2250166
0.24997448961
0.924673
0.13
0.75
0.2
0.98860819156
0.735
0.2309099223
0.30742265
0.8876
100
0.00940187618
0.32957050304
0.5850877082
0.22621544893
0.76848222675
0.7
0.24187232037
0.66083834678
0.91484870341
0.3
0.86787
0.74454611023
0.11111111112
0.99711553631
0.48058510874
0.24966975527
0.33058603736
0.09880446182
0.69272976681
0.2318206064
0.71779561185
0.32505395708
0.67585112929
0.25229272844
0.00824188792
0.69240972695
0.67823
0.6
0.75308641976
0.775
0.88540431695
0.4151
0.18837594
0.67033600539
0.7671971
0.61191010844
0.90119553818
0.96707818931
0.4606113146
0.02867895708
0.76954732511
0.98770493353
0.19042922246
0.99173510337
0.266
0.75205358075
0.32925200038
0.25925925926
0.74484425887
0.98809970299
0.196669
0.411522634
0.32103785311
0.091
0.25880577782
0.74380174111
0.75
0.76636166931
0.74383925775
0.35711098179
0.22633744856
0.29647809273
0.33302664312
0.245823685
0.48193461638
0.02838376553
0.337556
0.9908211386
0.89269879775
0.457
0.15480894
0.3538828151
0.682925
0.67
0.97407754031
0.99175811208
0.0092905501
0.95256439813
0.1
0.98775600114
0.69455331975
0.97527433624
0.86
0.70436937532
0.25616074225
0.50605421
0.11528781539
0.99725609763
0.89640114309
0.22358266654
0.4638089
0.28066208678
0.23182441701
0.00571840488
0.11075984362
0.9
0.77777777778
0.22602090878
0.81533361186
0.91634004075
56
0.97407754031
0.92307690598
0.97435896866
0.91634004075
0.7681793936
0.69455331975
0.02472566376
0.29908500793
0.74454611023
0.97527433624
0.98775600114
0.99175811208
0.66941396264
0.25880577782
0.01224399886
0.88924015638
0.74383925775
0.22358266654
0.23363833069
0.67074799962
0.33058603736
0.77641733346
0.00824188792
0.07692309402
0.24966975527
0.08515129659
0.99711553631
0.02838376553
0.02564103134
0.74119422218
0.74900926581
0.30544668025
0.23151777325
0.02592245969
0.97161623447
0.24794641925
0.2318206064
0.11075984362
0.90119553818
0.75033024473
0.76636166931
0.00288446369
0.91484870341
0.29641338546
0.09880446182
0.96326800342
0.25099073419
0.08365995925
0.70358661454
0.70091499207
0.75205358075
0.25616074225
0.25545388977
0.32925200038
0.76848222675
0.03673199658
2
0.5
0.12
25
0.22262885276
0.54981303429
0.25545388977
0.291349497
0.77777777778
0.775
0.225
0.70370370371
0.97527433624
0.58
0.70236771345
0.01224399886
0.30544668025
0.1
0.075
0.9756211
0.025
0.75205358075
0.2747268486
0.826
0.925
0.60450655064
0.2483229275
0.76848222675
0.70140623838
100
0.33749604888
0.2
0.98819437808
0.69272976681
0.75205358075
0.8862210668
0.82462405243
0.91634004075
0.75182193321
0.6
0.90790693158
0.97150263781
0.29640919947
0.22498264154
0.54283774224
0.809
0.69
0.30037765246
0.823064397
0.34623651842
0.23151777325
0.76544903386
0.02838376553
0.19712426265
0.67078189301
0.91484870341
0.02592245969
0.4630531
0.10161429795
0.8520042677
0.76636166931
0.32478280983
0.225
0.573865
0.02564103134
0.03054656515
0.0642608714
0.67074799962
0.2318206064
0.97435896866
0.5840583
0.09880446182
0.99175811208
0.74475268396
0.25099073419
0.90119553818
0.63525549497
0.03749996873
0.6049638318
0.64698389341
0.11111111112
0.925
0.5
0.10003514554
0.29732933666
0.3698
0.09075
0.2835454781
0.69445714577
0.89757658894
0.92227255504
0.07692309402
0.08017988
0.25500903113
0.30453093249
0.163
0.70091499207
0.1190536673
0.38688896299
0.97161623447
0.22358266654
0.74383925775
0.24794641925
0.18
0.21517993555
0.016
0.9
0.25914113706
0.78650659762
0.33322628686
0.8383
0.35
0.70358661454
0.06785109036
0.2676842645
0.66941396264
0.22619006807
0.7
0.54752309139
0.67901234568
0.72132784353
0.8852723838
0.975
0.58544669416
0.84936786714
0.74119422218
0.57056176028
0.25545388977
0.325
0.4843
25
0.9969498723
0.7
0.02
0.77274806
0.1128
0.7657522
0.6752174297
0.96
0.7777777778
0.893005
0.77778
0.4681
0.8628051
0.765891
0.8
0.8279818
0.99
0.913682485
0.23150454
0.4445
0.395
0.11112
0.744855968
0.3704
0.9890261
25
0.7777778
0.3703703704
0.214
0.107962
0.75308641976
0.16
0.6
0.86421
0.82
0.67627
0.23457
0.256211
0.7037038
0.9
0.4
0.2592592593
0.774617
0.777472947
0.769141
0.9753087
0.285018
0.2223746381
0.89178479
0.2529
0.9140375
25
0.10161102
0.3473
0.3049841
0.9
0.23456790124
0.924672731
0.9879709151
0.132
0.9231825
0.1578
0.692425
0.25957123
0.31
0.752646108
0.23151959
0.9740504277
0.10013717422
0.4573
0.987667493
0.99588661
0.4
0.2592593
0.330742265
0.5972
0.10821569894
25
0.55623414604
0.54840683619
0.65683989308
0.90695075302
0.98391770259
0.03689579934
0.81508618661
0.84563770605
0.73463702511
0.75093130911
0.04714723585
0.14818773613
0.17501354226
0.99199624151
0.58536915853
0.53024005403
0.31638817728
0.56074657127
0.38680713676
0.28988426292
0.60440697906
0.86307275343
0.93633973878
0.10766172464
0.44943665092
25
0.30544668025
0.925
0.23151777325
0.75
0.675
0.7681793936
0.975
0.25099073419
0.7
0.9
0.1
0.09880446182
0.99175811208
0.33058603736
0.225
0.08515129659
0.325
0.02564103134
0.97527433624
0.32925200038
0.99711553631
0.025
0.70091499207
0.075
0.02838376553
100
0.075
0.08365995925
0.74454611023
0.11075984362
0.16491819131
0.25545388977
0.07724887579
0.70358661454
0.49516441811
0.74900926581
0.77641733346
0.2318206064
0.17934316059
0.05787968596
0.02838376553
0.325
0.78948523439
0.91484870341
0.24966975527
0.39065059511
0.66211189524
0.87017683317
0.75205358075
0.62400445097
0.29225906802
0.76848222675
0.93874278959
0.97435896866
0.10379855515
0.75593775267
0.23151777325
0.95691999845
0.00824188792
0.69455331975
0.07692309402
0.74383925775
0.24794641925
0.23363833069
0.07561915344
0.75033024473
0.70724179351
0.19066510166
0.97161623447
0.91634004075
0.38932521504
0.3
0.1
0.775
0.29641338546
0.73121234346
0.02472566376
0.83932486732
0.96326800342
0.025
0.22063287494
0.04695496656
0.46450008723
0.975
0.27343800943
0.59988515638
0.97407754031
0.01224399886
0.25
0.10863970232
0.9
0.22358266654
0.77026247491
0.75
0.69328592986
0.10309122991
0.31824064515
0.925
0.92079305765
0.08515129659
0.32925200038
0.33058603736
0.72721576735
0.47346026928
0.7
0.29908500793
0.46699079313
0.67074799962
0.00288446369
0.66941396264
0.65785432572
0.55817266847
0.48185233789
0.03673199658
0.7681793936
0.675
0.28107504888
0.70091499207
0.18290856197
0.25616074225
0.99711553631
0.225
0.97527433624
0.30544668025
0.98775600114
0.76636166931
61
0.99897258212
0.19040490388
0.3
0.1223888893
0.03673199658
0.60673671581
0.69150500453
0.25976160057
0.74177331649
0.7544581619
0.37494471562
0.28193
0.7681793936
0.70051475001
0.675
0.74383925775
0.32925200038
0.02564103134
0.35
0.66941396264
0.91634004075
0.82905161628
0.76636166931
0.2191237
0.00824188792
0.025
0.66803840878
0.925
0.436276
0.066564588
0.777
0.23151777325
0.975
0.91484870341
0.53
0.91766097844
0.443433545
0.02592245969
0.91338894994
0.35738
0.5548504
0.01
0.79203443049
0.77675609463
0.60621077717
0.38578039093
0.29663897049
0.70091499207
0.98892048018
0.040621
0.98775600114
0.51024086707
0.02595133114
0.54671716
0.4
0.3703703704
0.74900926581
0.32505353893
0.814
0.69269087883
0.96602690779
25
0.70091499207
0.9
0.74454611023
0.325
0.74383925775
0.69455331975
0.775
0.77641733346
0.02592245969
0.075
0.99175811208
0.32925200038
0.90119553818
0.1
0.75
0.88924015638
0.7
0.3
0.97407754031
0.25
0.975
0.925
0.67074799962
0.91484870341
0.96326800342
25
0.025
0.00894503
0.96666045714
0.90662094605
0.306279
0.01224399886
0.11075984362
0.00288446369
0.00824188792
0.075
0.4479722
0.97527433624
0.22542295382
0.2838824075
0.1
0.25
0.1013191393
0.70370370371
0.3
0.771375422
0.99711553631
0.348
0.61387849251
0.98776895871
0.33028083597
52
0.32556368226
0.975
0.7418132964
0.651
0.90948748
0.23363833069
0.74295333978
0.66769796732
0.30497101648
0.64452147083
0.91632894254
0.52
0.02838376553
0.75308641976
0.778609461
0.74383925775
0.9
0.23426306966
0.36536401
0.89834013142
0.775
0.74966899286
0.02
0.7675125325
0.95246984894
0.29736179178
0.467
0.99966129825
0.66941396264
0.32526424455
0.32496614551
0.07692309402
0.75205358075
0.97530864198
0.5
0.75
0.0402004
0.92307690598
0.925
0.25099073419
0.32144490171
0.77686328304
0.87825956438
0.81842284246
0.67074799962
0.70548512716
0.74900926581
0.99175811208
0.70091499207
0.31715465493
0.43573
0.76848222675
