100
5
0.09102
0.34913
0.81926
0.96842
0.22917
5
0.74501
0.82639
0.54862
0.18785
0.37508
100
0.1235
0.71
0.76925
0.4471
0.3
0.95
0.1049
0.6842
0.0447
0.048
0.92
0.30001
0.25835
0.282
0.8
0.257
0.423
0.317
0.78
0.9451
0.4055
0.96708
0.4228
0.63
0.23061
0.89301
0.1784
0.5116
0.73
0.70371
0.2858
0.6773
0.0421
0.4661
0.30042
0.5371
0.841
0.35
0.7
0.796
0.70066
0.835
0.11
0.6183
0.41
0.9
0.766
0.54
0.23183
0.9896
0.5809
0.6
0.69263
0.22604
0.261
0.4
0.176
0.70097
0.29
0.3285
0.768
0.8538
0.13
0.2881
0.2185
0.4364
0.0238
0.1
0.64
0.89992
0.6983
0.415
0.47
0.5
0.88
0.1513
0.8621
0.2
0.76955
0.74486
0.7367
0.699
0.43
0.247
0.2511
0.4164
0.27
0.75
0.29666
0.77
0.376
0.8178
0.88935
0.19
0.90124
0.30865
0.89819
0.8349
0.8204
0.23457
53
0.02592
0.30865
0.749
0.90093
0.33318
0.75033
0.66804
0.42185
0.7819
0.2588
0.075
0.62048
0.99586
0.08515
0.775
0.47742
0.23151
0.3704
0.79258
0.99909
0.60352
0.193
0.925
0.67074
0.76817
0.52741
0.443
0.11112
0.28025
0.67902
0.70091
0.33232
0.83724
0.3142
0.25099
0.9
0.07703
0.89301
0.3
0.57
0.1712
0.122
0.8642
0.02838
0.901
0.2566
0.39762
0.225
0.02564
0.77778
0.6295
0.98775
0.4
5
0.3
0.9
0.775
0.925
0.25
5
0.3704
0.166
0.704
0.1365
0.43
100
0.9
0.51917
0.06258
0.325
0.90309
0.97224
0.29908
0.12682
0.1
0.66851
0.40466
0.01224
0.00288
0.43944
0.25
0.925
0.48495
0.51722
0.28941
0.01843
0.0988
0.74381
0.70358
0.74383
0.23182
0.7
0.97407
0.92307
0.91484
0.04041
0.00824
0.90759
0.75
0.225
0.05299
0.025
0.66941
0.30544
0.69455
0.08515
0.25099
0.749
0.33058
0.02472
0.03673
0.21051
0.775
0.92487
0.90535
0.67972
0.74119
0.54742
0.10874
0.67693
0.99711
0.35373
0.2588
0.32925
0.97161
0.87649
0.06171
0.29641
0.31847
0.77641
0.23363
0.73777
0.25616
0.675
0.74454
0.98775
0.23636
0.17822
0.11075
0.25545
0.72451
0.88924
0.75033
0.07692
0.99175
0.24966
0.02592
0.25534
0.79545
0.08365
0.02838
0.22737
0.975
0.70091
0.16442
0.75205
0.33401
0.97435
0.23943
0.38243
0.075
0.02564
0.08925
0.76912
0.3
0.96326
56
0.925
0.66281
0.70371
0.66804
0.11112
0.23182
0.23417
0.85149
0.74383
0.768
0.691
0.93326
0.74454
0.00288
0.98775
0.57253
0.9923
0.75
0.70091
0.45639
0.22604
0.9
0.3
0.61719
0.99748
0.135
0.7443
0.975
0.8338
0.32419
0.76848
0.4426
0.597
0.78824
0.99696
0.55546
0.959
0.23457
0.986
0.29641
0.88924
0.2588
0.35946
0.90124
0.61572
0.1223
0.214
0.75033
0.32925
0.74121
0.69152
0.29908
0.03
0.69
0.325
0.70358
5
0.9082
0.3
0.0712
0.96
0.92
100
0.9
0.89027
0.415
0.30591
0.2149
0.145
0.1
0.77778
0.74212
0.622
0.7454
0.17
0.0276
0.858
0.9535
0.6
0.9388
0.404
0.3253
0.11112
0.9403
0.22512
0.4
0.97
0.97531
0.853
0.5164
0.808
0.69273
0.422
0.98903
0.552
0.168
0.209
0.25926
0.2094
0.42
0.87
0.8245
0.2974
0.29
0.191
0.3545
0.8
0.4144
0.1664
0.2
0.96617
0.25103
0.4686
0.39
0.51
0.69548
0.0462
0.4755
0.376
0.64
0.19
0.54
0.21
0.2394
0.92593
0.5
0.2771
0.90124
0.86
0.25804
0.083
0.976
0.313
0.79
0.4573
0.8073
0.25
0.3704
0.525
0.4617
0.95
0.1102
0.93
0.61
0.9757
0.7137
0.35
0.32
0.44
0.3846
0.7
0.972
0.4204
0.3
0.99
0.07
0.797
0.1174
0.557
0.69975
0.98771
0.3674
0.75309
100
0.82341
0.29641
0.3724
0.25918
0.30544
0.22738
0.91761
0.66713
0.69455
0.075
0.22361
0.1
0.5435
0.24794
0.82309
0.84
0.70331
0.69548
0.94273
0.11112
0.77953
0.77641
0.3684
0.7778
0.3704
0.76848
0.90124
0.69
0.49677
0.119
0.63258
0.8642
0.78496
0.70371
0.61525
0.30834
0.32379
0.22358
0.32481
0.29629
0.33058
0.74383
0.99175
0.09983
0.97161
0.25099
0.79
0.25616
0.19664
0.74111
0.31248
0.24981
0.2588
0.4065
0.3
0.92555
0.1235
0.03
0.77778
0.0988
0.25642
0.58
0.16765
0.69692
0.97435
0.23182
0.96434
0.283
0.11
0.3375
0.97407
0.30042
0.75309
0.90119
0.25103
0.94594
0.74119
0.23061
0.9
0.775
0.2
0.70091
0.5
0.20068
0.23151
0.97527
0.59216
0.7
0.10566
0.23267
0.88924
0.14958
0.76636
0.92563
0.41796
0.8
0.325
0.50129
0.6
0.382
5
0.3
0.8
0.1229
0.99
0.10991
5
0.025
0.975
0.925
0.325
0.75
5
0.225
0.7
0.775
0.675
0.1
5
0.25849
0.07742
0.34342
0.18795
0.03732
54
0.97161
0.39563
0.1776
0.91484
0.76681
0.75
0.77778
0.3704
0.25
0.90277
0.4151
0.07692
0.92307
0.24966
0.6503
0.75738
0.08515
0.7
0.03673
0.62242
0.9
0.24702
0.90515
0.49037
0.76636
0.74383
0.75205
0.35
0.76955
0.39
0.70358
0.10248
0.89214
0.7545
0.64
0.94
0.70371
0.75309
0.13385
0.8368
0.27683
0.775
0.6
0.75033
0.2871
0.30042
0.75218
0.351
0.89016
0.03
0.30773
0.25545
0.94282
0.925
5
0.775
0.88924
0.1
0.02838
0.025
5
0.10429
0.20017
0.32094
0.15749
0.42404
100
0.20198
0.54475
0.22071
0.22347
0.25545
0.66941
0.01224
0.64214
0.67074
0.46506
0.67489
0.00107
0.225
0.29641
0.775
0.43479
0.32925
0.98775
0.75033
0.1
0.97057
0.79229
0.66582
0.63746
0.02472
0.19574
0.02884
0.77313
0.97527
0.25
0.675
0.749
0.97407
0.25099
0.90119
0.82987
0.34766
0.74383
0.75
0.74931
0.23363
0.23151
0.47425
0.82779
0.70091
0.97161
0.02299
0.025
0.49178
0.3
0.2588
0.14081
0.92489
0.24966
0.11325
0.74755
0.70358
0.0988
0.7
0.37143
0.53203
0.03673
0.23182
0.28835
0.29908
0.88924
0.96326
0.09488
0.22358
0.02058
0.75205
0.00288
0.99711
0.02592
0.77641
0.55695
0.24794
0.33058
0.975
0.325
0.91484
0.99175
0.9
0.14152
0.74119
0.33061
0.075
0.76636
0.925
0.25903
0.02564
0.79032
0.07692
0.92307
0.30544
0.76817
0.79908
0.76848
0.24434
0.91179
5
0.0988
0.9
0.775
0.3
0.325
5
0.6
0.8702
0.37
0.26
0.13921
100
0.01224
0.30544
0.325
0.33058
0.11075
0.29641
0.15179
0.1
0.46769
0.025
0.24966
0.70719
0.67074
0.23151
0.61889
0.99711
0.76473
0.99175
0.68613
0.46382
0.0988
0.749
0.59234
0.70358
0.675
0.97407
0.975
0.23182
0.76817
0.88924
0.07601
0.16996
0.37326
0.89824
0.78315
0.70922
0.21257
0.74454
0.06329
0.25616
0.91634
0.75033
0.97527
0.39921
0.22107
0.66941
0.35593
0.00824
0.68615
0.04396
0.76636
0.08515
0.02472
0.87666
0.07692
0.77641
0.075
0.18277
0.25545
0.74119
0.92113
0.84348
0.25
0.66685
0.74383
0.70091
0.26759
0.80958
0.75401
0.36269
0.75205
0.98706
0.7
0.90119
0.225
0.75
0.91484
0.86114
0.08365
0.96326
0.925
0.97435
0.775
0.98775
0.19712
0.94443
0.9
0.09872
0.04932
0.29908
0.86236
0.97161
0.00288
0.02838
0.55052
0.76848
0.23731
0.3
0.69455
0.19473
100
0.75033
0.33799
0.91484
0.1
0.25015
0.08365
0.24966
0.12808
0.01401
0.25545
0.00288
0.2588
0.925
0.80609
0.025
0.64042
0.775
0.70062
0.74454
0.075
0.92307
0.99193
0.00824
0.27213
0.22655
0.58571
0.24794
0.25
0.70091
0.44205
0.99711
0.74119
0.11075
0.02472
0.97161
0.23151
0.74383
0.62618
0.61281
0.02838
0.0988
0.75205
0.77641
0.97527
0.66941
0.01224
0.70358
0.675
0.3
0.67074
0.225
0.9
0.30544
0.39294
0.76788
0.7
0.20363
0.03673
0.10823
0.85559
0.76636
0.72217
0.08515
0.02564
0.13865
0.23363
0.70068
0.58298
0.35777
0.23182
0.96527
0.975
0.27886
0.28955
0.20804
0.97407
0.47085
0.00344
0.75
0.33058
0.23415
0.43425
0.749
0.94264
0.76848
0.72706
0.13608
0.07692
0.98775
0.86815
0.22086
0.99175
0.29908
0.91634
0.54141
0.32925
0.22358
0.15789
0.325
0.35363
5
0.88
0.3
0.475
0.37967
0.3949
63
0.70371
0.3704
0.25
0.95868
0.182
0.961
0.26
0.77778
0.02564
0.92583
0.23363
0.27192
0.97527
0.564
0.05825
0.057
0.32206
0.749
0.40881
0.30581
0.3
0.7
0.91465
0.75205
0.83804
0.9
0.69455
0.66957
0.75218
0.92593
0.73881
0.7119
0.97441
0.67984
0.11075
0.76636
0.25926
0.042
0.95597
0.63
0.8172
0.25099
0.22358
0.3453
0.99711
0.66987
0.04085
0.59
0.67074
0.41
0.08515
0.98775
0.2
0.76549
0.69374
0.3784
0.61249
0.30499
0.29641
0.38
0.11
0.30461
0.75
5
0.88
0.023
0.1
0.28
0.77687
9
0.2
0.9
0.4
0.8
0.7
0.1
0.6
0.5
0.3
5
0.23363
0.775
0.975
0.7
0.3
5
0.975
0.025
0.75
0.25
0.925
100
0.22358
0.08515
0.39015
0.96152
0.06247
0.39277
0.03272
0.3
0.86065
0.82119
0.97407
0.11075
0.02838
0.24794
0.91634
0.70941
0.24966
0.85361
0.19042
0.99175
0.0988
0.07016
0.675
0.76848
0.91484
0.9
0.07692
0.25616
0.74119
0.61308
0.23363
0.975
0.02472
0.96326
0.85086
0.30544
0.925
0.46831
0.03673
0.81171
0.51387
0.79017
0.23151
0.97527
0.87697
0.13463
0.25
0.26693
0.67044
0.74454
0.22051
0.70358
0.7
0.225
0.12104
0.325
0.75205
0.44983
0.59419
0.99711
0.42679
0.34431
0.74383
0.26735
0.29641
0.82885
0.08156
0.70091
0.025
0.35912
0.23182
0.73172
0.76636
0.01224
0.67074
0.02592
0.1
0.08365
0.06343
0.30242
0.19662
0.98775
0.88924
0.2588
0.775
0.29908
0.97161
0.59873
0.36678
0.02564
0.075
0.33058
0.25545
0.92307
0.75033
0.07917
0.16272
0.90119
0.25099
0.98086
100
0.77641
0.29908
0.17199
0.23151
0.92593
0.84905
0.49
0.30031
0.70371
0.96708
0.00824
0.85221
0.99177
0.70239
0.46
0.24794
0.67902
0.877
0.7
0.25926
0.566
0.97155
0.312
0.08
0.107
0.02592
0.01224
0.72199
0.11112
0.0386
0.97491
0.25
0.22358
0.25099
0.975
0.75205
0.88637
0.98812
0.59259
0.87543
0.325
0.00288
0.118
0.83897
0.69839
0.02472
0.217
0.91484
0.71238
0.13
0.31031
0.3
0.01637
0.3704
0.775
0.02564
0.78181
0.5377
0.2588
0.02838
0.23183
0.75033
0.72019
0.2881
0.66987
0.66713
0.30591
0.67
0.25545
0.045
0.23182
0.5
0.5198
0.03442
0.32236
0.90124
0.10197
0.92504
0.41311
0.08365
0.9655
0.668
0.90119
0.97441
0.1
0.54671
0.45524
0.92307
0.40207
0.30539
0.87
0.25309
0.7819
0.13622
0.24049
0.89851
0.03673
0.18157
0.97161
0.0988
5
0.03673
0.925
0.70091
0.1
0.9
100
0.2
0.012
0.133
0.928
0.499
0.007
0.6302
0.9944
0.84
0.37
0.97247
0.43
0.3632
0.4929
0.76
0.64
0.4
0.32481
0.92593
0.07
0.6753
0.9059
0.3425
0.3333
0.5
0.461
0.825
0.769
0.24
0.5375
0.093
0.57
0.9
0.7
0.66977
0.607
0.42
0.077
0.8938
0.7179
0.9761
0.755
0.96708
0.3022
0.97227
0.2029
0.53
0.7273
0.983
0.1
0.23457
0.03
0.372
0.67902
0.8
0.3553
0.916
0.2424
0.54
0.35
0.7285
0.2129
0.8337
0.19
0.3942
0.753
0.31
0.804
0.342
0.3
0.658
0.05
0.259
0.747
0.06
0.76651
0.434
0.97257
0.2472
0.8302
0.398
0.75035
0.67505
0.7875
0.23
0.6
0.018
0.11112
0.099
0.815
0.7223
0.312
0.4468
0.47
0.717
0.581
0.66987
0.9457
0.23366
0.7878
61
0.3
0.325
0.925
0.99711
0.11075
0.74454
0.99716
0.25561
0.67902
0.97435
0.03673
0.859
0.32206
0.05052
0.60318
0.85
0.86242
0.33655
0.8642
0.25616
0.77778
0.70358
0.86538
0.79
0.69416
0.15561
0.8734
0.24
0.025
0.76636
0.48479
0.85425
0.18414
0.67074
0.29
0.69995
0.7104
0.9
0.306
0.1
0.05541
0.23363
0.03
0.726
0.32968
0.02039
0.21816
0.92593
0.75218
0.02838
0.078
0.7
0.74119
0.3704
0.23182
0.915
0.70371
0.97531
0.02592
0.69455
0.30865
56
0.75033
0.77778
0.02838
0.25652
0.88673
0.23363
0.88
0.8539
0.03592
0.925
0.8277
0.34
0.7819
0.92
0.23
0.11112
0.91634
0.10233
0.325
0.025
0.75
0.679
0.76945
0.99909
0.07692
0.74383
0.4224
0.67902
0.97435
0.75309
0.21515
0.86421
0.21088
0.97161
0.24794
0.01252
0.88935
0.69426
0.9
0.3045
0.7545
0.1517
0.412
0.828
0.97407
0.31
0.02592
0.99711
0.45473
0.7997
0.2791
0.5
0.23182
0.90119
0.0824
0.65803
5
0.675
0.2
0.23683
0.185
0.6987
5
0.38851
0.25472
0.91188
0.34081
0.89799
100
0.925
0.60089
0.07122
0.02838
0.69455
0.33058
0.25767
0.50562
0.23182
0.99175
0.23151
0.00862
0.25616
0.70091
0.76817
0.9
0.34633
0.76636
0.2588
0.08365
0.97407
0.07692
0.85558
0.24583
0.05834
0.03673
0.325
0.02564
0.02592
0.79121
0.225
0.76294
0.70871
0.79302
0.73734
0.075
0.74003
0.975
0.96326
0.1
0.75
0.17221
0.97527
0.775
0.88673
0.74119
0.66941
0.63633
0.29445
0.53024
0.67074
0.41021
0.22358
0.68826
0.3
0.675
0.35108
0.24255
0.025
0.749
0.74383
0.26753
0.32925
0.16896
0.88023
0.24794
0.90119
0.29908
0.44386
0.97161
0.25099
0.11075
0.76192
0.93208
0.31999
0.76848
0.29641
0.01224
0.70358
0.63945
0.91059
0.74454
0.08515
0.74485
0.62978
0.00824
0.64743
0.41135
0.77641
0.23363
0.90075
0.20943
0.7
0.98775
0.68548
0.75205
0.91484
0.99711
0.0988
0.25
5
0.8548
0.2
0.73
0.49
0.77778
5
0.6521
0.5088
0.69
0.9
0.825
100
0.7
0.77778
0.138
0.88924
0.89783
0.00824
0.775
0.72997
0.6
0.66957
0.325
0.66941
0.48
0.75309
0.97527
0.32511
0.29641
0.10289
0.493
0.99711
0.8
0.80985
0.72561
0.53274
0.4555
0.21274
0.839
0.92307
0.76848
0.948
0.97531
0.92593
0.55217
0.08708
0.75
0.27808
0.45818
0.14
0.49761
0.70425
0.2588
0.23427
0.22634
0.74454
0.74212
0.04117
0.1
0.522
0.25926
0.91634
0.70358
0.74119
0.91771
0.82877
0.012
0.20031
0.913
0.93787
0.00288
0.01224
0.14698
0.23182
0.92227
0.9
0.89543
0.67902
0.25545
0.4692
0.37
0.69975
0.99594
0.02472
0.84757
0.01569
0.0988
0.1235
0.412
0.32968
0.02592
0.706
0.50916
0.25561
0.29908
0.9234
0.01594
0.03673
0.86664
0.94
0.08093
0.54694
0.99453
0.97161
0.69455
0.24414
0.78271
0.2881
0.414
0.25916
0.76833
0.08515
100
0.848
0.69117
0.99711
0.61
0.1358
0.32419
0.02592
0.77778
0.70371
0.70239
0.70091
0.15
0.91484
0.24794
0.838
0.01224
0.925
0.76817
0.3068
0.97161
0.83499
0.96225
0.67074
0.89179
0.91
0.69426
0.54022
0.88986
0.114
0.75033
0.7819
0.47204
0.00288
0.13935
0.06441
0.68
0.25804
0.23151
0.37
0.49915
0.66987
0.30042
0.9
0.35334
0.11112
0.25545
0.25616
0.8277
0.1
0.92
0.2988
0.14314
0.99726
0.24208
0.90114
0.75309
0.32968
0.16
0.57315
0.10837
0.8642
0.7
0.74091
0.00824
0.59958
0.97114
0.56881
0.97435
0.31125
0.47106
0.01044
0.29908
0.11075
0.75035
0.98903
0.58466
0.57
0.69548
0.08365
0.55909
0.373
0.1894
0.77302
0.8
0.439
0.39923
0.0988
0.78681
0.04
0.99175
0.02564
0.99086
0.84483
0.97527
0.74383
0.77641
0.1235
0.775
0.857
0.06567
100
0.38
0.625
0.862
0.33
0.829
0.91648
0.11
0.51
0.8701
0.6493
0.18
0.25926
0.48
0.93
0.67627
0.29676
0.5796
0.3704
0.876
0.5489
0.1012
0.2759
0.786
0.92593
0.98812
0.8088
0.32409
0.35
0.2064
0.542
0.835
0.62
0.4
0.583
0.142
0.9274
0.3
0.96
0.662
0.812
0.4227
0.769
0.77778
0.45
0.1516
0.6016
0.05
0.25896
0.067
0.8
0.86
0.32
0.27
0.037
0.75268
0.76955
0.936
0.67811
0.54
0.694
0.824
0.256
0.713
0.39
0.9913
0.6931
0.796
0.1623
0.75309
0.25
0.76589
0.119
0.0428
0.9
0.5316
0.1
0.2881
0.329
0.5
0.038
0.183
0.6615
0.951
0.11112
0.46
0.61
0.103
0.2
0.355
0.3382
0.72
0.15
0.43
0.23
0.193
0.32145
0.984
0.475
0.6
0.8124
5
0.2588
0.925
0.25
0.76636
0.325
5
0.49289
0.88041
0.00254
0.82405
0.82999
100
0.08515
0.97161
0.54974
0.07692
0.075
0.02866
0.75059
0.64847
0.75033
0.17085
0.23151
0.58286
0.02592
0.36409
0.22358
0.92307
0.325
0.84326
0.70091
0.02564
0.98072
0.0988
0.57425
0.90119
0.49074
0.25616
0.66353
0.25
0.64733
0.925
0.23363
0.99175
0.3
0.14694
0.97435
0.1
0.775
0.025
0.975
0.66941
0.10875
0.00071
0.225
0.7
0.97527
0.63482
0.23182
0.96326
0.84811
0.74383
0.02472
0.19425
0.25545
0.31124
0.98775
0.62872
0.00288
0.76636
0.749
0.29492
0.18062
0.88924
0.38452
0.75
0.02838
0.69455
0.91484
0.03673
0.74119
0.33058
0.24794
0.73093
0.15187
0.32925
0.93352
0.91634
0.77368
0.01224
0.675
0.99711
0.12675
0.08936
0.79789
0.9
0.11075
0.30544
0.76817
0.79101
0.25798
0.52079
0.00824
0.05466
0.08365
0.63786
0.08785
0.89821
0.09239
0.97407
0.17936
0.76848
5
0.25
0.98775
0.025
0.24794
0.9
5
0.0009
0.37
0.759
0.5494
0.4
100
0.25926
0.88
0.7621
0.10289
0.1235
0.66764
0.955
0.25561
0.95
0.051
0.0322
0.25073
0.642
0.1
0.69182
0.9
0.7
0.156
0.85
0.426
0.579
0.02
0.602
0.69548
0.86
0.27
0.1019
0.002
0.71
0.8452
0.23457
0.36
0.07
0.21
0.32236
0.958
0.4268
0.9469
0.31
0.4716
0.03
0.571
0.4
0.0358
0.29645
0.98812
0.89
0.362
0.641
0.962
0.0973
0.3499
0.22
0.833
0.63
0.4606
0.9825
0.6643
0.918
0.69243
0.97531
0.59
0.77778
0.301
0.589
0.29951
0.7646
0.30551
0.0506
0.875
0.799
0.4777
0.8
0.653
0.2082
0.7543
0.5311
0.3043
0.57
0.70371
0.956
0.619
0.5
0.003
0.2189
0.16
0.5114
0.575
0.70005
0.11112
0.99177
0.367
0.9028
0.67902
0.97216
0.91771
0.042
0.15
0.41
0.2423
2
0.9
0.1
59
0.24966
0.97161
0.67005
0.749
0.412
0.58084
0.925
0.87046
0.93875
0.30544
0.67902
0.25926
0.617
0.16745
0.29645
0.29767
0.99635
0.225
0.67313
0.68204
0.25545
0.46771
0.11112
0.69548
0.1
0.74121
0.91834
0.26385
0.08365
0.63
0.22358
0.7
0.77778
0.75
0.11075
0.59558
0.67
0.3704
0.54966
0.78
0.32917
0.6
0.81076
0.34316
0.975
0.32511
0.2588
0.70091
0.93249
0.775
0.25652
0.5
0.76681
0.97435
0.02592
0.2881
0.75033
0.00824
0.96326
5
0.60492
0.63301
0.19354
0.61018
0.64174
100
0.2276
0.68
0.1
0.3
0.9964
0.132
0.9698
0.1303
0.81
0.21
0.3573
0.99716
0.316
0.82
0.7
0.73
0.25103
0.2107
0.5929
0.66
0.47
0.77
0.328
0.58
0.91496
0.75
0.718
0.24
0.11112
0.90124
0.557
0.6805
0.715
0.291
0.8422
0.5707
0.64
0.991
0.611
0.6
0.8
0.56
0.904
0.662
0.4568
0.7995
0.2
0.90033
0.818
0.79
0.97531
0.2669
0.10837
0.2036
0.57
0.35
0.2275
0.4891
0.4216
0.78
0.5
0.564
0.3704
0.9
0.4185
0.8878
0.70279
0.31
0.26
0.6718
0.12
0.465
0.8642
0.233
0.8904
0.4334
0.4512
0.837
0.321
0.3247
0.8376
0.77778
0.84
0.36
0.4
0.858
0.89809
0.87
0.23
0.53
0.397
0.70371
0.315
0.6581
0.948
0.72
0.134
0.52
0.308
0.815
5
0.0628
0.9369
0.3864
0.29757
0.1985
5
0.325
0.1
0.3
0.075
0.675
5
0.30018
0.4968
0.4
0.9029
0.14
5
0.025
0.075
0.01224
0.3
0.775
100
0.86161
0.75033
0.97527
0.97435
0.01834
0.2588
0.70883
0.325
0.74454
0.03673
0.08515
0.74383
0.38056
0.07692
0.88924
0.74867
0.91484
0.21459
0.31695
0.99175
0.18257
0.01224
0.75205
0.975
0.32896
0.37256
0.70358
0.02592
0.97161
0.60818
0.025
0.34066
0.25099
0.25
0.90119
0.72555
0.92502
0.54499
0.69455
0.00288
0.25545
0.749
0.075
0.30544
0.84826
0.9
0.08874
0.12483
0.225
0.75
0.67074
0.775
0.24794
0.66941
0.19878
0.92398
0.80521
0.62617
0.11075
0.21113
0.08365
0.24966
0.3
0.00824
0.97407
0.29641
0.23182
0.71444
0.90347
0.84102
0.94889
0.675
0.91634
0.43867
0.92307
0.94341
0.55727
0.1
0.39815
0.0988
0.23151
0.68267
0.43626
0.33058
0.77641
0.64834
0.70035
0.76636
0.96326
0.98752
0.02564
0.24103
0.66045
0.74119
0.70856
0.22358
0.925
0.29908
0.14193
0.7
5
0.6557
0.1
0.3326
0.6
0.4
100
0.62721
0.6134
0.1753
0.07692
0.985
0.24966
0.8642
0.67645
0.412
0.1205
0.67079
0.90119
0.30544
0.17
0.77382
0.67801
0.29583
0.749
0.723
0.25926
0.38577
0.70371
0.74119
0.87
0.92
0.24794
0.26946
0.1
0.69456
0.7
0.57498
0.66987
0.017
0.76817
0.01224
0.97407
0.45
0.1201
0.3239
0.73435
0.67902
0.82
0.92307
0.29908
0.06959
0.98026
0.8
0.975
0.74454
0.6799
0.96708
0.30591
0.32938
0.00824
0.20532
0.42267
0.74212
0.031
0.70091
0.62
0.23182
0.138
0.32925
0.8368
0.11502
0.3603
0.22358
0.3
0.88905
0.70358
0.72907
0.75309
0.25103
0.75
0.3421
0.33093
0.23363
0.12785
0.11112
0.29641
0.06379
0.77394
0.41
0.28636
0.9
0.91771
0.08515
0.42039
0.63758
0.37236
0.85199
0.02572
0.82019
0.7545
0.96326
0.63538
0.25
0.67074
0.25099
0.025
100
0.91771
0.97531
0.25561
0.0796
0.07
0.45
0.89
0.8938
0.0076
0.30865
0.74
0.5
0.755
0.93
0.55
0.6
0.116
0.9518
0.4266
0.3233
0.321
0.57
0.8768
0.3777
0.77778
0.412
0.489
0.416
0.408
0.90002
0.31
0.875
0.3
0.10197
0.5068
0.18
0.32
0.9703
0.70371
0.92593
0.185
0.37
0.363
0.582
0.90124
0.27
0.1
0.9
0.7
0.1717
0.6087
0.25926
0.61
0.94
0.15
0.882
0.91394
0.74212
0.29
0.7082
0.32511
0.26
0.1795
0.7557
0.23457
0.599
0.8519
0.119
0.79
0.4
0.88935
0.98
0.0259
0.324
0.147
0.77504
0.751
0.593
0.362
0.95
0.04
0.89027
0.67902
0.534
0.0619
0.5219
0.643
0.11112
0.621
0.961
0.8
0.927
0.25652
0.6197
0.70097
0.404
0.68
0.2
0.6054
0.10258
66
0.775
0.74339
0.81228
0.20581
0.90196
0.60295
0.97435
0.8409
0.08723
0.30544
0.83
0.10156
0.5177
0.91679
0.87204
0.70371
0.991
0.5
0.99594
0.29641
0.3
0.92319
0.19424
0.96434
0.1932
0.749
0.2
0.02192
0.88924
0.95172
0.325
0.69455
0.29908
0.74119
0.25616
0.27219
0.02592
0.7
0.25926
0.28675
0.70097
0.92593
0.99167
0.69456
0.32925
0.30591
0.075
0.24981
0.99686
0.40102
0.1246
0.331
0.91634
0.77778
0.99711
0.55
0.59442
0.137
0.92278
0.11112
0.194
0.22358
0.75205
0.60862
0.247
0.02472
5
0.74383
0.66941
0.33058
0.975
0.03673
55
0.97531
0.97161
0.88863
0.48427
0.2384
0.67079
0.4
0.26454
0.92307
0.25103
0.97407
0.2881
0.675
0.29767
0.11
0.08017
0.925
0.07406
0.69548
0.01224
0.71383
0.6817
0.5
0.54631
0.075
0.88924
0.11021
0.97435
0.92593
0.32481
0.60497
0.25545
0.88853
0.75
0.74395
0.11831
0.03113
0.30733
0.25926
0.74454
0.281
0.77778
0.25501
0.42608
0.66941
0.225
0.76636
0.32925
0.6
0.2588
0.98807
0.75033
0.53021
0.67685
0.3298
100
0.90124
0.843
0.8
0.7
0.85
0.067
0.77778
0.4
0.3704
0.9284
0.693
0.37
0.23457
0.0254
0.11112
0.31
0.5
0.30865
0.47
0.766
0.7545
0.25926
0.17
0.1
0.742
0.76955
0.428
0.91771
0.618
0.5019
0.4418
0.3079
0.4274
0.42
0.69182
0.1723
0.3354
0.74181
0.6
0.75035
0.679
0.733
0.5859
0.138
0.26
0.07
0.5531
0.72
0.2749
0.04
0.61
0.987
0.43
0.12
0.6863
0.92593
0.568
0.7133
0.236
0.67
0.501
0.18
0.217
0.235
0.214
0.91668
0.3928
0.729
0.77656
0.02
0.75
0.78
0.7493
0.299
0.3
0.22634
0.3842
0.23061
0.95
0.45
0.575
0.452
0.025
0.9332
0.16
0.67902
0.0859
0.2
0.887
0.22
0.531
0.5128
0.1235
0.2968
0.75309
0.544
0.9375
0.9
0.73
0.2422
100
0.42424
0.2588
0.20035
0.40842
0.22358
0.78724
0.75033
0.80818
0.70358
0.91484
0.02564
0.34318
0.74119
0.74383
0.07692
0.18561
0.32925
0.63151
0.08515
0.30544
0.08365
0.97799
0.97527
0.29641
0.23182
0.24794
0.18255
0.94507
0.93431
0.51236
0.25545
0.1
0.75047
0.925
0.749
0.23151
0.34844
0.96326
0.9
0.39515
0.94924
0.18524
0.01621
0.78257
0.66941
0.74454
0.02838
0.325
0.45966
0.69236
0.25099
0.7
0.55558
0.91634
0.92307
0.58129
0.67074
0.90119
0.975
0.97435
0.23363
0.00824
0.00288
0.76848
0.675
0.11716
0.28702
0.99711
0.76636
0.05563
0.01224
0.95296
0.76817
0.61445
0.69455
0.225
0.07399
0.775
0.80708
0.11476
0.43284
0.80397
0.25
0.53603
0.65342
0.00032
0.075
0.70091
0.025
0.98775
0.97161
0.67364
0.57473
0.33058
0.53133
0.3
0.88924
0.77641
0.02592
0.75
5
0.975
0.1
0.075
0.7
0.925
59
0.63689
0.91761
0.341
0.30042
0.225
0.35122
0.325
0.92319
0.14113
0.15612
0.97435
0.84566
0.96708
0.637
0.3
0.322
0.075
0.00288
0.45587
0.23172
0.70066
0.76848
0.536
0.25926
0.303
0.83
0.24966
0.23151
0.23182
0.11075
0.67
0.93928
0.675
0.92593
0.3102
0.901
0.77641
0.1235
0.58024
0.3704
0.98775
0.00824
0.41594
0.9831
0.01224
0.70358
0.58906
0.11081
0.128
0.0988
0.32419
0.67902
0.50074
0.73001
0.30865
0.7
0.90119
0.11112
0.96451
5
0.925
0.325
0.75
0.25
0.675
5
0.225
0.675
0.9
0.925
0.75
2
0.12
0.5
100
0.63291
0.23182
0.58549
0.33019
0.76848
0.53375
0.53
0.67597
0.53505
0.91771
0.54
0.361
0.82038
0.3704
0.46094
0.9
0.01
0.58095
0.93042
0.75205
0.74212
0.74119
0.4
0.97161
0.77778
0.618
0.576
0.8338
0.66941
0.29676
0.325
0.10991
0.8903
0.95368
0.76641
0.99909
0.2588
0.86814
0.67627
0.96708
0.44
0.32968
0.97166
0.91496
0.90359
0.69455
0.35611
0.749
0.9724
0.92593
0.5
0.70371
0.93732
0.656
0.02564
0.14249
0.12879
0.02592
0.76864
0.075
0.1024
0.77641
0.99175
0.73234
0.62483
0.30561
0.30423
0.90119
0.7819
0.29908
0.15
0.1
0.967
0.11075
0.42448
0.70363
0.3
0.75743
0.81553
0.32669
0.8164
0.21875
0.99711
0.58
0.32925
0.92307
0.2881
0.91484
0.75218
0.2
0.70358
0.23151
0.25
0.22634
0.88924
0.08365
0.8642
0.5435
0.23363
0.66881
100
0.87359
0.76817
0.70742
0.29
0.49869
0.89206
0.70371
0.08515
0.08407
0.28161
0.00824
0.583
0.77641
0.17974
0.675
0.97131
0.025
0.32511
0.30544
0.8368
0.20252
0.32968
0.984
0.34951
0.155
0.24966
0.23151
0.79
0.489
0.7
0.27847
0.692
0.67079
0.25563
0.4796
0.02472
0.23926
0.138
0.749
0.5
0.91484
0.77778
0.37101
0.21466
0.32654
0.30031
0.1
0.76636
0.97161
0.87405
0.33058
0.634
0.56768
0.02592
0.11112
0.97441
0.03507
0.1981
0.30834
0.23457
0.97435
0.99076
0.2576
0.25103
0.75
0.23363
0.92307
0.66804
0.12338
0.2515
0.02564
0.75299
0.8338
0.97527
0.6
0.25099
0.99112
0.084
0.04971
0.98903
0.76848
0.88522
0.10837
0.775
0.8
0.3
0.55
0.1144
0.3704
0.67902
0.10066
0.96326
0.74454
0.19
0.97407
0.29757
0.73762
0.87
0.90035
0.90119
5
0.9
0.19602
0.8
0.5792
0.09961
5
0.25
0.075
0.7
0.225
0.925
100
0.6925
0.25099
0.23182
0.11329
0.51503
0.97531
0.74383
0.286
0.7433
0.107
0.75309
0.04827
0.89301
0.476
0.25545
0.08515
0.25926
0.11075
0.96678
0.66804
0.99716
0.32236
0.69548
0.7
0.325
0.3704
0.3613
0.784
0.412
0.688
0.4129
0.97407
0.77641
0.29908
0.22358
0.23151
0.59668
0.32925
0.66672
0.98
0.91484
0.76273
0.07692
0.89913
0.1
0.43477
0.23335
0.86401
0.02138
0.99711
0.99594
0.52378
0.99909
0.97527
0.90833
0.96797
0.20461
0.23363
0.66941
0.09684
0.74181
0.37
0.69517
0.775
0.00361
0.56606
0.91668
0.025
0.3
0.48536
0.99175
0.73301
0.11819
0.02838
0.54
0.749
0.74454
0.90119
0.69141
0.138
0.92307
0.75205
0.4
0.0963
0.13
0.92593
0.05782
0.075
0.92563
0.54352
0.8612
0.032
0.925
0.52336
0.9
0.27333
0.41128
0.554
0.99177
0.31404
100
0.42
0.30865
0.1235
0.03673
0.75218
0.92593
0.63072
0.74486
0.30042
0.70279
0.3703
0.92552
0.6617
0.7281
0.775
0.86608
0.91771
0.75
0.138
0.23183
0.59839
0.32925
0.032
0.98151
0.751
0.84068
0.91996
0.58537
0.1144
0.57993
0.99177
0.675
0.88924
0.025
0.7697
0.75302
0.69517
0.735
0.2881
0.59149
0.013
0.29641
0.749
0.77778
0.92307
0.41
0.2588
0.01224
0.7
0.61282
0.8642
0.423
0.3882
0.604
0.8072
0.50862
0.68
0.225
0.75343
0.84564
0.15853
0.683
0.67536
0.74119
0.06951
0.17703
0.02838
0.90124
0.36199
0.77061
0.70091
0.47
0.91634
0.96434
0.1
0.92217
0.00288
0.70358
0.66941
0.89758
0.74605
0.96326
0.91484
0.11075
0.5562
0.90655
0.98775
0.24966
0.40697
0.75033
0.38
0.99175
0.24738
0.23182
0.74454
0.18774
0.0988
0.89308
0.106
0.91496
5
0.656
0.9433
0.43
0.33
0.197
5
0.79974
0.72133
0.57787
0.80675
0.75697
2
0.00001
0.00009
64
0.97161
0.9
0.7003
0.5
0.11075
0.32236
0.70371
0.925
0.77778
0.1101
0.19949
0.37671
0.0777
0.24755
0.74486
0.02619
0.9892
0.30544
0.17997
0.97435
0.11229
0.76848
0.75205
0.8764
0.70091
0.93885
0.329
0.79445
0.11112
0.8642
0.25012
0.74212
0.90119
0.66057
0.75309
0.7
0.90124
0.1
0.76817
0.812
0.83242
0.78797
0.01224
0.6
0.75696
0.3649
0.07413
0.22351
0.92307
0.67074
0.6049
0.97407
0.25
0.577
0.70358
0.25835
0.4
0.3431
0.99
0.89301
0.23363
0.775
0.33058
0.70583
100
0.262
0.25
0.10278
0.589
0.36029
0.8642
0.34597
0.09663
0.13645
0.88935
0.2475
0.22358
0.0603
0.75205
0.98775
0.696
0.01224
0.382
0.075
0.10014
0.96708
0.99175
0.43776
0.26
0.35106
0.89271
0.02919
0.7
0.87795
0.37437
0.02472
0.75033
0.40656
0.44839
0.906
0.70595
0.09223
0.96607
0.225
0.88924
0.05355
0.92307
0.97161
0.04128
0.35
0.29767
0.2478
0.90119
0.74
0.25099
0.3505
0.25652
0.71221
0.749
0.8368
0.00288
0.96326
0.25926
0.33232
0.05048
0.58171
0.42
0.70358
0.9065
0.25545
0.30865
0.783
0.37808
0.29841
0.57947
0.67074
0.90124
0.70091
0.77778
0.23457
0.89718
0.00131
0.677
0.00824
0.8
0.24797
0.99
0.67902
0.839
0.32925
0.675
0.89169
0.325
0.23151
0.3704
0.55931
0.69426
0.91486
0.11112
0.24794
0.99711
0.3
0.775
0.02564
0.64
5
0.75
0.23151
0.075
0.925
0.24794
5
0.76636
0.025
0.25099
0.91634
0.075
57
0.9301
0.76934
0.76864
0.48093
0.23151
0.23363
0.29641
0.29911
0.24794
0.91963
0.11075
0.76945
0.97527
0.32028
0.70371
0.78447
0.9
0.77778
0.25545
0.7
0.97501
0.40073
0.64514
0.1235
0.48349
0.22512
0.24697
0.76955
0.22005
0.66941
0.88924
0.16
0.00824
0.16865
0.50927
0.69455
0.42
0.77349
0.08051
0.75007
0.01224
0.80126
0.025
0.74454
0.1
0.75035
0.8642
0.325
0.00288
0.3536
0.66
0.67902
0.58243
0.96
0.23061
0.2479
0.90199
5
0.0611
0.1
0.763
0.11112
0.2616
5
0.78806
0.88136
0.65141
0.58854
0.98539
5
0.25
0.775
0.925
0.75
0.3
54
0.7
0.29908
0.42
0.544
0.3647
0.89851
0.83192
0.67902
0.77641
0.18437
0.97501
0.22358
0.65131
0.77778
0.91374
0.04735
0.13906
0.225
0.76817
0.951
0.65813
0.96343
0.92307
0.325
0.01286
0.17626
0.25
0.76848
0.33058
0.96698
0.99547
0.8511
0.7298
0.90119
0.20753
0.32419
0.74285
0.67536
0.32135
0.3982
0.231
0.30591
0.03698
0.9
0.69455
0.8541
0.6
0.14352
0.03673
0.70091
0.66941
0.97527
0.19437
0.99696
5
0.36388
0.00806
0.38109
0.24721
0.52294
100
0.859
0.662
0.2
0.0058
0.62
0.74486
0.1235
0.596
0.915
0.3244
0.285
0.933
0.612
0.5
0.97
0.4949
0.94
0.9726
0.4064
0.732
0.78
0.1379
0.9053
0.89271
0.097
0.34
0.32927
0.74
0.0433
0.29727
0.9984
0.058
0.926
0.6238
0.4029
0.7318
0.02
0.0762
0.10837
0.33059
0.2157
0.7168
0.31
0.8253
0.5579
0.74111
0.6425
0.446
0.4497
0.737
0.25652
0.11112
0.37
0.248
0.043
0.99
0.9755
0.76864
0.1309
0.66947
0.512
0.229
0.99177
0.8677
0.5139
0.61
0.219
0.9
0.42
0.7914
0.4
0.7276
0.97531
0.571
0.961
0.95
0.92593
0.6762
0.739
0.2568
0.1208
0.27
0.6
0.2298
0.637
0.464
0.5586
0.5766
0.54
0.96708
0.75
0.46
0.66
0.3
0.72
0.8
0.8523
0.98893
0.1
0.7921
55
0.643
0.02592
0.9
0.5
0.28
0.67074
0.32511
0.025
0.70358
0.01876
0.07692
0.7
0.83467
0.6
0.91771
0.74383
0.62
0.24966
0.74212
0.46
0.74454
0.11112
0.92593
0.02472
0.02838
0.77778
0.17028
0.7819
0.402
0.81796
0.66083
0.321
0.8642
0.8953
0.80094
0.67902
0.975
0.0871
0.32925
0.11075
0.10844
0.075
0.97257
0.92307
0.2086
0.22361
0.75
0.13
0.70371
0.369
0.489
0.77641
0.81249
0.67895
0.11911
5
0.26774
0.92746
0.0497
0.1
0.36251
5
0.19898
0.34482
0.9231
0.4786
0.66215
5
0.3704
0.2373
0.2544
0.413
0.11112
60
0.91484
0.98775
0.7
0.0176
0.25099
0.66941
0.67902
0.70091
0.95231
0.2485
0.37752
0.29641
0.755
0.70371
0.03673
0.3
0.30576
0.4
0.01224
0.25616
0.46
0.1
0.78948
0.74445
0.77778
0.142
0.9288
0.961
0.30042
0.67074
0.25215
0.08
0.4918
0.74212
0.92502
0.8012
0.87579
0.03183
0.075
0.22591
0.74119
0.25926
0.08365
0.77473
0.33173
0.25
0.77248
0.90856
0.19748
0.90124
0.99175
0.9856
0.23363
0.33058
0.9
0.99909
0.8236
0.83894
0.52343
0.97441
100
0.003
0.2925
0.3035
0.99177
0.402
0.88
0.61
0.428
0.8642
0.7922
0.6474
0.58
0.568
0.43
0.09
0.71
0.70005
0.058
0.29676
0.0072
0.678
0.04
0.401
0.7659
0.29
0.112
0.5768
0.77778
0.0159
0.75279
0.2
0.7816
0.76864
0.3348
0.4281
0.5298
0.3102
0.59
0.506
0.97531
0.735
0.586
0.67902
0.87
0.85
0.77
0.799
0.283
0.738
0.4039
0.256
0.5064
0.174
0.013
0.2787
0.3
0.5751
0.98
0.139
0.5258
0.64
0.32511
0.41
0.886
0.5
0.07
0.446
0.25926
0.26
0.89851
0.11112
0.8
0.3704
0.76
0.7
0.307
0.121
0.5519
0.1205
0.005
0.8918
0.4
0.207
0.23
0.62
0.6645
0.9
0.21
0.9586
0.072
0.2307
0.1
0.78
0.803
0.67
0.66713
0.96
0.0289
0.594
0.6
100
0.50973
0.07692
0.75866
0.21784
0.23966
0.075
0.64732
0.93932
0.225
0.75033
0.9
0.25099
0.61835
0.42882
0.975
0.38538
0.76008
0.70358
0.36117
0.91634
0.10107
0.92307
0.90119
0.09683
0.02564
0.25
0.29908
0.04063
0.69455
0.41558
0.97527
0.02838
0.03673
0.3
0.23972
0.749
0.22358
0.54781
0.00288
0.08515
0.80509
0.40824
0.55145
0.37938
0.24966
0.88232
0.76848
0.22473
0.33058
0.06717
0.17635
0.78985
0.21572
0.23151
0.23675
0.02472
0.29258
0.02592
0.29641
0.7
0.76636
0.23363
0.66441
0.31532
0.75
0.36302
0.02307
0.025
0.99196
0.23924
0.08365
0.00824
0.97435
0.30544
0.325
0.97407
0.91484
0.32925
0.25616
0.01224
0.70091
0.1
0.74454
0.67074
0.23165
0.99175
0.53857
0.11075
0.24794
0.47814
0.74383
0.925
0.43104
0.63474
0.23182
0.675
0.77641
0.25545
0.76817
0.775
5
0.14
0.53
0.1
0.987
0.98
66
0.06505
0.83193
0.675
0.29767
0.412
0.872
0.30922
0.95179
0.29641
0.749
0.178
0.24799
0.97161
0.82952
0.42336
0.23151
0.3
0.1194
0.08515
0.48385
0.0258
0.11112
0.23457
0.70371
0.1156
0.62025
0.8642
0.08365
0.26133
0.14952
0.29911
0.96302
0.77778
0.66947
0.11075
0.75309
0.25099
0.34
0.075
0.5032
0.74383
0.18984
0.58385
0.05589
0.8
0.30544
0.4793
0.97407
0.025
0.0988
0.6
0.41818
0.819
0.74454
0.66941
0.70091
0.99726
0.24697
0.48
0.10258
0.31861
0.9
0.7
0.96708
0.56616
0.24794
