50
3
1 2147483647 2147483647
5
3 4 7 4 3
5
2 10 2 10 5
3
1 1 2147483647
63
1359826055 810102527 1335245114 1249924373 294261212 1040826518 500705754 1335245114 1737719486 1663821747 1236097277 1847068264 499895403 395916465 777375122 1094745716 835671282 835671282 1663821747 395916465 1161901557 1408420950 883871362 499895403 1379974773 1830882631 1249823322 819511737 1847068264 1830882631 159459059 647394782 1161901557 647394782 819511737 1040826518 133331111 1246395477 1236097277 1102257557 1094745716 883871362 159459059 777375122 1246395477 810102527 1249924373 1738493996 1738493996 308668725 1102257557 294261212 1408420950 1737719486 1975159976 1249823322 913186280 500705754 913186280 133331111 1359826055 308668725 1379974773
5
3693 7005 3693 133 133
31
8008 394 7886 2477 1334 3655 3056 3261 7989 7128 7908 8494 9908 3583 7886 3261 8494 1334 2477 7128 3655 805 7908 394 3017 805 9908 7989 3583 3056 8008
41
27 8350 2445 5598 1920 5270 3012 4923 7935 7767 6557 9137 7935 2620 5270 6343 8350 7767 7420 2445 4052 4052 7420 6820 1920 1446 6820 6343 9391 5366 3012 9137 5598 9673 9673 9391 1446 2620 5366 6557 27
57
2415 3407 1434 7830 2212 2252 3407 2842 4730 3713 648 5384 4730 9017 2842 1434 7830 9585 6205 5545 1832 6417 2530 5384 4539 3713 962 3976 2530 9927 9633 8051 2252 8215 4357 6417 2415 2212 8215 9017 4357 648 9143 9927 67 3976 9585 9143 9511 5545 67 1832 962 8051 4539 6205 9633
59
3290 2142 7777 3912 7224 2142 8026 7989 4935 4223 6688 748 5388 2891 2729 4182 4770 7781 3770 7056 8026 2975 3290 2510 7777 2038 3489 3912 7056 3770 2510 3489 725 2975 9281 4223 725 2891 6230 5867 4770 6688 748 94 5388 2229 1135 2729 94 4935 4182 7224 7989 6230 2229 2038 9281 7781 5867
17
3785 318 9000 3648 1014 3660 6356 6356 1014 3648 3660 7537 9000 2570 318 2570 7537
53
6273 7404 2123 9604 7359 4844 37 6353 5956 7421 6353 7421 2363 2296 5315 5860 8053 2296 1159 4534 5534 7359 6408 744 8959 4534 6971 2363 1159 5956 4611 2123 5315 4611 8959 1204 2551 37 744 6971 2500 4076 2551 7404 5860 4844 5534 6408 1204 6273 8053 2500 9604
95
202 3204 1309 6341 3253 2317 1410 8955 6572 8365 1383 8365 5078 6572 3606 4152 5618 4152 5053 5618 9746 4060 2350 8955 3204 5956 8235 3757 2053 3672 5956 2513 4169 4888 2194 4060 3105 5078 5933 6317 6317 4673 5933 4169 5877 8221 3757 9746 3769 4472 4673 7934 6288 4863 8235 5162 2513 5162 3105 8442 9160 5877 8442 2350 202 1383 7946 2194 3606 5521 1410 4888 4472 5053 5521 1309 7934 8436 6341 1904 3639 3639 2317 4863 8436 7646 3672 3253 6288 8221 7946 3769 2053 9160 1904
93
9 2372 8369 7628 6639 4210 7815 4210 6170 6321 6647 6914 4909 4934 4202 4909 9202 7690 7690 9404 1582 8595 2256 7815 306 1924 9816 6082 974 974 2490 6476 6938 6914 6082 9404 9816 2490 1644 1924 4202 403 8595 6938 4562 6439 4562 3296 9202 9 5665 5616 6647 2896 5665 306 4125 967 6993 6639 967 4934 4007 6439 7628 6993 3928 280 403 3767 2256 6170 6670 3773 9119 8369 1644 3767 5167 2896 4125 6321 1582 6476 3928 4007 6670 5167 280 3296 9119 3773 2372
11
5605 8599 8599 5605 4720 4720 9222 1868 9222 3754 1868
13
8233 8742 8233 6096 7043 4271 6096 5398 5398 3143 4271 8742 3143
75
7674 9245 1345 9356 1604 1604 4997 7805 3406 6997 9513 3173 7606 3406 7805 3380 3862 1509 1463 7545 7297 4997 6997 7631 6219 1118 3862 1077 2840 4466 30 4467 4203 4467 7864 7545 7631 7823 91 1345 4466 8466 7712 9513 7823 9406 8466 1463 4203 7606 3590 411 7864 7712 1918 7297 6219 9406 91 3380 9245 1918 4742 1118 7674 6712 9356 30 3590 6712 2840 1077 1509 3173 411
85
8149 2658 8430 6044 4599 8063 4669 1850 6202 3506 9858 8376 8293 5024 4504 861 861 9082 4599 609 1950 5750 2927 5517 8820 6100 8063 5750 5517 4802 8204 796 6929 8998 8610 9122 4504 8149 6044 8770 4297 5215 1850 9566 8770 8610 6202 4297 4669 7528 2658 4706 6807 9566 6929 2394 6100 7528 7102 3164 3506 9858 6807 4706 3023 9122 8376 3164 8430 8998 796 7102 2927 1950 4802 8820 2394 9082 5215 8204 609 8293 3023 9011 9011
73
3215 2490 3339 6342 4383 6315 4776 9652 3215 9334 5124 1284 9041 2198 9669 3116 2490 9741 5686 867 867 3902 5686 2399 4776 6315 9041 5411 8678 3190 8823 5124 9334 9741 656 690 2399 6003 8678 3577 8991 9652 7959 9769 3577 2733 3576 2733 9193 6342 690 3902 6003 1897 5411 1897 3116 5356 5356 7959 9769 4383 1335 2198 656 3339 3190 9193 3576 1284 1335 9669 8823
27
2814 7862 3238 7453 6990 7862 5012 5012 7252 5748 3238 2085 4129 7453 4129 1771 7252 3184 9556 3184 5748 9556 2814 1825 1825 1771 2085
31
7024 9701 7024 8264 4464 4464 5890 9701 1628 962 2769 9138 752 510 2769 752 5795 510 1334 5890 8821 6996 4079 9138 8264 962 5795 1628 4079 8821 1334
41
7921 5970 1905 150 6181 4189 4565 6763 7921 860 5853 7542 4149 5970 4125 8860 6320 2907 2312 7542 2907 150 860 2312 8695 6763 6181 6320 8605 5853 4593 8695 1905 4149 4125 4593 8860 4189 4703 8605 4703
47
9897 7694 977 8369 9897 9132 6392 8443 4406 5146 9303 6768 3702 472 7694 6891 3556 7687 1437 9303 4599 977 3930 3702 4406 1284 7687 6891 8354 1437 2301 1683 2301 4599 1683 1284 472 8354 3556 3388 6392 9132 6768 8369 8443 3930 3388
95
1267 8693 4843 2354 4794 4395 8616 4425 4336 959 8516 2697 5398 8107 3671 2714 5398 7924 6711 7561 4794 8182 6109 1267 7290 6109 8693 6783 278 7924 6783 5841 7456 1769 250 5841 2714 6711 7290 2354 7456 5211 8182 444 7562 8516 8616 7562 4268 897 8759 7513 5281 8144 1906 3920 7561 4839 8385 5521 7513 959 4816 4839 4249 5211 3671 4816 1245 8144 8759 2765 3920 897 2697 2765 444 4425 8107 4843 1245 8385 7480 4395 1769 474 4336 7480 5281 5521 474 250 278 4268 4249
41
9146 4043 9911 7169 5082 6260 8419 147 3832 8163 703 6260 5082 1614 558 9361 4422 5160 558 8473 1614 703 9490 302 7607 9911 8163 3832 9361 8419 8473 8502 302 7607 8502 5160 4043 9146 9490 4422 147
45
7237 1565 5815 3909 2773 2565 7018 5107 3909 7018 5076 2503 2773 9755 9858 1565 5107 5815 2503 9090 9044 1340 6893 5076 5639 1164 5639 9543 9858 1340 8759 8759 2565 891 7237 4264 9044 3712 4264 9755 1164 9090 3712 9543 6893
53
6251 5575 7084 8567 7829 5092 267 1516 5085 7829 9208 5575 9557 2805 4084 7667 98 9557 3067 9629 5085 267 287 6662 9208 1146 9629 6251 7084 652 4006 2115 7232 287 4285 1516 98 2797 7232 829 7667 1146 652 8567 4285 829 2805 4006 5092 2115 4084 3067 2797
17
5091 343 8744 7928 7928 2766 8744 6009 5091 3335 7440 6009 7440 343 2766 6091 3335
23
751 9779 5808 1222 1679 1679 3670 3689 5014 4552 3689 5014 751 7917 9779 3670 8049 5808 7375 7375 1222 7917 4552
9
3781 3781 15 918 2415 2415 918 5596 5596
15
6774 7621 7621 6177 9714 7635 9714 4483 6774 6177 4812 4483 8639 4812 7635
29
8713 5026 5026 5086 2427 9589 8451 2121 8675 8999 2427 568 568 7534 1066 6853 8675 6853 7534 8713 2121 5086 2721 5549 9589 5549 1066 8999 2721
87
6363 7909 1148 5988 8741 457 9355 6986 720 2433 7802 7802 1863 6000 457 9559 2011 5988 3586 2751 2996 2495 2455 585 9355 585 8672 399 7650 5953 4904 7650 3586 2877 8709 2011 8321 8672 9637 8021 8741 4524 9637 6986 5051 4524 1241 2433 1241 6363 4904 4200 1148 4200 9559 4418 5855 2495 5051 4602 3496 8304 3496 1863 4418 8709 3159 720 7909 4602 2996 8304 7009 7271 5855 2077 399 8021 2751 7271 5953 6000 3159 2877 8321 2077 2455
51
1726 9315 1204 3242 5409 4694 1473 5144 4911 5409 4337 9564 3128 2322 8290 6006 7722 8635 9992 2439 4510 6010 230 7722 6010 230 2439 3721 5559 4911 4694 9315 5559 3721 6006 8635 8290 2322 6427 1204 9564 6427 1409 1409 5144 4510 1726 3128 9992 4337 1473
19
7439 9914 9634 3305 8377 1681 3948 1051 3308 6265 1681 3308 9634 3305 7439 8377 6265 9914 3948
31
3550 2254 8113 9768 1545 2257 789 6060 1917 1845 2257 2254 789 9310 5559 8113 4817 3170 6146 6060 1545 9310 5559 3396 1845 1917 4817 9768 6146 3550 3396
53
2051 4237 2565 8468 1883 4081 3822 897 9534 9961 6776 1872 6380 5160 5514 4462 1094 9534 1631 4237 3822 8007 6776 4462 2051 9370 1631 1872 2565 9370 5514 9961 6380 8893 8893 472 2416 755 767 4870 8468 8007 1094 767 4870 1609 472 1609 2416 5160 755 897 1883
17
5872 5750 1293 2080 5286 9464 3955 4639 2080 1293 5286 9509 4639 5872 5750 9464 3955
77
7631 5004 6399 4057 4820 2150 4466 9164 2627 8496 7568 8338 1409 179 7686 9494 2128 1685 3025 2627 9494 8338 4057 8496 3317 3066 1409 7692 7131 1265 2795 9987 9164 9987 7966 5141 2795 3701 2051 2889 4497 3025 7686 7131 6399 4820 1685 4466 4497 2150 2128 5141 176 1773 2889 3066 7692 7631 693 3701 641 9508 1773 176 4513 641 5004 662 2051 3317 4513 179 7966 7568 662 9508 693
55
6361 3829 489 1160 4434 8083 5917 9252 8520 7308 8083 4434 4279 7308 3041 2720 2634 7790 4369 9252 2361 1160 8520 2361 1198 3968 4279 7790 2634 4007 4034 8133 7164 3774 3212 3829 3968 7164 8813 4034 6361 9368 1198 8813 3774 489 8133 9368 4369 3041 6987 6987 5917 2720 4007
11
9006 8978 7769 1422 1422 1172 4545 7769 4545 1172 8978
69
7019 7229 2575 5969 3647 9155 1741 1465 2575 212 8316 4801 3628 3628 212 8316 6397 4679 3188 468 9155 1799 8029 7720 7038 8318 7229 4140 8583 3200 3188 8192 7019 7843 4679 3200 9607 5969 3053 2543 1799 3147 8720 4140 4801 8029 2543 3147 4966 7038 7843 1465 3722 8192 7720 9607 468 6397 8583 1741 4966 3647 8619 8720 8619 3053 8271 8271 3722
67
9765 4047 2230 7098 1015 7016 2219 9378 9405 7774 9159 7098 6797 4693 5203 6273 1015 1931 255 1931 1425 4693 4423 2598 8700 5048 7774 9234 2598 8700 4423 9378 9193 9234 9765 1425 5931 7016 5906 9971 5906 8959 6797 4047 9971 1078 8959 9429 9193 9159 7481 255 3179 5203 2219 2879 6273 5931 9429 1078 2879 2832 7481 2832 5048 3179 9405
83
2859 5290 53 4258 7516 4432 3072 132 2666 7346 7998 4160 4373 2681 6807 3003 5627 3027 6797 7736 9815 1260 1778 4258 8271 6363 5290 4863 2681 1437 3455 2450 132 9815 5627 2666 8630 5753 2133 1778 1260 6202 7516 7998 1017 8630 4863 9820 1831 1437 8271 6285 2133 1017 6202 6807 1358 4432 6797 4160 3455 832 3072 1214 5753 7736 2450 5633 5964 4373 6363 9820 2859 1214 3027 3003 832 5964 1358 5633 53 6285 1831
97
4235 2512 5230 4860 415 99 1040 8396 2125 99 2125 4724 4514 947 415 843 206 3845 5230 8964 4514 1525 8224 2395 4964 7301 1537 8224 8627 4711 5126 7020 8627 2301 8964 5126 9142 3879 7020 1525 5341 9413 4711 3879 6714 13 1704 6041 4235 6408 13 9080 1704 7301 5341 1537 1492 4964 9005 3540 5555 6379 206 4497 1815 8227 1492 4724 5555 5364 3845 1040 9413 1815 843 3971 3971 178 2395 6408 4497 178 4860 9005 9080 4616 8227 6041 3540 2512 2301 6379 4616 5364 9142 6714 947
5
8267 6504 8267 8985 6504
23
1254 1275 604 6547 1254 1588 1263 8603 9627 8603 6547 500 500 3649 3649 699 6105 1263 1588 6105 9627 699 1275
75
3425 5627 638 6520 2052 9687 6807 5627 7233 900 1516 6787 5505 7102 8780 9203 399 3130 711 6807 6983 7233 2203 9969 1237 658 5147 3630 3241 5515 8386 8780 3630 339 7579 766 5756 2116 1516 3618 7579 9687 3425 9969 3618 2116 2495 638 3130 4654 3078 339 2495 6520 5147 658 9203 4654 3078 3241 399 1868 8386 6787 2203 900 5505 711 5756 1237 7102 2052 6983 766 1868
5
3498 6391 3498 8863 8863
33
6280 6159 3445 8065 9808 4583 2420 5695 9808 4494 3445 3730 6159 4494 6529 7927 4583 8065 2420 5695 5285 6280 1403 4470 4470 8184 3730 5285 6529 1403 4961 7927 8184
