100
7 13 30
7 84 38
7 10 99
5 68 1
4 84 46
3 85 21
4 13 21
10 32 21
6 35 15
10 10 8
5 60 41
7 60 73
2 32 62
3 71 3
7 66 91
8 57 2
8 29 79
8 59 6
2 50 59
4 6 49
3 30 32
6 55 74
7 80 87
1 89 0
10 97 20
1 45 7
8 17 24
8 88 7
7 86 70
10 64 18
2 51 59
1 50 95
2 50 85
5 90 59
5 21 16
2 50 70
2 81 33
6 0 0
7 15 2
5 0 100
6 10 33
7 8 35
10 4 40
10 46 57
7 4 92
1 25 15
4 88 16
7 85 96
10 55 23
1 100 100
5 100 0
2 50 100
4 75 55
2 62 81
1 50 51
2 75 49
10 98 78
2 50 0
2 4 50
3 7 64
10 27 6
8 81 42
9 28 95
10 47 42
10 59 18
4 32 91
5 14 75
1 60 66
10 35 72
10 70 99
4 80 95
7 6 55
1 28 100
4 26 9
1 16 7
10 96 0
4 80 4
10 82 44
10 16 15
5 25 77
10 69 30
10 30 55
4 75 81
10 95 94
5 55 89
3 22 23
2 77 33
3 75 53
1 50 38
5 80 48
1 33 89
7 90 67
3 27 89
4 90 80
7 75 80
5 58 67
3 75 21
9 39 20
2 80 2
3 87 95
