For 10 problems, 4 possibilities:

  0.0 0.05631351
 10.0 0.18771172
 20.0 0.28156757
 30.0 0.25028229
 40.0 0.14599800
 50.0 0.05839920
 60.0 0.01622200
 70.0 0.00308990
 80.0 0.00038624
 90.0 0.00002861
100.0 0.00000095
Total probability 1.0000000
Expected score 25.0000000


For 20 problems, 4 possibilities:

  0.0 0.00317121
  5.0 0.02114141
 10.0 0.06694781
 15.0 0.13389562
 20.0 0.18968545
 25.0 0.20233115
 30.0 0.16860929
 35.0 0.11240620
 40.0 0.06088669
 45.0 0.02706075
 50.0 0.00992228
 55.0 0.00300675
 60.0 0.00075169
 65.0 0.00015419
 70.0 0.00002570
 75.0 0.00000343
 80.0 0.00000036
 85.0 0.00000003
 90.0 0.00000000
 95.0 0.00000000
100.0 0.00000000
Total probability 1.0000000
Expected score 25.0000000