100
2 4 1
889 510 186
41 634 30
513 513 2
895 988 490
3 2 1
2 4 4
513 513 1
2 2 2
811 958 904
1 1 1000
96 133 482
936 898 288
4 2 2
450 974 286
680 409 527
119 885 67
666 215 20
512 512 513
310 42 26
528 885 470
317 992 154
589 550 628
540 531 804
995 93 636
5 1 5
701 221 322
4 1 1
743 187 187
844 250 608
2 2 3
420 135 93
875 446 881
513 513 257
512 512 256
512 512 2
945 29 11
667 52 37
1 1 1
302 447 84
267 256 256
965 892 949
587 450 707
4 5 2
444 49 12
546 921 500
192 776 605
1 4 1
3 2 3
512 512 257
723 981 334
866 482 542
217 735 9
131 325 45
639 424 925
674 868 885
251 491 131
41 567 37
1000 1000 1
121 369 964
4 4 4
67 330 41
871 945 53
2 3 5
903 429 598
203 12 3
979 748 782
513 513 512
793 786 561
535 555 745
2 5 2
103 143 88
582 999 562
3 2 4
1 2 5
666 127 113
3 2 2
1 3 4
289 937 100
5 2 2
136 2 646
1 2 4
539 574 380
331 317 984
45 56 35
904 38 587
566 504 622
454 712 740
746 507 494
1 4 1
3 4 2
705 847 71
32 29 9
751 915 364
512 512 1
7 8 5
147 339 855
513 513 256
819 764 23
850 986 64
