100
5 8
13800
54608
29894
99334
24078
1 4
4 5
3 5
1 5
1 3
1 2
3 4
2 3
7 17
47997
50018
59894
68913
49791
67668
26286
5 7
2 3
3 7
1 6
1 2
2 7
2 6
1 7
4 7
4 6
2 4
1 4
5 6
6 7
2 5
1 3
4 5
2 1
81095
35846
1 2
8 10
93898
73295
56345
70945
37585
86773
86632
93311
4 8
3 8
1 3
1 6
3 4
2 5
1 2
2 7
4 7
7 8
6 6
10001
10002
10003
10004
10005
10006
1 2
1 6
2 3
2 4
3 5
4 5
1 0
90899
4 5
41095
39863
74402
80136
3 4
1 3
2 4
2 3
1 2
7 20
19534
92521
63254
51966
50582
68151
85516
2 3
1 3
3 4
1 4
3 5
2 4
5 6
1 2
1 6
3 7
2 6
6 7
1 7
3 6
4 5
1 5
2 5
2 7
5 7
4 6
7 11
24887
58142
90511
37163
54404
34998
52399
1 2
5 6
4 7
1 3
2 6
2 5
2 4
6 7
3 5
3 4
2 7
1 0
87358
6 12
63077
15827
97328
60787
75114
71913
2 4
3 4
2 5
4 5
2 3
4 6
1 2
3 6
3 5
1 6
2 6
1 3
8 13
74137
96278
53742
70819
38097
98909
32048
68770
5 6
5 8
1 2
4 7
1 5
1 3
2 5
6 8
7 8
2 7
3 7
6 7
2 4
6 5
95189
55777
66992
43209
67191
69357
1 3
3 4
1 5
1 2
5 6
4 4
87514
17707
45594
60992
1 3
3 4
2 4
1 2
7 7
76249
88171
18707
16261
63744
93587
42260
2 4
3 6
1 4
3 5
1 3
1 2
1 7
4 4
10001
10002
10003
10004
1 2
1 3
2 4
3 4
5 8
14625
44809
27120
64817
79483
2 5
2 4
1 4
3 4
1 3
4 5
2 3
1 2
4 4
89046
23461
26735
79433
1 4
1 2
2 3
1 3
3 2
96721
81983
34799
1 3
1 2
6 7
10001
10002
10003
10004
10005
10006
1 2
2 3
1 4
4 5
3 5
3 6
2 6
2 1
76670
10301
1 2
8 9
10001
10002
10003
10004
10005
10006
10007
10008
1 3
3 5
5 7
1 7
2 4
4 6
6 8
2 8
3 4
8 12
80420
68057
25106
44846
76586
52863
84284
20885
2 6
1 2
3 7
3 4
3 5
6 7
2 3
5 7
2 4
6 8
1 7
4 7
3 2
10001
20000
10000
1 2
2 3
4 3
30544
53523
10218
61294
2 3
1 2
1 4
2 1
31607
38160
1 2
3 2
82654
46537
49404
1 2
1 3
2 1
26036
58367
1 2
4 4
58916
62519
10461
29440
1 2
1 4
3 4
2 3
6 8
35939
79068
14872
89213
27586
96403
1 2
4 6
2 5
2 4
2 6
1 6
1 3
3 6
3 2
45117
53200
93031
1 2
1 3
8 28
10001
10002
10003
10004
10005
10006
10007
10008
1 2
1 3
1 4
1 5
1 6
1 7
1 8
2 3
2 4
2 5
2 6
2 7
2 8
3 4
3 5
3 6
3 7
3 8
4 5
4 6
4 7
4 8
5 6
5 7
5 8
6 7
6 8
7 8
5 6
10001
10002
10003
10004
10005
1 2
2 5
3 5
1 3
1 4
2 4
6 11
91968
83514
66038
28316
47912
20456
1 2
3 5
1 3
2 4
5 6
1 6
2 5
3 6
2 3
4 5
4 6
6 12
87717
19317
62370
60325
26178
88390
1 2
2 4
1 3
1 6
3 5
5 6
4 5
3 4
2 3
2 5
1 4
1 5
2 1
52321
77374
1 2
7 9
27908
79732
72189
58356
80059
69705
51966
5 6
1 2
5 7
3 7
2 3
1 4
2 5
1 6
3 4
3 2
41732
58358
55782
1 2
2 3
4 5
20104
76631
20963
82592
3 4
1 2
1 4
2 4
1 3
2 1
10001
10002
1 2
3 2
35878
47894
21829
1 3
1 2
5 7
76900
10230
87757
18959
45284
1 3
2 3
1 2
2 5
1 4
3 5
3 4
5 5
45504
78103
64582
13974
89700
4 5
2 3
1 4
1 2
2 4
1 0
47392
3 2
67995
47638
96321
1 3
1 2
8 21
87497
14107
75230
97690
76181
43128
12001
21794
2 4
3 5
1 5
4 6
3 6
2 6
5 7
2 3
3 4
1 3
5 8
5 6
1 2
6 8
1 7
1 4
2 8
2 7
3 8
1 6
7 8
7 10
90123
61141
84298
74441
13194
16250
91049
3 6
1 4
3 7
2 3
1 2
4 5
5 7
1 6
5 6
2 7
3 2
82808
18640
81965
1 2
2 3
1 0
10826
1 0
84406
5 4
10001
10002
10003
10004
10005
1 4
1 3
3 5
2 5
6 9
76623
17683
70182
45949
60398
46336
3 4
4 5
3 5
2 4
1 2
2 5
1 6
2 6
1 3
3 2
94662
12248
30289
1 2
1 3
6 7
40405
44824
57029
34271
58883
92623
3 6
3 5
1 4
2 3
4 6
1 2
3 4
1 0
52801
5 4
36642
28444
50012
29651
10953
1 4
2 3
2 5
4 5
6 6
10001
10002
10003
10004
10005
10006
1 2
2 3
1 4
4 5
3 5
3 6
5 7
91420
87473
73933
53168
79887
3 4
1 5
2 3
1 3
3 5
1 2
2 4
2 1
55018
88062
1 2
6 11
84186
17107
73643
54509
20293
35546
3 4
4 5
2 5
4 6
1 4
1 6
1 2
3 5
2 6
2 3
3 6
7 9
44387
17557
83652
43363
15525
64711
62561
2 4
5 6
1 2
2 3
1 7
4 5
1 3
3 6
3 7
5 9
88041
48944
47007
16207
48202
4 5
1 5
2 5
3 4
1 2
2 4
1 3
3 5
1 4
2 1
57869
64426
1 2
5 7
90859
46329
67355
94044
37093
1 3
1 4
2 5
1 2
2 3
3 4
1 5
7 7
43385
20193
72074
67898
97958
39261
48189
3 4
5 7
1 5
1 3
2 6
1 2
2 3
6 5
10001
10002
10003
10004
10005
10006
1 5
1 2
2 3
2 6
4 6
3 2
67564
68546
91578
1 3
1 2
6 13
50538
56488
17262
99055
21374
59928
1 3
2 3
3 5
2 5
1 6
2 6
2 4
1 2
1 4
3 4
4 5
5 6
3 6
3 2
90982
31938
74490
1 3
1 2
3 2
89549
55688
72008
2 3
1 2
1 0
96278
7 16
30978
20687
71965
57513
86580
87406
90684
1 2
1 3
3 5
2 4
3 7
2 7
1 6
3 6
1 5
1 4
2 5
4 5
2 3
1 7
4 7
2 6
6 6
31952
20256
31121
36824
15821
48707
3 4
3 5
2 6
1 3
1 2
1 6
4 3
46682
72625
82565
75480
1 2
1 3
3 4
8 13
10001
10002
10003
10004
10005
10006
10007
10008
1 3
1 5
1 7
3 5
3 7
5 7
2 4
2 6
2 8
4 6
4 8
6 8
3 4
7 16
96195
49344
63858
74663
33871
56440
34843
2 7
3 6
3 5
4 5
1 4
2 4
3 4
5 6
2 5
1 3
4 7
5 7
1 6
1 2
2 6
6 7
1 0
83136
5 8
77571
26163
66120
90958
31174
4 5
2 5
1 3
1 2
3 5
1 5
1 4
3 4
5 6
86230
53827
16654
70704
10366
2 5
1 2
1 5
4 5
3 4
2 3
4 3
10001
10002
10003
10004
1 2
1 3
2 4
5 6
13201
17154
69942
30309
59077
2 3
1 2
3 4
1 4
1 3
3 5
3 2
54785
29874
15352
1 2
1 3
7 20
31598
68827
75587
61606
57054
71576
77478
1 6
6 7
1 4
1 5
3 7
5 7
1 7
4 7
5 6
1 3
2 6
4 6
3 5
2 3
3 4
3 6
2 5
1 2
2 4
2 7
3 2
30758
15789
73381
1 2
1 3
1 0
10001
5 4
44298
12166
49508
76329
40320
2 4
2 3
2 5
1 2
8 13
91979
98254
95045
64815
58771
77549
58923
25617
1 7
6 7
2 5
2 4
3 8
3 6
1 2
6 8
2 3
5 8
3 5
1 3
7 8
4 3
52979
75610
84825
53240
2 3
3 4
1 2
4 5
85842
40382
75058
67423
1 2
2 3
1 4
2 4
3 4
7 12
15434
31207
95103
15830
64653
76396
43187
2 3
3 5
2 6
1 4
1 7
3 7
1 3
2 7
1 2
5 7
6 7
1 5
5 5
56598
92700
49632
75359
38479
1 4
2 4
1 2
2 3
3 5
5 5
36642
28444
50012
29651
10953
1 2
1 4
2 3
2 5
4 5
7 6
44872
60120
11062
59180
94750
37693
91836
2 4
1 7
2 6
1 2
2 5
1 3
5 7
71763
81239
44526
33544
60303
1 5
2 3
1 2
1 4
1 3
2 5
4 5
8 27
14269
22824
46428
14089
29745
31353
60495
81656
6 7
3 6
5 8
6 8
3 7
2 4
3 5
2 5
4 7
2 7
1 6
5 7
1 2
5 6
4 6
3 4
1 3
1 8
4 5
1 7
1 4
1 5
2 3
4 8
7 8
3 8
2 6
7 9
40269
12524
29451
49041
76759
61500
20615
2 5
1 4
3 6
6 7
5 7
2 4
1 2
4 7
1 3
1 0
91478
5 8
74123
27447
97388
99626
10455
4 5
1 4
3 5
2 5
1 3
2 3
1 2
3 4
8 15
86371
18971
50767
62542
29685
78212
32783
56067
2 3
3 4
3 6
6 7
5 8
1 2
1 8
1 4
3 5
5 6
4 5
4 8
3 8
4 7
2 5
7 16
80779
95930
90776
77250
49088
93675
96899
5 7
2 7
6 7
1 7
1 3
3 6
2 5
1 2
4 5
3 7
1 6
4 7
2 3
1 4
5 6
3 5
